# Tue 22:35:37 07-Sep-2021
begin	identify iazcomp.0010 - Ap 10
	id	iazcomp.0010
	task	identify
	image	iazcomp.0010 - Ap 10
	aperture	10
	aplow	1070.02
	aphigh	1078.09
	units	Angstroms
	features	51
	         11.68 4483.34399  4483.3468   4.0 1 1 
	         60.41 4481.81013  4481.8107   4.0 1 1 
	        128.70 4479.64262  4479.6376   4.0 1 1 
	        161.49  4478.5941  4478.5958   4.0 1 1 
	        265.90 4475.22214  4475.2214   4.0 1 1 
	        280.06 4474.76093  4474.7594   4.0 1 1 
	        394.75 4470.99091  4470.9906   4.0 1 1 
	        438.80  4469.5265  4469.5253   4.0 1 1 
	        474.90 4468.31933  4468.3208   4.0 1 1 
	        563.23 4465.33985  4465.3406   4.0 1 1 
	        612.37 4463.66597   4463.666   4.0 1 1 
	        674.65 4461.52797  4461.5278   4.0 1 1 
	        702.81  4460.5552  4460.5574   4.0 1 1 
	        755.03 4458.74147  4458.7384   4.0 1 1 
	        776.26 4458.00021  4458.0015   4.0 1 1 
	        798.21 4457.23145  4457.2362   4.0 1 1 
	        885.65 4454.14663  4454.1392   4.0 1 1 
	        930.09 4452.56472  4452.5655   4.0 1 1 
	        979.40 4450.79793   4450.804   4.0 1 1 
	       1014.90 4449.51899  4449.5206   4.0 1 1 
	       1032.59 4448.87932  4448.8792   4.0 1 1 
	       1061.42 4447.83382  4447.8346   4.0 1 1 
	       1078.05 4447.22887  4447.2296   4.0 1 1 
	       1114.46 4445.89941  4445.9012   4.0 1 1 
	       1138.23 4445.02843  4445.0338   4.0 1 1 
	       1175.16 4443.66925  4443.6657   4.0 1 1 
	       1190.93 4443.08694  4443.0863   4.0 1 1 
	       1230.72 4441.61265  4441.6084   4.0 1 1 
	       1250.75 4440.86755  4440.8659   4.0 1 1 
	       1258.63 4440.57371  4440.5737   4.0 1 1 
	       1277.22 4439.87972  4439.8793   4.0 1 1 
	       1288.37 4439.46278  4439.4614   4.0 1 1 
	       1297.37 4439.12579  4439.1237   4.0 1 1 
	       1307.41 4438.74931  4438.7464   4.0 1 1 
	       1353.96 4436.99725  4436.9961   4.0 1 1 
	       1372.88 4436.28257  4436.2844   4.0 1 1 
	       1437.21 4433.83881   4433.838   4.0 1 1 
	       1446.24 4433.49421  4433.4907   4.0 1 1 
	       1460.16 4432.96225  4432.9628   4.0 1 1 
	       1478.70  4432.2525  4432.2523   4.0 1 1 
	       1511.39 4430.99673  4430.9963   4.0 1 1 
	       1532.35 4430.18881   4430.189   4.0 1 1 
	       1640.19  4426.0001  4426.0011   4.0 1 1 
	       1670.07 4424.82994  4424.8373   4.0 1 1 
	       1698.34 4423.71891  4423.7202   4.0 1 1 
	       1740.70 4422.04719  4422.0479   4.0 1 1 
	       1753.43 4421.54336  4421.5439   4.0 1 1 
	       1786.19 4420.24287  4420.2571   4.0 1 0 
	       1871.22 4416.84461  4416.8447   4.0 1 1 
	       1886.31 4416.23815   4416.237   4.0 1 1 
	       1929.69 4414.48885  4414.4863   4.0 1 1 
	function chebyshev
	order 5
	sample *
	naverage 1
	niterate 2000
	low_reject 3.
	high_reject 3.
	grow 0.
	coefficients	9
		1.
		5.
		11.681077003479
		1929.69091796875
		4450.010910640316
		-34.42817713999468
		-1.097315302358389
		6.022557810388053E-4
		0.002824769836067775

# Fri 10:49:31 11-Mar-2022
begin	identify iazcomp.0010 - Ap 10
	id	iazcomp.0010
	task	identify
	image	iazcomp.0010 - Ap 10
	aperture	10
	aplow	1070.02
	aphigh	1078.09
	units	Angstroms
	features	41
	         45.31 4481.81003  4481.8107   4.0 1 1 
	        146.41 4478.59412  4478.5958   4.0 1 1 
	        250.82 4475.22319  4475.2214   4.0 1 1 
	        265.00 4474.76153  4474.7594   4.0 1 1 
	        379.77 4470.99003  4470.9906   4.0 1 1 
	        423.80 4469.52663  4469.5253   4.0 1 1 
	        459.90 4468.32003  4468.3208   4.0 1 1 
	        548.27  4465.3401  4465.3406   4.0 1 1 
	        597.41 4463.66708   4463.666   4.0 1 1 
	        659.74 4461.52822  4461.5278   4.0 1 1 
	        687.89 4460.55631  4460.5574   4.0 1 1 
	        761.40 4458.00011  4458.0015   4.0 1 1 
	        915.31 4452.56419  4452.5655   4.0 1 1 
	       1000.17 4449.51848  4449.5206   4.0 1 1 
	       1017.87 4448.87867  4448.8792   4.0 1 1 
	       1046.68 4447.83441  4447.8346   4.0 1 1 
	       1063.30 4447.23026  4447.2296   4.0 1 1 
	       1099.81 4445.89803  4445.9012   4.0 1 1 
	       1160.55 4443.66784  4443.6657   4.0 1 1 
	       1176.31 4443.08627  4443.0863   4.0 1 1 
	       1216.14 4441.61079  4441.6084   4.0 1 1 
	       1236.16 4440.86648  4440.8659   4.0 1 1 
	       1244.06 4440.57226  4440.5737   4.0 1 1 
	       1262.66 4439.87852  4439.8793   4.0 1 1 
	       1273.81 4439.46165  4439.4614   4.0 1 1 
	       1282.83 4439.12419  4439.1237   4.0 1 1 
	       1292.84 4438.74891  4438.7464   4.0 1 1 
	       1339.36 4436.99941  4436.9961   4.0 1 1 
	       1422.72  4433.8387   4433.838   4.0 1 1 
	       1431.78 4433.49346  4433.4907   4.0 1 1 
	       1445.69 4432.96195  4432.9628   4.0 1 1 
	       1464.25 4432.25172  4432.2523   4.0 1 1 
	       1496.97 4430.99573  4430.9963   4.0 1 1 
	       1517.94 4430.18842   4430.189   4.0 1 1 
	       1625.83 4426.00032  4426.0011   4.0 1 1 
	       1684.06 4423.71774  4423.7202   4.0 1 1 
	       1726.43 4422.04664  4422.0479   4.0 1 1 
	       1739.18 4421.54225  4421.5439   4.0 1 1 
	       1857.01 4416.84547  4416.8447   4.0 1 1 
	       1872.19 4416.23584   4416.237   4.0 1 1 
	       1915.53 4414.48911  4414.4863   4.0 1 1 
	function chebyshev
	order 5
	sample *
	naverage 1
	niterate 2000
	low_reject 3.
	high_reject 3.
	grow 0.
	coefficients	9
		1.
		5.
		45.31381988525391
		1915.533325195312
		4449.187496952626
		-33.66154539005815
		-1.040347353814979
		0.001087127736143911
		0.002418786861239559

# Tue 15:08:26 29-Mar-2022
begin	identify iazcomp.0010 - Ap 10
	id	iazcomp.0010
	task	identify
	image	iazcomp.0010 - Ap 10
	aperture	10
	aplow	1070.02
	aphigh	1078.09
	units	Angstroms
	features	41
	         46.00 4481.80929  4481.8107   4.0 1 1 
	        147.04 4478.59565  4478.5958   4.0 1 1 
	        251.53 4475.22248  4475.2214   4.0 1 1 
	        265.69 4474.76136  4474.7594   4.0 1 1 
	        380.43 4470.99082  4470.9906   4.0 1 1 
	        424.49 4469.52634  4469.5253   4.0 1 1 
	        460.57 4468.32026  4468.3208   4.0 1 1 
	        548.95 4465.33981  4465.3406   4.0 1 1 
	        598.12 4463.66564   4463.666   4.0 1 1 
	        660.41 4461.52815  4461.5278   4.0 1 1 
	        688.54 4460.55671  4460.5574   4.0 1 1 
	        762.04 4458.00063  4458.0015   4.0 1 1 
	        915.94 4452.56442  4452.5655   4.0 1 1 
	       1000.76 4449.51952  4449.5206   4.0 1 1 
	       1018.49 4448.87898  4448.8792   4.0 1 1 
	       1047.33 4447.83315  4447.8346   4.0 1 1 
	       1063.93 4447.22969  4447.2296   4.0 1 1 
	       1100.41 4445.89814  4445.9012   4.0 1 1 
	       1161.15 4443.66766  4443.6657   4.0 1 1 
	       1176.93 4443.08525  4443.0863   4.0 1 1 
	       1216.70 4441.61228  4441.6084   4.0 1 1 
	       1236.76 4440.86621  4440.8659   4.0 1 1 
	       1244.63 4440.57305  4440.5737   4.0 1 1 
	       1263.24 4439.87845  4439.8793   4.0 1 1 
	       1274.39  4439.4618  4439.4614   4.0 1 1 
	       1283.38 4439.12515  4439.1237   4.0 1 1 
	       1293.41  4438.7494  4438.7464   4.0 1 1 
	       1339.98 4436.99759  4436.9961   4.0 1 1 
	       1423.30 4433.83822   4433.838   4.0 1 1 
	       1432.30 4433.49496  4433.4907   4.0 1 1 
	       1446.27 4432.96128  4432.9628   4.0 1 1 
	       1464.81 4432.25169  4432.2523   4.0 1 1 
	       1497.52 4430.99576  4430.9963   4.0 1 1 
	       1518.50 4430.18794   4430.189   4.0 1 1 
	       1626.39 4425.99949  4426.0011   4.0 1 1 
	       1684.58 4423.71816  4423.7202   4.0 1 1 
	       1726.98 4422.04582  4422.0479   4.0 1 1 
	       1739.70 4421.54269  4421.5439   4.0 1 1 
	       1857.52 4416.84576  4416.8447   4.0 1 1 
	       1872.64  4416.2383   4416.237   4.0 1 1 
	       1916.10 4414.48712  4414.4863   4.0 1 1 
	function chebyshev
	order 5
	sample *
	naverage 1
	niterate 2000
	low_reject 3.
	high_reject 3.
	grow 0.
	coefficients	9
		1.
		5.
		46.00055694580078
		1916.098876953125
		4449.186801937247
		-33.66268716010575
		-1.04102068209757
		0.001603167556918932
		0.002426544929501536

# Mon 18:59:00 30-Jan-2023
begin	identify iazcomp.0010 - Ap 10
	id	iazcomp.0010
	task	identify
	image	iazcomp.0010 - Ap 10
	aperture	10
	aplow	1070.02
	aphigh	1078.09
	units	Angstroms
	features	44
	          8.82 4483.34485  4483.3468   4.0 1 1 
	         57.57 4481.81101  4481.8107   4.0 1 1 
	        158.63 4478.59603  4478.5958   4.0 1 1 
	        263.12  4475.2227  4475.2214   4.0 1 1 
	        277.28 4474.76149  4474.7594   4.0 1 1 
	        392.01 4470.99107  4470.9906   4.0 1 1 
	        436.07  4469.5265  4469.5253   4.0 1 1 
	        472.14 4468.32072  4468.3208   4.0 1 1 
	        560.53 4465.33969  4465.3406   4.0 1 1 
	        609.67 4463.66641   4463.666   4.0 1 1 
	        671.96 4461.52827  4461.5278   4.0 1 1 
	        700.15 4460.55485  4460.5574   4.0 1 1 
	        773.59 4458.00052  4458.0015   4.0 1 1 
	        795.50 4457.23339  4457.2362   4.0 1 1 
	        927.44 4452.56484  4452.5655   4.0 1 1 
	       1012.28 4449.51864  4449.5206   4.0 1 1 
	       1029.96 4448.87924  4448.8792   4.0 1 1 
	       1058.81  4447.8333  4447.8346   4.0 1 1 
	       1075.37 4447.23074  4447.2296   4.0 1 1 
	       1111.86 4445.89895  4445.9012   4.0 1 1 
	       1172.57 4443.66867  4443.6657   4.0 1 1 
	       1188.32 4443.08689  4443.0863   4.0 1 1 
	       1228.14 4441.61147  4441.6084   4.0 1 1 
	       1248.16 4440.86694  4440.8659   4.0 1 1 
	       1256.05 4440.57278  4440.5737   4.0 1 1 
	       1274.65 4439.87874  4439.8793   4.0 1 1 
	       1285.78 4439.46236  4439.4614   4.0 1 1 
	       1294.79 4439.12477  4439.1237   4.0 1 1 
	       1304.81 4438.74924  4438.7464   4.0 1 1 
	       1351.31  4436.9997  4436.9961   4.0 1 1 
	       1370.32 4436.28143  4436.2844   4.0 1 1 
	       1434.64 4433.83859   4433.838   4.0 1 1 
	       1443.68 4433.49333  4433.4907   4.0 1 1 
	       1457.59 4432.96192  4432.9628   4.0 1 1 
	       1476.14 4432.25192  4432.2523   4.0 1 1 
	       1508.85 4430.99564  4430.9963   4.0 1 1 
	       1529.81 4430.18798   4430.189   4.0 1 1 
	       1637.66 4425.99966  4426.0011   4.0 1 1 
	       1695.83 4423.71786  4423.7202   4.0 1 1 
	       1738.20 4422.04614  4422.0479   4.0 1 1 
	       1750.95 4421.54176  4421.5439   4.0 1 1 
	       1868.72 4416.84512  4416.8447   4.0 1 1 
	       1883.84 4416.23758   4416.237   4.0 1 1 
	       1927.22 4414.48879  4414.4863   4.0 1 1 
	function chebyshev
	order 5
	sample *
	naverage 1
	niterate 2000
	low_reject 3.
	high_reject 3.
	grow 0.
	coefficients	9
		1.
		5.
		8.823147773742675
		1927.219482421875
		4450.011393529254
		-34.42910889240721
		-1.097612992490228
		0.00108050961451077
		0.003041345015273433

# Fri 11:53:31 03-Feb-2023
begin	identify iazcomp.0010 - Ap 10
	id	iazcomp.0010
	task	identify
	image	iazcomp.0010 - Ap 10
	aperture	10
	aplow	1070.02
	aphigh	1078.09
	units	Angstroms
	features	44
	          7.41 4483.34564  4483.3468   4.0 1 1 
	         56.19 4481.81035  4481.8107   4.0 1 1 
	        157.26 4478.59506  4478.5958   4.0 1 1 
	        261.68 4475.22386  4475.2214   4.0 1 1 
	        275.89 4474.76143  4474.7594   4.0 1 1 
	        390.64 4470.99058  4470.9906   4.0 1 1 
	        434.72 4469.52575  4469.5253   4.0 1 1 
	        470.74 4468.32201  4468.3208   4.0 1 1 
	        559.21  4465.3389  4465.3406   4.0 1 1 
	        608.32 4463.66688   4463.666   4.0 1 1 
	        670.66 4461.52774  4461.5278   4.0 1 1 
	        698.81 4460.55572  4460.5574   4.0 1 1 
	        772.30 4458.00022  4458.0015   4.0 1 1 
	        794.18 4457.23426  4457.2362   4.0 1 1 
	        926.18 4452.56464  4452.5655   4.0 1 1 
	       1011.08 4449.51704  4449.5206   4.0 1 1 
	       1028.72 4448.87941  4448.8792   4.0 1 1 
	       1057.57 4447.83327  4447.8346   4.0 1 1 
	       1074.18 4447.22935  4447.2296   4.0 1 1 
	       1110.62  4445.8992  4445.9012   4.0 1 1 
	       1171.32 4443.66971  4443.6657   4.0 1 1 
	       1187.09 4443.08749  4443.0863   4.0 1 1 
	       1226.90  4441.6128  4441.6084   4.0 1 1 
	       1246.95 4440.86721  4440.8659   4.0 1 1 
	       1254.83 4440.57343  4440.5737   4.0 1 1 
	       1273.44 4439.87904  4439.8793   4.0 1 1 
	       1284.58 4439.46224  4439.4614   4.0 1 1 
	       1293.61 4439.12426  4439.1237   4.0 1 1 
	       1303.64 4438.74835  4438.7464   4.0 1 1 
	       1350.13 4436.99934  4436.9961   4.0 1 1 
	       1369.13 4436.28133  4436.2844   4.0 1 1 
	       1433.45 4433.83875   4433.838   4.0 1 1 
	       1442.53  4433.4925  4433.4907   4.0 1 1 
	       1456.41 4432.96201  4432.9628   4.0 1 1 
	       1474.97 4432.25156  4432.2523   4.0 1 1 
	       1507.67 4430.99591  4430.9963   4.0 1 1 
	       1528.64 4430.18814   4430.189   4.0 1 1 
	       1636.50 4425.99953  4426.0011   4.0 1 1 
	       1694.68 4423.71814  4423.7202   4.0 1 1 
	       1737.07 4422.04561  4422.0479   4.0 1 1 
	       1749.79 4421.54235  4421.5439   4.0 1 1 
	       1867.60 4416.84474  4416.8447   4.0 1 1 
	       1882.69 4416.23859   4416.237   4.0 1 1 
	       1926.11 4414.48815  4414.4863   4.0 1 1 
	function chebyshev
	order 5
	sample *
	naverage 1
	niterate 2000
	low_reject 3.
	high_reject 3.
	grow 0.
	coefficients	9
		1.
		5.
		7.405238628387451
		1926.114013671875
		4450.011275747475
		-34.42926786276753
		-1.097731425364668
		5.227201984116035E-4
		0.00335112488263776

# Mon 14:50:33 06-Feb-2023
begin	identify iazcomp.0010 - Ap 10
	id	iazcomp.0010
	task	identify
	image	iazcomp.0010 - Ap 10
	aperture	10
	aplow	1070.02
	aphigh	1078.09
	units	Angstroms
	features	44
	          4.78 4483.34512  4483.3468   4.0 1 1 
	         53.58 4481.81026  4481.8107   4.0 1 1 
	        154.64 4478.59689  4478.5958   4.0 1 1 
	        259.22 4475.22216  4475.2214   4.0 1 1 
	        273.39 4474.76111  4474.7594   4.0 1 1 
	        388.13 4470.99244  4470.9906   4.0 1 1 
	        432.26 4469.52634  4469.5253   4.0 1 1 
	        468.32 4468.32151  4468.3208   4.0 1 1 
	        556.89 4465.33624  4465.3406   4.0 1 1 
	        605.93 4463.66717   4463.666   4.0 1 1 
	        668.27 4461.52867  4461.5278   4.0 1 1 
	        696.42 4460.55693  4460.5574   4.0 1 1 
	        769.93 4458.00143  4458.0015   4.0 1 1 
	        791.96  4457.2308  4457.2362   4.0 1 1 
	        923.87  4452.5656  4452.5655   4.0 1 1 
	       1008.77 4449.51875  4449.5206   4.0 1 1 
	       1026.46 4448.87955  4448.8792   4.0 1 1 
	       1055.33 4447.83295  4447.8346   4.0 1 1 
	       1071.93 4447.22925  4447.2296   4.0 1 1 
	       1108.38 4445.89942  4445.9012   4.0 1 1 
	       1169.14 4443.66821  4443.6657   4.0 1 1 
	       1184.92 4443.08581  4443.0863   4.0 1 1 
	       1224.71 4441.61212  4441.6084   4.0 1 1 
	       1244.75 4440.86711  4440.8659   4.0 1 1 
	       1252.62 4440.57373  4440.5737   4.0 1 1 
	       1271.24 4439.87887  4439.8793   4.0 1 1 
	       1282.38 4439.46244  4439.4614   4.0 1 1 
	       1291.41 4439.12473  4439.1237   4.0 1 1 
	       1301.42  4438.7494  4438.7464   4.0 1 1 
	       1347.91 4437.00084  4436.9961   4.0 1 1 
	       1366.94 4436.28189  4436.2844   4.0 1 1 
	       1431.31 4433.83809   4433.838   4.0 1 1 
	       1440.33 4433.49416  4433.4907   4.0 1 1 
	       1454.28 4432.96131  4432.9628   4.0 1 1 
	       1472.84 4432.25104  4432.2523   4.0 1 1 
	       1505.54 4430.99561  4430.9963   4.0 1 1 
	       1526.51 4430.18783   4430.189   4.0 1 1 
	       1634.41 4425.99905  4426.0011   4.0 1 1 
	       1692.58 4423.71829  4423.7202   4.0 1 1 
	       1735.00 4422.04534  4422.0479   4.0 1 1 
	       1747.72 4421.54219  4421.5439   4.0 1 1 
	       1865.54 4416.84538  4416.8447   4.0 1 1 
	       1880.66   4416.238   4416.237   4.0 1 1 
	       1924.08 4414.48846  4414.4863   4.0 1 1 
	function chebyshev
	order 5
	sample *
	naverage 1
	niterate 2000
	low_reject 3.
	high_reject 3.
	grow 0.
	coefficients	9
		1.
		5.
		4.779308319091797
		1924.080078125
		4450.012204636485
		-34.42929547634622
		-1.098760241330924
		9.651664261845773E-4
		0.003348233026362022

# Mon 15:25:44 27-Feb-2023
begin	identify iazcomp.0010 - Ap 10
	id	iazcomp.0010
	task	identify
	image	iazcomp.0010 - Ap 10
	aperture	10
	aplow	1070.02
	aphigh	1078.09
	units	Angstroms
	features	45
	          9.84   4483.346  4483.3468   6.0 1 1 
	         58.60 4481.81059  4481.8107   4.0 1 1 
	        159.61 4478.59579  4478.5958   4.0 1 1 
	        264.08 4475.22162  4475.2214   4.0 1 1 
	        278.23 4474.76072  4474.7594   4.0 1 1 
	        392.91 4470.99121  4470.9906   6.0 1 1 
	        437.00 4469.52545  4469.5253   4.0 1 1 
	        473.01 4468.32138  4468.3208   4.0 1 1 
	        561.40 4465.34018  4465.3406   4.0 1 1 
	        610.55 4463.66627   4463.666   4.0 1 1 
	        672.78 4461.53035  4461.5278   6.0 1 1 
	        700.97 4460.55658  4460.5574   4.0 1 1 
	        774.46 4458.00051  4458.0015   4.0 1 1 
	        796.39 4457.23243  4457.2362   6.0 1 1 
	        811.34 4456.70783   4456.708   6.0 1 1 
	        928.30 4452.56489  4452.5655   4.0 1 1 
	        977.54 4450.80095   4450.804   6.0 1 1 
	       1013.10 4449.51967  4449.5206   6.0 1 1 
	       1030.82 4448.87919  4448.8792   4.0 1 1 
	       1059.66 4447.83309  4447.8346   4.0 1 1 
	       1076.19  4447.2318  4447.2296   6.0 1 1 
	       1112.64 4445.90121  4445.9012   6.0 1 1 
	       1173.42 4443.66804  4443.6657   4.0 1 1 
	       1189.23 4443.08437  4443.0863   4.0 1 1 
	       1228.97 4441.61137  4441.6084   4.0 1 1 
	       1249.01 4440.86587  4440.8659   4.0 1 1 
	       1256.86 4440.57346  4440.5737   6.0 1 1 
	       1275.42  4439.8806  4439.8793   6.0 1 1 
	       1286.62 4439.46174  4439.4614   4.0 1 1 
	       1295.58 4439.12616  4439.1237   6.0 1 1 
	       1305.64 4438.74883  4438.7464   4.0 1 1 
	       1352.17 4436.99765  4436.9961   4.0 1 1 
	       1371.08 4436.28309  4436.2844   6.0 1 1 
	       1435.45 4433.83775   4433.838   4.0 1 1 
	       1458.36 4432.96284  4432.9628   6.0 1 1 
	       1476.90 4432.25289  4432.2523   6.0 1 1 
	       1509.65 4430.99491  4430.9963   4.0 1 1 
	       1530.60  4430.1873   4430.189   4.0 1 1 
	       1638.39 4426.00057  4426.0011   6.0 1 1 
	       1696.54 4423.71938  4423.7202   6.0 1 1 
	       1738.94 4422.04629  4422.0479   6.0 1 1 
	       1751.66 4421.54272  4421.5439   6.0 1 1 
	       1869.45 4416.84493  4416.8447   6.0 1 1 
	       1884.57 4416.23737   4416.237   4.0 1 1 
	       1927.96 4414.48795  4414.4863   4.0 1 1 
	function chebyshev
	order 5
	sample *
	naverage 1
	niterate 2000
	low_reject 3.
	high_reject 3.
	grow 0.
	coefficients	9
		1.
		5.
		9.837085723876952
		1927.958740234375
		4450.01066341626
		-34.42937879873181
		-1.097221981201098
		3.515594435605928E-4
		0.00353141017358506

# Tue 13:40:01 16-May-2023
begin	identify iazcomp.0010 - Ap 10
	id	iazcomp.0010
	task	identify
	image	iazcomp.0010 - Ap 10
	aperture	10
	aplow	1070.02
	aphigh	1078.09
	units	Angstroms
	features	45
	          9.00 4483.34513  4483.3468   6.0 1 1 
	         57.76 4481.81049  4481.8107   4.0 1 1 
	        158.76  4478.5975  4478.5958   4.0 1 1 
	        263.31 4475.22193  4475.2214   4.0 1 1 
	        277.47 4474.76078  4474.7594   4.0 1 1 
	        392.17 4470.99119  4470.9906   6.0 1 1 
	        436.27 4469.52537  4469.5253   4.0 1 1 
	        472.32 4468.32032  4468.3208   4.0 1 1 
	        560.71 4465.33932  4465.3406   4.0 1 1 
	        609.82 4463.66699   4463.666   4.0 1 1 
	        672.08 4461.53036  4461.5278   6.0 1 1 
	        700.30 4460.55585  4460.5574   4.0 1 1 
	        773.78      4458.  4458.0015   4.0 1 1 
	        795.69 4457.23272  4457.2362   6.0 1 1 
	        810.60  4456.7093   4456.708   6.0 1 1 
	        927.63 4452.56439  4452.5655   4.0 1 1 
	        976.87 4450.80043   4450.804   6.0 1 1 
	       1012.41  4449.5202  4449.5206   6.0 1 1 
	       1030.15 4448.87872  4448.8792   4.0 1 1 
	       1058.98 4447.83316  4447.8346   4.0 1 1 
	       1075.52 4447.23168  4447.2296   6.0 1 1 
	       1111.98 4445.90071  4445.9012   6.0 1 1 
	       1172.75 4443.66796  4443.6657   4.0 1 1 
	       1188.53  4443.0856  4443.0863   4.0 1 1 
	       1228.31 4441.61143  4441.6084   4.0 1 1 
	       1248.34  4440.8663  4440.8659   4.0 1 1 
	       1256.20  4440.5734  4440.5737   6.0 1 1 
	       1274.75 4439.88077  4439.8793   6.0 1 1 
	       1285.97 4439.46118  4439.4614   4.0 1 1 
	       1294.92 4439.12627  4439.1237   6.0 1 1 
	       1304.99 4438.74868  4438.7464   4.0 1 1 
	       1351.47 4436.99936  4436.9961   4.0 1 1 
	       1370.43 4436.28298  4436.2844   6.0 1 1 
	       1434.82  4433.8373   4433.838   4.0 1 1 
	       1457.73 4432.96244  4432.9628   6.0 1 1 
	       1476.25 4432.25331  4432.2523   6.0 1 1 
	       1509.03  4430.9944  4430.9963   4.0 1 1 
	       1529.98 4430.18682   4430.189   4.0 1 1 
	       1637.78 4426.00045  4426.0011   6.0 1 1 
	       1695.95  4423.7186  4423.7202   6.0 1 1 
	       1738.33 4422.04648  4422.0479   6.0 1 1 
	       1751.06 4421.54288  4421.5439   6.0 1 1 
	       1868.85 4416.84533  4416.8447   6.0 1 1 
	       1883.98 4416.23747   4416.237   4.0 1 1 
	       1927.39 4414.48786  4414.4863   4.0 1 1 
	function chebyshev
	order 5
	sample *
	naverage 1
	niterate 2000
	low_reject 3.
	high_reject 3.
	grow 0.
	coefficients	9
		1.
		5.
		9.002595901489257
		1927.386840820313
		4450.010995320423
		-34.42970586879546
		-1.097821789850308
		0.00106829219266736
		0.003322594331765433

# Mon 15:28:18 14-Aug-2023
begin	identify iazcomp.0010 - Ap 10
	id	iazcomp.0010
	task	identify
	image	iazcomp.0010 - Ap 10
	aperture	10
	aplow	1070.02
	aphigh	1078.09
	units	Angstroms
	features	45
	         12.73 4483.34603  4483.3468   6.0 1 1 
	         61.51 4481.81024  4481.8107   4.0 1 1 
	        162.53 4478.59519  4478.5958   4.0 1 1 
	        266.91 4475.22356  4475.2214   4.0 1 1 
	        281.14 4474.76021  4474.7594   4.0 1 1 
	        395.77 4470.99148  4470.9906   6.0 1 1 
	        439.86 4469.52549  4469.5253   4.0 1 1 
	        475.84 4468.32199  4468.3208   4.0 1 1 
	        564.26   4465.339  4465.3406   4.0 1 1 
	        613.36 4463.66629   4463.666   4.0 1 1 
	        675.57 4461.53041  4461.5278   6.0 1 1 
	        703.78 4460.55603  4460.5574   4.0 1 1 
	        777.23 4458.00015  4458.0015   4.0 1 1 
	        799.16  4457.2322  4457.2362   6.0 1 1 
	        814.08 4456.70809   4456.708   6.0 1 1 
	        931.03 4452.56408  4452.5655   4.0 1 1 
	        980.24 4450.80092   4450.804   6.0 1 1 
	       1015.76 4449.52061  4449.5206   6.0 1 1 
	       1033.51 4448.87886  4448.8792   4.0 1 1 
	       1062.34 4447.83283  4447.8346   4.0 1 1 
	       1078.82 4447.23293  4447.2296   6.0 1 1 
	       1115.30 4445.90085  4445.9012   6.0 1 1 
	       1176.08 4443.66706  4443.6657   4.0 1 1 
	       1191.85 4443.08464  4443.0863   4.0 1 1 
	       1231.59 4441.61151  4441.6084   4.0 1 1 
	       1251.61 4440.86658  4440.8659   4.0 1 1 
	       1259.47 4440.57327  4440.5737   6.0 1 1 
	       1278.01 4439.88097  4439.8793   6.0 1 1 
	       1289.23 4439.46138  4439.4614   4.0 1 1 
	       1298.16 4439.12668  4439.1237   6.0 1 1 
	       1308.25  4438.7482  4438.7464   4.0 1 1 
	       1354.70 4436.99957  4436.9961   4.0 1 1 
	       1373.65 4436.28341  4436.2844   6.0 1 1 
	       1438.02 4433.83759   4433.838   4.0 1 1 
	       1460.92 4432.96274  4432.9628   6.0 1 1 
	       1479.46 4432.25274  4432.2523   6.0 1 1 
	       1512.21 4430.99426  4430.9963   4.0 1 1 
	       1533.16 4430.18669   4430.189   4.0 1 1 
	       1640.92 4426.00045  4426.0011   6.0 1 1 
	       1699.07 4423.71901  4423.7202   6.0 1 1 
	       1741.45 4422.04625  4422.0479   6.0 1 1 
	       1754.17 4421.54279  4421.5439   6.0 1 1 
	       1871.93 4416.84567  4416.8447   6.0 1 1 
	       1887.09 4416.23636   4416.237   4.0 1 1 
	       1930.44 4414.48854  4414.4863   4.0 1 1 
	function chebyshev
	order 5
	sample *
	naverage 1
	niterate 2000
	low_reject 3.
	high_reject 3.
	grow 0.
	coefficients	9
		1.
		5.
		12.73144721984863
		1930.442016601563
		4450.01103299331
		-34.43013979666984
		-1.097239480719291
		0.001392685890649808
		0.003491787581653838

# Mon 16:08:34 14-Aug-2023
begin	identify iazcomp.0010 - Ap 10
	id	iazcomp.0010
	task	identify
	image	iazcomp.0010 - Ap 10
	aperture	10
	aplow	1070.02
	aphigh	1078.09
	units	Angstroms
	features	45
	         12.71  4483.3455  4483.3468   6.0 1 1 
	         61.45 4481.81104  4481.8107   4.0 1 1 
	        162.50 4478.59497  4478.5958   4.0 1 1 
	        266.90 4475.22324  4475.2214   4.0 1 1 
	        281.10 4474.76083  4474.7594   4.0 1 1 
	        395.76 4470.99168  4470.9906   6.0 1 1 
	        439.86 4469.52559  4469.5253   4.0 1 1 
	        475.90 4468.32056  4468.3208   4.0 1 1 
	        564.27 4465.33977  4465.3406   4.0 1 1 
	        613.42 4463.66588   4463.666   4.0 1 1 
	        675.63 4461.53024  4461.5278   6.0 1 1 
	        703.84 4460.55597  4460.5574   4.0 1 1 
	        777.30 4458.00028  4458.0015   4.0 1 1 
	        799.22 4457.23298  4457.2362   6.0 1 1 
	        814.20 4456.70707   4456.708   6.0 1 1 
	        931.13 4452.56468  4452.5655   4.0 1 1 
	        980.35 4450.80151   4450.804   6.0 1 1 
	       1015.88 4449.52113  4449.5206   6.0 1 1 
	       1033.65 4448.87889  4448.8792   4.0 1 1 
	       1062.45  4447.8341  4447.8346   4.0 1 1 
	       1079.01 4447.23166  4447.2296   6.0 1 1 
	       1115.45 4445.90111  4445.9012   6.0 1 1 
	       1176.25  4443.6672  4443.6657   4.0 1 1 
	       1192.01 4443.08508  4443.0863   4.0 1 1 
	       1231.78 4441.61131  4441.6084   4.0 1 1 
	       1251.82 4440.86568  4440.8659   4.0 1 1 
	       1259.66 4440.57353  4440.5737   6.0 1 1 
	       1278.21  4439.8809  4439.8793   6.0 1 1 
	       1289.42 4439.46159  4439.4614   4.0 1 1 
	       1298.39 4439.12574  4439.1237   6.0 1 1 
	       1308.45 4438.74826  4438.7464   4.0 1 1 
	       1354.96 4436.99782  4436.9961   4.0 1 1 
	       1373.87 4436.28321  4436.2844   6.0 1 1 
	       1438.25 4433.83756   4433.838   4.0 1 1 
	       1461.15 4432.96283  4432.9628   6.0 1 1 
	       1479.68 4432.25342  4432.2523   6.0 1 1 
	       1512.45 4430.99455  4430.9963   4.0 1 1 
	       1533.40 4430.18713   4430.189   4.0 1 1 
	       1641.18 4426.00053  4426.0011   6.0 1 1 
	       1699.33 4423.71956  4423.7202   6.0 1 1 
	       1741.74 4422.04605  4422.0479   6.0 1 1 
	       1754.45  4421.5429  4421.5439   6.0 1 1 
	       1872.25 4416.84467  4416.8447   6.0 1 1 
	       1887.36 4416.23744   4416.237   4.0 1 1 
	       1930.75 4414.48814  4414.4863   4.0 1 1 
	function chebyshev
	order 5
	sample *
	naverage 1
	niterate 2000
	low_reject 3.
	high_reject 3.
	grow 0.
	coefficients	9
		1.
		5.
		12.71261405944824
		1930.75048828125
		4450.01044259589
		-34.42946352983883
		-1.097116025012527
		7.831191289051355E-4
		0.003492304161592355

