# Tue 22:39:53 07-Sep-2021
begin	identify iazcomp.0016 - Ap 16
	id	iazcomp.0016
	task	identify
	image	iazcomp.0016 - Ap 16
	aperture	16
	aplow	1179.12
	aphigh	1187.97
	units	Angstroms
	features	39
	         58.52 4845.16357  4845.1626   4.0 1 1 
	        183.81 4840.84669  4840.8492   4.0 1 1 
	        444.82 4831.59824  4831.5975   4.0 1 1 
	        457.99 4831.12259  4831.1213   4.0 1 1 
	        494.49 4829.79892  4829.7973   4.0 1 1 
	        579.26 4826.69838  4826.7004   4.0 1 1 
	        634.70 4824.65035  4824.6484   4.0 1 1 
	        652.27 4823.99799  4823.9967   4.0 1 1 
	        662.80 4823.60619  4823.6058   4.0 1 1 
	        682.98  4822.8539  4822.8548   4.0 1 1 
	        716.83 4821.58706  4821.5878   4.0 1 1 
	        735.52 4820.88477  4820.8847   4.0 1 1 
	        746.65 4820.46605  4820.4649   4.0 1 1 
	        780.39 4819.19224   4819.193   4.0 1 1 
	        794.77 4818.64758  4818.6477   4.0 1 1 
	        837.63 4817.01749  4817.0206   4.0 1 1 
	        942.09 4813.00473  4813.0069   4.0 1 1 
	        958.32 4812.37621  4812.3755   4.0 1 1 
	       1029.24 4809.61345   4809.614   4.0 1 1 
	       1066.96 4808.13335  4808.1337   4.0 1 1 
	       1120.46 4806.02149  4806.0205   4.0 1 1 
	       1172.44 4803.95549  4803.9559   4.0 1 1 
	       1204.52  4802.6732  4802.6714   4.0 1 1 
	       1244.89 4801.05198  4801.0517   4.0 1 1 
	       1266.72 4800.17201  4800.1724   4.0 1 1 
	       1371.45 4795.91561  4795.9131   4.0 1 1 
	       1420.44  4793.9048  4793.9052   4.0 1 1 
	       1436.42 4793.24659  4793.2446   4.0 1 1 
	       1464.66 4792.07989  4792.0819   4.0 1 1 
	       1529.46 4789.38677  4789.3868   4.0 1 1 
	       1582.95 4787.14819   4787.148   4.0 1 1 
	       1597.62 4786.53138   4786.531   4.0 1 1 
	       1686.78 4782.76089  4782.7612   4.0 1 1 
	       1734.00 4780.74772  4780.7505   4.0 1 1 
	       1791.23 4778.29311   4778.294   4.0 1 1 
	       1816.80 4777.19115  4777.1915   4.0 1 1 
	       1849.11 4775.79428   4775.794   4.0 1 1 
	       1860.16 4775.31496   4775.313   4.0 1 1 
	       1907.85 4773.24123   4773.241   4.0 1 1 
	function chebyshev
	order 5
	sample *
	naverage 1
	niterate 2000
	low_reject 3.
	high_reject 3.
	grow 0.
	coefficients	9
		1.
		5.
		58.51644134521484
		1907.847290039063
		4810.304088887412
		-35.96328145503367
		-1.104201742162484
		0.002108807191974975
		0.002513511522904096

# Fri 10:53:48 11-Mar-2022
begin	identify iazcomp.0016 - Ap 16
	id	iazcomp.0016
	task	identify
	image	iazcomp.0016 - Ap 16
	aperture	16
	aplow	1179.12
	aphigh	1187.97
	units	Angstroms
	features	44
	         43.10 4845.16112  4845.1626   4.0 1 1 
	        178.98 4840.47726  4840.4744   4.0 1 1 
	        396.05 4832.80257  4832.8025   4.0 1 1 
	        429.58 4831.59582  4831.5975   4.0 1 1 
	        442.73 4831.12097  4831.1213   4.0 1 1 
	        479.21  4829.7989  4829.7973   4.0 1 1 
	        564.05 4826.69766  4826.7004   4.0 1 1 
	        619.56 4824.64846  4824.6484   4.0 1 1 
	        637.11 4823.99755  4823.9967   4.0 1 1 
	        647.62 4823.60645  4823.6058   4.0 1 1 
	        667.82 4822.85402  4822.8548   4.0 1 1 
	        694.21 4821.86755  4821.8646   4.0 1 1 
	        701.70 4821.58697  4821.5878   4.0 1 1 
	        720.39 4820.88537  4820.8847   4.0 1 1 
	        731.57   4820.465  4820.4649   4.0 1 1 
	        765.30  4819.1922   4819.193   4.0 1 1 
	        779.67 4818.64816  4818.6477   4.0 1 1 
	        822.60 4817.01679  4817.0206   4.0 1 1 
	        927.09 4813.00538  4813.0069   4.0 1 1 
	        943.33 4812.37678  4812.3755   4.0 1 1 
	       1014.27 4809.61483   4809.614   4.0 1 1 
	       1052.02 4808.13447  4808.1337   4.0 1 1 
	       1105.55 4806.02254  4806.0205   4.0 1 1 
	       1157.51 4803.95816  4803.9559   4.0 1 1 
	       1189.74 4802.67058  4802.6714   4.0 1 1 
	       1230.16 4801.04818  4801.0517   4.0 1 1 
	       1251.90  4800.1722  4800.1724   4.0 1 1 
	       1356.66 4795.91664  4795.9131   4.0 1 1 
	       1405.77 4793.90218  4793.9052   4.0 1 1 
	       1421.70 4793.24612  4793.2446   4.0 1 1 
	       1449.94 4792.07985  4792.0819   4.0 1 1 
	       1489.48 4790.43999  4790.4373   4.0 1 1 
	       1514.79 4789.38653  4789.3868   4.0 1 1 
	       1568.31 4787.14756   4787.148   4.0 1 1 
	       1583.01 4786.53008   4786.531   4.0 1 1 
	       1646.17 4783.86458  4783.8617   4.0 1 1 
	       1651.52 4783.63799  4783.6389   4.0 1 1 
	       1672.20 4782.76044  4782.7612   4.0 1 1 
	       1719.44 4780.74773  4780.7505   4.0 1 1 
	       1776.70 4778.29323   4778.294   4.0 1 1 
	       1802.29 4777.19137  4777.1915   4.0 1 1 
	       1834.61 4775.79453   4775.794   4.0 1 1 
	       1845.65 4775.31636   4775.313   4.0 1 1 
	       1893.45 4773.23958   4773.241   4.0 1 1 
	function chebyshev
	order 5
	sample *
	naverage 1
	niterate 2000
	low_reject 3.
	high_reject 3.
	grow 0.
	coefficients	9
		1.
		5.
		43.10358428955078
		1893.44677734375
		4810.301213687665
		-35.96275810807779
		-1.104105792470727
		0.001991242591548642
		0.003240482204755115

# Tue 15:08:35 29-Mar-2022
begin	identify iazcomp.0016 - Ap 16
	id	iazcomp.0016
	task	identify
	image	iazcomp.0016 - Ap 16
	aperture	16
	aplow	1179.12
	aphigh	1187.97
	units	Angstroms
	features	44
	         43.81 4845.16123  4845.1626   4.0 1 1 
	        179.70 4840.47688  4840.4744   4.0 1 1 
	        396.72 4832.80283  4832.8025   4.0 1 1 
	        430.24 4831.59615  4831.5975   4.0 1 1 
	        443.41 4831.12079  4831.1213   4.0 1 1 
	        479.87 4829.79915  4829.7973   4.0 1 1 
	        564.70 4826.69808  4826.7004   4.0 1 1 
	        620.21 4824.64858  4824.6484   4.0 1 1 
	        637.74   4823.998  4823.9967   4.0 1 1 
	        648.28 4823.60584  4823.6058   4.0 1 1 
	        668.46 4822.85391  4822.8548   4.0 1 1 
	        694.88 4821.86626  4821.8646   4.0 1 1 
	        702.33 4821.58708  4821.5878   4.0 1 1 
	        721.04 4820.88454  4820.8847   4.0 1 1 
	        732.18 4820.46556  4820.4649   4.0 1 1 
	        765.92 4819.19229   4819.193   4.0 1 1 
	        780.28 4818.64856  4818.6477   4.0 1 1 
	        823.22 4817.01658  4817.0206   4.0 1 1 
	        927.69 4813.00547  4813.0069   4.0 1 1 
	        943.91 4812.37767  4812.3755   4.0 1 1 
	       1014.87 4809.61446   4809.614   4.0 1 1 
	       1052.61  4808.1344  4808.1337   4.0 1 1 
	       1106.14 4806.02197  4806.0205   4.0 1 1 
	       1158.10 4803.95725  4803.9559   4.0 1 1 
	       1190.25 4802.67314  4802.6714   4.0 1 1 
	       1230.73 4801.04825  4801.0517   4.0 1 1 
	       1252.47 4800.17184  4800.1724   4.0 1 1 
	       1357.24 4795.91541  4795.9131   4.0 1 1 
	       1406.31 4793.90249  4793.9052   4.0 1 1 
	       1422.26 4793.24544  4793.2446   4.0 1 1 
	       1450.47 4792.08025  4792.0819   4.0 1 1 
	       1490.02 4790.44007  4790.4373   4.0 1 1 
	       1515.34 4789.38606  4789.3868   4.0 1 1 
	       1568.86 4787.14687   4787.148   4.0 1 1 
	       1583.54 4786.53025   4786.531   4.0 1 1 
	       1646.69 4783.86497  4783.8617   4.0 1 1 
	       1651.98 4783.64108  4783.6389   4.0 1 1 
	       1672.74 4782.76007  4782.7612   4.0 1 1 
	       1719.98 4780.74728  4780.7505   4.0 1 1 
	       1777.25 4778.29233   4778.294   4.0 1 1 
	       1802.81 4777.19151  4777.1915   4.0 1 1 
	       1835.16 4775.79375   4775.794   4.0 1 1 
	       1846.22 4775.31473   4775.313   4.0 1 1 
	       1893.94 4773.24139   4773.241   4.0 1 1 
	function chebyshev
	order 5
	sample *
	naverage 1
	niterate 2000
	low_reject 3.
	high_reject 3.
	grow 0.
	coefficients	9
		1.
		5.
		43.81494140625
		1893.935180664062
		4810.301609165
		-35.9622717240684
		-1.103542495153729
		0.002352501589225695
		0.003240568853793451

# Mon 19:01:40 30-Jan-2023
begin	identify iazcomp.0016 - Ap 16
	id	iazcomp.0016
	task	identify
	image	iazcomp.0016 - Ap 16
	aperture	16
	aplow	1179.12
	aphigh	1187.97
	units	Angstroms
	features	45
	         55.62 4845.16227  4845.1626   4.0 1 1 
	        181.00  4840.8445  4840.8492   4.0 1 1 
	        191.51 4840.47918  4840.4744   4.0 1 1 
	        408.55 4832.80435  4832.8025   4.0 1 1 
	        442.08 4831.59723  4831.5975   4.0 1 1 
	        455.25 4831.12129  4831.1213   4.0 1 1 
	        491.73 4829.79882  4829.7973   4.0 1 1 
	        576.53 4826.69817  4826.7004   4.0 1 1 
	        632.06 4824.64731  4824.6484   4.0 1 1 
	        649.54 4823.99829  4823.9967   4.0 1 1 
	        660.09 4823.60595  4823.6058   4.0 1 1 
	        680.28  4822.8535  4822.8548   4.0 1 1 
	        706.69 4821.86569  4821.8646   4.0 1 1 
	        714.14 4821.58645  4821.5878   4.0 1 1 
	        732.84 4820.88443  4820.8847   4.0 1 1 
	        743.96 4820.46607  4820.4649   4.0 1 1 
	        777.70 4819.19234   4819.193   4.0 1 1 
	        792.05 4818.64873  4818.6477   4.0 1 1 
	        834.94 4817.01809  4817.0206   4.0 1 1 
	        939.43 4813.00511  4813.0069   4.0 1 1 
	        955.66 4812.37648  4812.3755   4.0 1 1 
	       1026.60 4809.61356   4809.614   4.0 1 1 
	       1064.33 4808.13354  4808.1337   4.0 1 1 
	       1117.83 4806.02174  4806.0205   4.0 1 1 
	       1169.80 4803.95624  4803.9559   4.0 1 1 
	       1201.91 4802.67312  4802.6714   4.0 1 1 
	       1242.27 4801.05268  4801.0517   4.0 1 1 
	       1264.09 4800.17305  4800.1724   4.0 1 1 
	       1368.86 4795.91561  4795.9131   4.0 1 1 
	       1417.90  4793.9031  4793.9052   4.0 1 1 
	       1433.82 4793.24742  4793.2446   4.0 1 1 
	       1462.12 4792.07823  4792.0819   4.0 1 1 
	       1475.83 4791.51046  4791.5157   4.0 1 1 
	       1501.59 4790.44096  4790.4373   4.0 1 1 
	       1526.91 4789.38651  4789.3868   4.0 1 1 
	       1580.42 4787.14724   4787.148   4.0 1 1 
	       1595.09 4786.53084   4786.531   4.0 1 1 
	       1658.21 4783.86596  4783.8617   4.0 1 1 
	       1684.27 4782.75992  4782.7612   4.0 1 1 
	       1731.50 4780.74702  4780.7505   4.0 1 1 
	       1788.72 4778.29352   4778.294   4.0 1 1 
	       1814.28 4777.19204  4777.1915   4.0 1 1 
	       1846.62 4775.79408   4775.794   4.0 1 1 
	       1857.67 4775.31559   4775.313   4.0 1 1 
	       1905.41 4773.24002   4773.241   4.0 1 1 
	function chebyshev
	order 5
	sample *
	naverage 1
	niterate 2000
	low_reject 3.
	high_reject 3.
	grow 0.
	coefficients	9
		1.
		5.
		55.62226486206054
		1905.408569335937
		4810.303695967997
		-35.96396346442626
		-1.105188963981392
		0.002837712686908208
		0.002634310107445457

# Fri 11:53:42 03-Feb-2023
begin	identify iazcomp.0016 - Ap 16
	id	iazcomp.0016
	task	identify
	image	iazcomp.0016 - Ap 16
	aperture	16
	aplow	1179.12
	aphigh	1187.97
	units	Angstroms
	features	45
	         54.27 4845.16267  4845.1626   4.0 1 1 
	        179.62  4840.8454  4840.8492   4.0 1 1 
	        190.19 4840.47767  4840.4744   4.0 1 1 
	        407.23  4832.8035  4832.8025   4.0 1 1 
	        440.75 4831.59676  4831.5975   4.0 1 1 
	        453.91 4831.12155  4831.1213   4.0 1 1 
	        490.39 4829.79933  4829.7973   4.0 1 1 
	        575.22 4826.69787  4826.7004   4.0 1 1 
	        630.70 4824.64947  4824.6484   4.0 1 1 
	        648.25 4823.99817  4823.9967   4.0 1 1 
	        658.81 4823.60568  4823.6058   4.0 1 1 
	        678.99 4822.85346  4822.8548   4.0 1 1 
	        705.37 4821.86717  4821.8646   4.0 1 1 
	        712.85 4821.58673  4821.5878   4.0 1 1 
	        731.55 4820.88501  4820.8847   4.0 1 1 
	        742.69 4820.46569  4820.4649   4.0 1 1 
	        776.44 4819.19219   4819.193   4.0 1 1 
	        790.82 4818.64743  4818.6477   4.0 1 1 
	        833.73 4817.01642  4817.0206   4.0 1 1 
	        938.20 4813.00486  4813.0069   4.0 1 1 
	        954.43 4812.37672  4812.3755   4.0 1 1 
	       1025.37 4809.61405   4809.614   4.0 1 1 
	       1063.11  4808.1339  4808.1337   4.0 1 1 
	       1116.62 4806.02202  4806.0205   4.0 1 1 
	       1168.59 4803.95686  4803.9559   4.0 1 1 
	       1200.74 4802.67244  4802.6714   4.0 1 1 
	       1241.13  4801.0511  4801.0517   4.0 1 1 
	       1262.92 4800.17272  4800.1724   4.0 1 1 
	       1367.70 4795.91547  4795.9131   4.0 1 1 
	       1416.71 4793.90471  4793.9052   4.0 1 1 
	       1432.68 4793.24663  4793.2446   4.0 1 1 
	       1460.96  4792.0786  4792.0819   4.0 1 1 
	       1474.68 4791.51025  4791.5157   4.0 1 1 
	       1500.42 4790.44145  4790.4373   4.0 1 1 
	       1525.75  4789.3868  4789.3868   4.0 1 1 
	       1579.26  4787.1475   4787.148   4.0 1 1 
	       1593.93 4786.53112   4786.531   4.0 1 1 
	       1657.07 4783.86564  4783.8617   4.0 1 1 
	       1683.12  4782.7605  4782.7612   4.0 1 1 
	       1730.37 4780.74644  4780.7505   4.0 1 1 
	       1787.58 4778.29336   4778.294   4.0 1 1 
	       1813.17 4777.19088  4777.1915   4.0 1 1 
	       1845.48 4775.79424   4775.794   4.0 1 1 
	       1856.53 4775.31554   4775.313   4.0 1 1 
	       1904.26  4773.2407   4773.241   4.0 1 1 
	function chebyshev
	order 5
	sample *
	naverage 1
	niterate 2000
	low_reject 3.
	high_reject 3.
	grow 0.
	coefficients	9
		1.
		5.
		54.26834106445312
		1904.258666992187
		4810.304221453755
		-35.96301429436165
		-1.105452513056129
		0.002027021645475555
		0.002913342909626108

# Mon 14:50:48 06-Feb-2023
begin	identify iazcomp.0016 - Ap 16
	id	iazcomp.0016
	task	identify
	image	iazcomp.0016 - Ap 16
	aperture	16
	aplow	1179.12
	aphigh	1187.97
	units	Angstroms
	features	45
	         51.63 4845.16318  4845.1626   4.0 1 1 
	        177.09   4840.844  4840.8492   4.0 1 1 
	        187.62 4840.47804  4840.4744   4.0 1 1 
	        404.76 4832.80368  4832.8025   4.0 1 1 
	        438.29 4831.59687  4831.5975   4.0 1 1 
	        451.46 4831.12152  4831.1213   4.0 1 1 
	        487.94 4829.79971  4829.7973   4.0 1 1 
	        572.81 4826.69817  4826.7004   4.0 1 1 
	        628.32 4824.64927  4824.6484   4.0 1 1 
	        645.86 4823.99847  4823.9967   4.0 1 1 
	        656.41 4823.60604  4823.6058   4.0 1 1 
	        676.61 4822.85386  4822.8548   4.0 1 1 
	        703.06 4821.86497  4821.8646   4.0 1 1 
	        710.48 4821.58725  4821.5878   4.0 1 1 
	        729.20  4820.8844  4820.8847   4.0 1 1 
	        740.32 4820.46629  4820.4649   4.0 1 1 
	        774.10 4819.19186   4819.193   4.0 1 1 
	        788.46 4818.64837  4818.6477   4.0 1 1 
	        831.39 4817.01693  4817.0206   4.0 1 1 
	        935.90 4813.00493  4813.0069   4.0 1 1 
	        952.12 4812.37721  4812.3755   4.0 1 1 
	       1023.11 4809.61347   4809.614   4.0 1 1 
	       1060.86 4808.13328  4808.1337   4.0 1 1 
	       1114.39 4806.02128  4806.0205   4.0 1 1 
	       1166.38 4803.95573  4803.9559   4.0 1 1 
	       1198.50 4802.67296  4802.6714   4.0 1 1 
	       1238.87  4801.0526  4801.0517   4.0 1 1 
	       1260.75 4800.17084  4800.1724   4.0 1 1 
	       1365.51 4795.91543  4795.9131   4.0 1 1 
	       1414.53 4793.90461  4793.9052   4.0 1 1 
	       1430.52 4793.24642  4793.2446   4.0 1 1 
	       1458.77 4792.07943  4792.0819   4.0 1 1 
	       1472.56 4791.50873  4791.5157   4.0 1 0 
	       1498.30 4790.44037  4790.4373   4.0 1 1 
	       1523.62 4789.38616  4789.3868   4.0 1 1 
	       1577.15 4787.14681   4787.148   4.0 1 1 
	       1591.83 4786.53031   4786.531   4.0 1 1 
	       1655.00 4783.86439  4783.8617   4.0 1 1 
	       1681.04 4782.75958  4782.7612   4.0 1 1 
	       1728.27 4780.74737  4780.7505   4.0 1 1 
	       1785.52 4778.29319   4778.294   4.0 1 1 
	       1811.12 4777.19075  4777.1915   4.0 1 1 
	       1843.43 4775.79452   4775.794   4.0 1 1 
	       1854.49 4775.31552   4775.313   4.0 1 1 
	       1902.22 4773.24094   4773.241   4.0 1 1 
	function chebyshev
	order 5
	sample *
	naverage 1
	niterate 2000
	low_reject 3.
	high_reject 3.
	grow 0.
	coefficients	9
		1.
		5.
		51.62610626220702
		1902.222045898438
		4810.305391261475
		-35.96358307621879
		-1.106273010298783
		0.002459883490027162
		0.002941388284553006

# Mon 15:27:04 27-Feb-2023
begin	identify iazcomp.0016 - Ap 16
	id	iazcomp.0016
	task	identify
	image	iazcomp.0016 - Ap 16
	aperture	16
	aplow	1179.12
	aphigh	1187.97
	units	Angstroms
	features	42
	         56.66 4845.16252  4845.1626   4.0 1 1 
	        181.96 4840.84523  4840.8492   6.0 1 1 
	        192.50  4840.4785  4840.4744   4.0 1 1 
	        409.50 4832.80294  4832.8025   4.0 1 1 
	        442.98 4831.59735  4831.5975   6.0 1 1 
	        456.17 4831.12089  4831.1213   4.0 1 1 
	        492.64 4829.79848  4829.7973   4.0 1 1 
	        577.38 4826.69943  4826.7004   6.0 1 1 
	        632.89 4824.64912  4824.6484   4.0 1 1 
	        650.46 4823.99716  4823.9967   4.0 1 1 
	        660.99 4823.60525  4823.6058   4.0 1 1 
	        681.17 4822.85305  4822.8548   4.0 1 1 
	        707.57 4821.86584  4821.8646   4.0 1 1 
	        714.96 4821.58865  4821.5878   6.0 1 1 
	        733.73 4820.88394  4820.8847   4.0 1 1 
	        744.86 4820.46507  4820.4649   4.0 1 1 
	        778.59 4819.19192   4819.193   4.0 1 1 
	        792.88  4818.6505  4818.6477   6.0 1 1 
	        835.86 4817.01633  4817.0206   6.0 1 1 
	        940.24 4813.00747  4813.0069   6.0 1 1 
	        956.53 4812.37681  4812.3755   4.0 1 1 
	       1027.47 4809.61345   4809.614   4.0 1 1 
	       1065.19 4808.13338  4808.1337   4.0 1 1 
	       1118.71 4806.02087  4806.0205   4.0 1 1 
	       1170.64 4803.95698  4803.9559   4.0 1 1 
	       1202.80 4802.67159  4802.6714   4.0 1 1 
	       1264.98 4800.17131  4800.1724   4.0 1 1 
	       1369.68 4795.91607  4795.9131   4.0 1 1 
	       1418.74 4793.90267  4793.9052   4.0 1 1 
	       1434.67 4793.24627  4793.2446   4.0 1 1 
	       1462.88 4792.08071  4792.0819   6.0 1 1 
	       1527.71  4789.3868  4789.3868   4.0 1 1 
	       1581.21 4787.14719   4787.148   4.0 1 1 
	       1595.88 4786.53077   4786.531   4.0 1 1 
	       1659.03 4783.86431  4783.8617   4.0 1 1 
	       1685.04 4782.76007  4782.7612   4.0 1 1 
	       1732.23 4780.74849  4780.7505   6.0 1 1 
	       1789.45 4778.29409   4778.294   6.0 1 1 
	       1815.04 4777.19124  4777.1915   4.0 1 1 
	       1847.36 4775.79389   4775.794   4.0 1 1 
	       1858.40 4775.31537   4775.313   4.0 1 1 
	       1906.12 4773.24008   4773.241   6.0 1 1 
	function chebyshev
	order 5
	sample *
	naverage 1
	niterate 2000
	low_reject 3.
	high_reject 3.
	grow 0.
	coefficients	9
		1.
		5.
		56.65716171264648
		1906.121948242188
		4810.30337917144
		-35.96290574073508
		-1.105011692438174
		0.001685307110068726
		0.002930261428203381

# Tue 13:40:12 16-May-2023
begin	identify iazcomp.0016 - Ap 16
	id	iazcomp.0016
	task	identify
	image	iazcomp.0016 - Ap 16
	aperture	16
	aplow	1179.12
	aphigh	1187.97
	units	Angstroms
	features	42
	         55.83 4845.16227  4845.1626   4.0 1 1 
	        181.14 4840.84593  4840.8492   6.0 1 1 
	        191.71 4840.47814  4840.4744   4.0 1 1 
	        408.75 4832.80297  4832.8025   4.0 1 1 
	        442.22 4831.59798  4831.5975   6.0 1 1 
	        455.43 4831.12076  4831.1213   4.0 1 1 
	        491.92 4829.79771  4829.7973   4.0 1 1 
	        576.65 4826.69976  4826.7004   6.0 1 1 
	        632.17 4824.64932  4824.6484   4.0 1 1 
	        649.73 4823.99756  4823.9967   4.0 1 1 
	        660.27 4823.60534  4823.6058   4.0 1 1 
	        680.45 4822.85328  4822.8548   4.0 1 1 
	        706.89 4821.86459  4821.8646   4.0 1 1 
	        714.25 4821.58888  4821.5878   6.0 1 1 
	        733.02 4820.88407  4820.8847   4.0 1 1 
	        744.17 4820.46447  4820.4649   4.0 1 1 
	        777.89 4819.19155   4819.193   4.0 1 1 
	        792.18 4818.65052  4818.6477   6.0 1 1 
	        835.15 4817.01689  4817.0206   6.0 1 1 
	        939.56 4813.00717  4813.0069   6.0 1 1 
	        955.85 4812.37635  4812.3755   4.0 1 1 
	       1026.78  4809.6136   4809.614   4.0 1 1 
	       1064.50 4808.13379  4808.1337   4.0 1 1 
	       1118.00 4806.02205  4806.0205   4.0 1 1 
	       1169.99 4803.95588  4803.9559   4.0 1 1 
	       1202.10 4802.67261  4802.6714   4.0 1 1 
	       1264.32 4800.17104  4800.1724   4.0 1 1 
	       1369.03 4795.91564  4795.9131   4.0 1 1 
	       1418.07 4793.90331  4793.9052   4.0 1 1 
	       1434.03  4793.2459  4793.2446   4.0 1 1 
	       1462.24 4792.08039  4792.0819   6.0 1 1 
	       1527.08 4789.38617  4789.3868   4.0 1 1 
	       1580.57 4787.14738   4787.148   4.0 1 1 
	       1595.23 4786.53124   4786.531   4.0 1 1 
	       1658.39 4783.86457  4783.8617   4.0 1 1 
	       1684.41 4782.76031  4782.7612   4.0 1 1 
	       1731.62 4780.74784  4780.7505   6.0 1 1 
	       1788.85 4778.29363   4778.294   6.0 1 1 
	       1814.43 4777.19148  4777.1915   4.0 1 1 
	       1846.75 4775.79435   4775.794   4.0 1 1 
	       1857.80  4775.3154   4775.313   4.0 1 1 
	       1905.54 4773.23994   4773.241   6.0 1 1 
	function chebyshev
	order 5
	sample *
	naverage 1
	niterate 2000
	low_reject 3.
	high_reject 3.
	grow 0.
	coefficients	9
		1.
		5.
		55.82564163208008
		1905.536987304687
		4810.303691417432
		-35.96337223593571
		-1.105487105777704
		0.002210513356946464
		0.0029005419712645

# Mon 15:28:29 14-Aug-2023
begin	identify iazcomp.0016 - Ap 16
	id	iazcomp.0016
	task	identify
	image	iazcomp.0016 - Ap 16
	aperture	16
	aplow	1179.12
	aphigh	1187.97
	units	Angstroms
	features	42
	         59.55 4845.16225  4845.1626   4.0 1 1 
	        184.82 4840.84585  4840.8492   6.0 1 1 
	        195.38 4840.47829  4840.4744   4.0 1 1 
	        412.34 4832.80289  4832.8025   4.0 1 1 
	        445.79 4831.59799  4831.5975   6.0 1 1 
	        459.00 4831.12074  4831.1213   4.0 1 1 
	        495.47 4829.79796  4829.7973   4.0 1 1 
	        580.16 4826.69981  4826.7004   6.0 1 1 
	        635.72 4824.64729  4824.6484   4.0 1 1 
	        653.22 4823.99713  4823.9967   4.0 1 1 
	        663.75 4823.60543  4823.6058   4.0 1 1 
	        683.94 4822.85275  4822.8548   4.0 1 1 
	        710.24  4821.8688  4821.8646   4.0 1 1 
	        717.71 4821.58862  4821.5878   6.0 1 1 
	        736.48 4820.88357  4820.8847   4.0 1 1 
	        747.60 4820.46489  4820.4649   4.0 1 1 
	        781.33 4819.19124   4819.193   4.0 1 1 
	        795.61 4818.65024  4818.6477   6.0 1 1 
	        838.56 4817.01644  4817.0206   6.0 1 1 
	        942.93 4813.00669  4813.0069   6.0 1 1 
	        959.19 4812.37685  4812.3755   4.0 1 1 
	       1030.12 4809.61302   4809.614   4.0 1 1 
	       1067.84 4808.13278  4808.1337   4.0 1 1 
	       1121.27 4806.02285  4806.0205   4.0 1 1 
	       1173.24 4803.95666  4803.9559   4.0 1 1 
	       1205.36  4802.6725  4802.6714   4.0 1 1 
	       1267.54 4800.17147  4800.1724   4.0 1 1 
	       1372.22 4795.91596  4795.9131   4.0 1 1 
	       1421.28 4793.90227  4793.9052   4.0 1 1 
	       1437.21 4793.24566  4793.2446   4.0 1 1 
	       1465.41 4792.08054  4792.0819   6.0 1 1 
	       1530.23 4789.38619  4789.3868   4.0 1 1 
	       1583.71 4787.14751   4787.148   4.0 1 1 
	       1598.39 4786.53055   4786.531   4.0 1 1 
	       1661.50 4783.86521  4783.8617   4.0 1 1 
	       1687.52 4782.76082  4782.7612   4.0 1 1 
	       1734.74 4780.74753  4780.7505   6.0 1 1 
	       1791.95 4778.29366   4778.294   6.0 1 1 
	       1817.52 4777.19146  4777.1915   4.0 1 1 
	       1849.83 4775.79444   4775.794   4.0 1 1 
	       1860.89 4775.31522   4775.313   4.0 1 1 
	       1908.61 4773.23993   4773.241   6.0 1 1 
	function chebyshev
	order 5
	sample *
	naverage 1
	niterate 2000
	low_reject 3.
	high_reject 3.
	grow 0.
	coefficients	9
		1.
		5.
		59.55033874511718
		1908.606567382812
		4810.302718787381
		-35.96387974702563
		-1.10442245792587
		0.002721921410252138
		0.002791797243230522

# Mon 16:08:54 14-Aug-2023
begin	identify iazcomp.0016 - Ap 16
	id	iazcomp.0016
	task	identify
	image	iazcomp.0016 - Ap 16
	aperture	16
	aplow	1179.12
	aphigh	1187.97
	units	Angstroms
	features	42
	         59.52 4845.16188  4845.1626   4.0 1 1 
	        184.79 4840.84573  4840.8492   6.0 1 1 
	        195.33 4840.47898  4840.4744   4.0 1 1 
	        412.35  4832.8031  4832.8025   4.0 1 1 
	        445.81 4831.59814  4831.5975   6.0 1 1 
	        459.02 4831.12063  4831.1213   4.0 1 1 
	        495.48  4829.7986  4829.7973   4.0 1 1 
	        580.21 4826.69984  4826.7004   6.0 1 1 
	        635.84 4824.64538  4824.6484   4.0 1 1 
	        653.29 4823.99732  4823.9967   4.0 1 1 
	        663.82 4823.60556  4823.6058   4.0 1 1 
	        684.01 4822.85301  4822.8548   4.0 1 1 
	        710.39 4821.86638  4821.8646   4.0 1 1 
	        717.79 4821.58901  4821.5878   6.0 1 1 
	        736.57 4820.88376  4820.8847   4.0 1 1 
	        747.68 4820.46552  4820.4649   4.0 1 1 
	        781.43 4819.19133   4819.193   4.0 1 1 
	        795.70 4818.65091  4818.6477   6.0 1 1 
	        838.69 4817.01639  4817.0206   6.0 1 1 
	        943.05 4813.00763  4813.0069   6.0 1 1 
	        959.33 4812.37716  4812.3755   4.0 1 1 
	       1030.28 4809.61321   4809.614   4.0 1 1 
	       1068.02 4808.13269  4808.1337   4.0 1 1 
	       1121.48 4806.02226  4806.0205   4.0 1 1 
	       1173.44 4803.95681  4803.9559   4.0 1 1 
	       1205.58 4802.67218  4802.6714   4.0 1 1 
	       1267.76 4800.17155  4800.1724   4.0 1 1 
	       1372.47 4795.91589  4795.9131   4.0 1 1 
	       1421.51 4793.90332  4793.9052   4.0 1 1 
	       1437.47 4793.24552  4793.2446   4.0 1 1 
	       1465.67 4792.08037  4792.0819   6.0 1 1 
	       1530.50 4789.38622  4789.3868   4.0 1 1 
	       1584.00 4787.14695   4787.148   4.0 1 1 
	       1598.67 4786.53017   4786.531   4.0 1 1 
	       1661.81 4783.86449  4783.8617   4.0 1 1 
	       1687.81 4782.76082  4782.7612   4.0 1 1 
	       1735.01 4780.74842  4780.7505   6.0 1 1 
	       1792.24 4778.29404   4778.294   6.0 1 1 
	       1817.83 4777.19167  4777.1915   4.0 1 1 
	       1850.15 4775.79434   4775.794   4.0 1 1 
	       1861.21 4775.31493   4775.313   4.0 1 1 
	       1908.93 4773.23988   4773.241   6.0 1 1 
	function chebyshev
	order 5
	sample *
	naverage 1
	niterate 2000
	low_reject 3.
	high_reject 3.
	grow 0.
	coefficients	9
		1.
		5.
		59.52069091796874
		1908.930786132813
		4810.302670427672
		-35.96328455691947
		-1.104760724563048
		0.002286169701714282
		0.002967079431071352

