# Tue 22:46:33 07-Sep-2021
begin	identify iazcomp.0039 - Ap 39
	id	iazcomp.0039
	task	identify
	image	iazcomp.0039 - Ap 39
	aperture	39
	aplow	1498.08
	aphigh	1505.95
	units	Angstroms
	features	21
	         49.32 7030.25123  7030.2514   4.0 1 1 
	        125.30 7026.46551  7026.4616   4.0 1 1 
	        150.10 7025.22098  7025.2251   4.0 1 1 
	        227.96  7021.2837  7021.2832   4.0 1 1 
	        281.17 7018.56775  7018.5675   4.0 1 1 
	        344.36   7015.315  7015.3172   4.0 1 1 
	        580.67 7002.88841  7002.8829   4.0 1 1 
	        619.58 7000.80238  7000.8036   4.0 1 1 
	        762.67 6993.03374  6993.0371   4.0 1 1 
	        777.57 6992.21557  6992.2126   4.0 1 1 
	        824.05 6989.65413  6989.6553   4.0 1 1 
	        889.34 6986.02839  6986.0298   4.0 1 1 
	        977.48 6981.08227  6981.0831   4.0 1 1 
	       1337.92  6960.2501    6960.25   4.0 1 1 
	       1431.86 6954.66051   6954.656   4.0 1 1 
	       1484.84 6951.47869  6951.4776   4.0 1 1 
	       1583.71 6945.48581  6945.4902   4.0 1 1 
	       1614.40 6943.61039  6943.6105   4.0 1 1 
	       1631.94 6942.53548   6942.538   4.0 1 1 
	       1710.97 6937.66482  6937.6642   4.0 1 1 
	       1727.26 6936.65484  6936.6528   4.0 1 1 
	function chebyshev
	order 5
	sample *
	naverage 1
	niterate 2000
	low_reject 3.
	high_reject 3.
	grow 0.
	coefficients	9
		1.
		5.
		49.32110595703125
		1727.264038085938
		6984.768279649138
		-46.79648654698519
		-1.316770346058586
		-0.00170800757346097
		0.001524244430182119

# Fri 11:04:38 11-Mar-2022
begin	identify iazcomp.0039 - Ap 39
	id	iazcomp.0039
	task	identify
	image	iazcomp.0039 - Ap 39
	aperture	39
	aplow	1498.08
	aphigh	1505.95
	units	Angstroms
	features	25
	         33.14 7030.24856  7030.2514   4.0 1 1 
	         77.91 7028.02419  7028.0228   4.0 1 1 
	        109.10 7026.46615  7026.4616   4.0 1 1 
	        133.89  7025.2225  7025.2251   4.0 1 1 
	        211.81 7021.28492  7021.2832   4.0 1 1 
	        227.54 7020.48443  7020.4841   4.0 1 1 
	        265.07 7018.56741  7018.5675   4.0 1 1 
	        328.31  7015.3137  7015.3172   4.0 1 1 
	        603.61 7000.80435  7000.8036   4.0 1 1 
	        746.77 6993.03508  6993.0371   4.0 1 1 
	        752.98 6992.69508  6992.6966   4.0 1 1 
	        761.68 6992.21744  6992.2126   4.0 1 1 
	        808.18 6989.65534  6989.6553   4.0 1 1 
	        873.49 6986.03025  6986.0298   4.0 1 1 
	        961.73 6981.08093  6981.0831   4.0 1 1 
	       1322.30 6960.25003    6960.25   4.0 1 1 
	       1416.30 6954.65956   6954.656   4.0 1 1 
	       1469.31 6951.47814  6951.4776   4.0 1 1 
	       1568.22 6945.48614  6945.4902   4.0 1 1 
	       1598.95 6943.60968  6943.6105   4.0 1 1 
	       1616.48 6942.53623   6942.538   4.0 1 1 
	       1695.56 6937.66564  6937.6642   4.0 1 1 
	       1711.89 6936.65422  6936.6528   4.0 1 1 
	       1897.67 6925.01068  6925.0094   4.0 1 1 
	       1975.82 6920.03843  6920.0394   4.0 1 1 
	function chebyshev
	order 5
	sample *
	naverage 1
	niterate 2000
	low_reject 3.
	high_reject 3.
	grow 0.
	coefficients	9
		1.
		5.
		33.1419906616211
		1975.817016601563
		6976.89965223644
		-55.10739656248571
		-1.759366141622679
		0.002335540699327929
		0.003209312494065298

# Tue 15:32:33 29-Mar-2022
begin	identify iazcomp.0039 - Ap 39
	id	iazcomp.0039
	task	identify
	image	iazcomp.0039 - Ap 39
	aperture	39
	aplow	1498.08
	aphigh	1505.95
	units	Angstroms
	features	25
	         33.81 7030.24783  7030.2514   4.0 1 1 
	         78.55 7028.02558  7028.0228   4.0 1 1 
	        109.74 7026.46744  7026.4616   4.0 1 1 
	        134.61 7025.21997  7025.2251   4.0 1 1 
	        212.53 7021.28268  7021.2832   4.0 1 1 
	        228.17 7020.48697  7020.4841   4.0 1 1 
	        265.74 7018.56798  7018.5675   4.0 1 1 
	        328.99 7015.31383  7015.3172   4.0 1 1 
	        604.27 7000.80444  7000.8036   4.0 1 1 
	        747.40 6993.03584  6993.0371   4.0 1 1 
	        753.65 6992.69326  6992.6966   4.0 1 1 
	        762.33 6992.21674  6992.2126   4.0 1 1 
	        808.81 6989.65588  6989.6553   4.0 1 1 
	        874.14  6986.0288  6986.0298   4.0 1 1 
	        962.30  6981.0835  6981.0831   4.0 1 1 
	       1322.88 6960.25014    6960.25   4.0 1 1 
	       1416.87  6954.6599   6954.656   4.0 1 1 
	       1469.88   6951.478  6951.4776   4.0 1 1 
	       1568.82  6945.4844  6945.4902   4.0 1 1 
	       1599.51 6943.61022  6943.6105   4.0 1 1 
	       1617.06 6942.53524   6942.538   4.0 1 1 
	       1696.13 6937.66556  6937.6642   4.0 1 1 
	       1712.43 6936.65589  6936.6528   4.0 1 1 
	       1898.23 6925.01091  6925.0094   4.0 1 1 
	       1976.39 6920.03812  6920.0394   4.0 1 1 
	function chebyshev
	order 5
	sample *
	naverage 1
	niterate 2000
	low_reject 3.
	high_reject 3.
	grow 0.
	coefficients	9
		1.
		5.
		33.81226348876953
		1976.393798828125
		6976.899252982973
		-55.10818752109376
		-1.75931632831977
		0.003328936266274053
		0.0030390137877072

# Mon 19:11:35 30-Jan-2023
begin	identify iazcomp.0039 - Ap 39
	id	iazcomp.0039
	task	identify
	image	iazcomp.0039 - Ap 39
	aperture	39
	aplow	1498.08
	aphigh	1505.95
	units	Angstroms
	features	31
	         46.45 7030.25418  7030.2514   4.0 1 1 
	         91.28 7028.02421  7028.0228   4.0 1 1 
	        122.37 7026.46981  7026.4616   4.0 1 1 
	        147.28 7025.21886  7025.2251   4.0 1 1 
	        225.16 7021.28007  7021.2832   4.0 1 1 
	        240.80 7020.48374  7020.4841   4.0 1 1 
	        278.38 7018.56276  7018.5675   4.0 1 1 
	        341.61  7015.3079  7015.3172   4.0 1 1 
	        348.46 7014.95362  7014.9689   4.0 1 1 
	        497.95 7007.13386  7007.0961   4.0 1 1 
	        577.95  7002.8814  7002.8829   4.0 1 1 
	        616.88 7000.79441  7000.8036   4.0 1 1 
	        638.70 6999.62009  6999.6238   4.0 1 1 
	        691.00 6996.79032  6996.7573   4.0 1 1 
	        742.09 6994.00605  6993.9873   4.0 1 1 
	        760.00 6993.02563  6993.0371   4.0 1 1 
	        766.25 6992.68286  6992.6966   4.0 1 1 
	        774.93 6992.20669  6992.2126   4.0 1 1 
	        821.41 6989.64541  6989.6553   4.0 1 1 
	        886.70 6986.01981  6986.0298   4.0 1 1 
	        896.48 6985.47439  6985.4718   4.0 1 1 
	        974.87 6981.07356  6981.0831   4.0 1 1 
	       1180.90 6969.28778  6969.2976   4.0 1 1 
	       1299.73 6962.34572  6962.3117   4.0 1 1 
	       1335.35 6960.24421    6960.25   4.0 1 1 
	       1429.30 6954.65647   6954.656   4.0 1 1 
	       1482.31 6951.47449  6951.4776   4.0 1 1 
	       1581.22  6945.4826  6945.4902   4.0 1 1 
	       1611.91 6943.60917  6943.6105   4.0 1 1 
	       1629.44   6942.536   6942.538   4.0 1 1 
	       1708.48 6937.66882  6937.6642   4.0 1 1 
	function chebyshev
	order 5
	sample *
	naverage 1
	niterate 2000
	low_reject 3.
	high_reject 3.
	grow 0.
	coefficients	9
		1.
		5.
		46.4474983215332
		1708.477294921875
		6985.245655912436
		-46.29123713158666
		-1.286711605809772
		-0.001439720280467359
		0.002555752560696882

# Fri 11:54:24 03-Feb-2023
begin	identify iazcomp.0039 - Ap 39
	id	iazcomp.0039
	task	identify
	image	iazcomp.0039 - Ap 39
	aperture	39
	aplow	1498.08
	aphigh	1505.95
	units	Angstroms
	features	27
	         45.08 7030.24904  7030.2514   4.0 1 1 
	         89.86 7028.02543  7028.0228   4.0 1 1 
	        121.11  7026.4651  7026.4616   4.0 1 1 
	        145.91 7025.22162  7025.2251   4.0 1 1 
	        223.84 7021.28377  7021.2832   4.0 1 1 
	        239.51 7020.48673  7020.4841   4.0 1 1 
	        277.03 7018.57023  7018.5675   4.0 1 1 
	        340.30 7015.31471  7015.3172   4.0 1 1 
	        347.17 7014.95948  7014.9689   4.0 1 1 
	        576.65 7002.88999  7002.8829   4.0 1 1 
	        615.58 7000.80339  7000.8036   4.0 1 1 
	        637.39 6999.62942  6999.6238   4.0 1 1 
	        758.72 6993.03363  6993.0371   4.0 1 1 
	        764.97 6992.69085  6992.6966   4.0 1 1 
	        773.63 6992.21558  6992.2126   4.0 1 1 
	        820.13 6989.65312  6989.6553   4.0 1 1 
	        885.45 6986.02644  6986.0298   4.0 1 1 
	        895.27 6985.47866  6985.4718   4.0 1 1 
	        973.61 6981.08128  6981.0831   4.0 1 1 
	       1179.67 6969.29501  6969.2976   4.0 1 1 
	       1334.15 6960.25011    6960.25   4.0 1 1 
	       1428.13 6954.66095   6954.656   4.0 1 1 
	       1481.14 6951.47897  6951.4776   4.0 1 1 
	       1580.05 6945.48527  6945.4902   4.0 1 1 
	       1610.74 6943.61123  6943.6105   4.0 1 1 
	       1628.28 6942.53675   6942.538   4.0 1 1 
	       1707.33 6937.66572  6937.6642   4.0 1 1 
	function chebyshev
	order 5
	sample *
	naverage 1
	niterate 2000
	low_reject 3.
	high_reject 3.
	grow 0.
	coefficients	9
		1.
		5.
		45.08484649658203
		1707.331176757813
		6985.249078057995
		-46.29141555857919
		-1.292157788520784
		-2.456923431356055E-4
		4.573658315681836E-4

# Mon 14:51:49 06-Feb-2023
begin	identify iazcomp.0039 - Ap 39
	id	iazcomp.0039
	task	identify
	image	iazcomp.0039 - Ap 39
	aperture	39
	aplow	1498.08
	aphigh	1505.95
	units	Angstroms
	features	27
	         42.49 7030.25076  7030.2514   4.0 1 1 
	         87.38 7028.02194  7028.0228   4.0 1 1 
	        118.54 7026.46625  7026.4616   4.0 1 1 
	        143.38 7025.22067  7025.2251   4.0 1 1 
	        221.30 7021.28446  7021.2832   4.0 1 1 
	        236.94 7020.48894  7020.4841   4.0 1 1 
	        274.53 7018.56942  7018.5675   4.0 1 1 
	        337.80 7015.31483  7015.3172   4.0 1 1 
	        344.66 7014.96006  7014.9689   4.0 1 1 
	        574.25 7002.88906  7002.8829   4.0 1 1 
	        613.19 7000.80307  7000.8036   4.0 1 1 
	        635.06 6999.62614  6999.6238   4.0 1 1 
	        756.38 6993.03379  6993.0371   4.0 1 1 
	        762.60 6992.69264  6992.6966   4.0 1 1 
	        771.31 6992.21477  6992.2126   4.0 1 1 
	        817.80 6989.65407  6989.6553   4.0 1 1 
	        883.16  6986.0263  6986.0298   4.0 1 1 
	        892.92 6985.48229  6985.4718   4.0 1 1 
	        971.34 6981.08162  6981.0831   4.0 1 1 
	       1177.55 6969.29072  6969.2976   4.0 1 1 
	       1331.98 6960.25093    6960.25   4.0 1 1 
	       1425.99 6954.66104   6954.656   4.0 1 1 
	       1479.00 6951.47958  6951.4776   4.0 1 1 
	       1577.93 6945.48585  6945.4902   4.0 1 1 
	       1608.62 6943.61162  6943.6105   4.0 1 1 
	       1626.17 6942.53662   6942.538   4.0 1 1 
	       1705.25 6937.66506  6937.6642   4.0 1 1 
	function chebyshev
	order 5
	sample *
	naverage 1
	niterate 2000
	low_reject 3.
	high_reject 3.
	grow 0.
	coefficients	9
		1.
		5.
		42.49338531494141
		1705.2490234375
		6985.250209802031
		-46.29153055043377
		-1.293035990687168
		-0.001321478398191276
		7.381737236421652E-4

# Mon 15:30:52 27-Feb-2023
begin	identify iazcomp.0039 - Ap 39
	id	iazcomp.0039
	task	identify
	image	iazcomp.0039 - Ap 39
	aperture	39
	aplow	1498.08
	aphigh	1505.95
	units	Angstroms
	features	27
	         47.43 7030.24937  7030.2514   6.0 1 1 
	         92.18 7028.02508  7028.0228   4.0 1 1 
	        123.40 7026.46416  7026.4616   4.0 1 1 
	        226.06 7021.28224  7021.2832   4.0 1 1 
	        241.72  7020.4852  7020.4841   4.0 1 1 
	        279.27 7018.56634  7018.5675   6.0 1 1 
	        342.51 7015.31091  7015.3172   4.0 1 1 
	        578.76 7002.88658  7002.8829   4.0 1 1 
	        617.66 7000.80141  7000.8036   6.0 1 1 
	        639.37 6999.63254  6999.6238   4.0 1 1 
	        760.76 6993.03206  6993.0371   6.0 1 1 
	        766.89 6992.69574  6992.6966   6.0 1 1 
	        775.67 6992.21354  6992.2126   6.0 1 1 
	        822.12 6989.65366  6989.6553   6.0 1 1 
	        887.45 6986.02552  6986.0298   6.0 1 1 
	        897.23 6985.47964  6985.4718   4.0 1 1 
	        975.58 6981.08055  6981.0831   6.0 1 1 
	       1336.05 6960.24797    6960.25   4.0 1 1 
	       1429.99 6954.65935   6954.656   4.0 1 1 
	       1482.99 6951.47692  6951.4776   4.0 1 1 
	       1581.84 6945.48651  6945.4902   6.0 1 1 
	       1612.55 6943.61086  6943.6105   4.0 1 1 
	       1630.09 6942.53598   6942.538   4.0 1 1 
	       1709.13 6937.66595  6937.6642   4.0 1 1 
	       1725.40 6936.65813  6936.6528   6.0 1 1 
	       1911.23 6925.00567  6925.0094   6.0 1 1 
	       1989.23 6920.04062  6920.0394   6.0 1 1 
	function chebyshev
	order 5
	sample *
	naverage 1
	niterate 2000
	low_reject 3.
	high_reject 3.
	grow 0.
	coefficients	9
		1.
		5.
		47.43218612670899
		1989.22802734375
		6976.900048313697
		-55.10582971048274
		-1.757823510715628
		0.001451961814791227
		0.00277065921341127

# Tue 13:40:49 16-May-2023
begin	identify iazcomp.0039 - Ap 39
	id	iazcomp.0039
	task	identify
	image	iazcomp.0039 - Ap 39
	aperture	39
	aplow	1498.08
	aphigh	1505.95
	units	Angstroms
	features	27
	         46.55 7030.24913  7030.2514   6.0 1 1 
	         91.31  7028.0249  7028.0228   4.0 1 1 
	        122.56  7026.4637  7026.4616   4.0 1 1 
	        225.27 7021.28124  7021.2832   4.0 1 1 
	        240.88 7020.48672  7020.4841   4.0 1 1 
	        278.45 7018.56708  7018.5675   6.0 1 1 
	        341.70 7015.31235  7015.3172   4.0 1 1 
	        578.04 7002.88631  7002.8829   4.0 1 1 
	        616.92 7000.80215  7000.8036   6.0 1 1 
	        638.74 6999.62769  6999.6238   4.0 1 1 
	        760.05 6993.03276  6993.0371   6.0 1 1 
	        766.21 6992.69478  6992.6966   6.0 1 1 
	        774.96 6992.21407  6992.2126   6.0 1 1 
	        821.42 6989.65393  6989.6553   6.0 1 1 
	        886.73 6986.02751  6986.0298   6.0 1 1 
	        896.56 6985.47872  6985.4718   4.0 1 1 
	        974.87 6981.08223  6981.0831   6.0 1 1 
	       1335.42 6960.24766    6960.25   4.0 1 1 
	       1429.36 6954.65915   6954.656   4.0 1 1 
	       1482.38 6951.47663  6951.4776   4.0 1 1 
	       1581.24 6945.48619  6945.4902   6.0 1 1 
	       1611.96 6943.60995  6943.6105   4.0 1 1 
	       1629.48 6942.53661   6942.538   4.0 1 1 
	       1708.53 6937.66683  6937.6642   4.0 1 1 
	       1724.81 6936.65801  6936.6528   6.0 1 1 
	       1910.68 6925.00545  6925.0094   6.0 1 1 
	       1988.69 6920.04073  6920.0394   6.0 1 1 
	function chebyshev
	order 5
	sample *
	naverage 1
	niterate 2000
	low_reject 3.
	high_reject 3.
	grow 0.
	coefficients	9
		1.
		5.
		46.55136108398438
		1988.686279296875
		6976.901254326773
		-55.10658839080869
		-1.759077912710571
		0.002389531317662408
		0.002756431390004702

# Mon 15:29:21 14-Aug-2023
begin	identify iazcomp.0039 - Ap 39
	id	iazcomp.0039
	task	identify
	image	iazcomp.0039 - Ap 39
	aperture	39
	aplow	1498.08
	aphigh	1505.95
	units	Angstroms
	features	24
	         50.27 7030.25051  7030.2514   6.0 1 1 
	         95.01 7028.02653  7028.0228   4.0 1 1 
	        126.37 7026.45855  7026.4616   4.0 1 1 
	        228.94 7021.28136  7021.2832   4.0 1 1 
	        244.53 7020.48766  7020.4841   4.0 1 1 
	        282.09 7018.56807  7018.5675   6.0 1 1 
	        345.32 7015.31282  7015.3172   4.0 1 1 
	        581.56 7002.88718  7002.8829   4.0 1 1 
	        620.42 7000.80306  7000.8036   6.0 1 1 
	        642.28 6999.62583  6999.6238   4.0 1 1 
	        763.49 6993.03307  6993.0371   6.0 1 1 
	        778.40 6992.21432  6992.2126   6.0 1 1 
	        824.84 6989.65381  6989.6553   6.0 1 1 
	        890.16 6986.02545  6986.0298   6.0 1 1 
	        899.98 6985.47714  6985.4718   4.0 1 1 
	        978.24 6981.08157  6981.0831   6.0 1 1 
	       1338.65 6960.24874    6960.25   4.0 1 1 
	       1432.57 6954.66067   6954.656   4.0 1 1 
	       1485.56  6951.4786  6951.4776   4.0 1 1 
	       1584.39 6945.48716  6945.4902   6.0 1 1 
	       1615.11 6943.60997  6943.6105   4.0 1 1 
	       1632.63  6942.5362   6942.538   4.0 1 1 
	       1711.65 6937.66382  6937.6642   4.0 1 1 
	       1727.92   6936.655  6936.6528   6.0 1 1 
	function chebyshev
	order 6
	sample *
	naverage 1
	niterate 2000
	low_reject 3.
	high_reject 3.
	grow 0.
	coefficients	10
		1.
		6.
		50.2711067199707
		1727.917846679687
		6984.768278463351
		-46.7962063788149
		-1.316030820716483
		-8.846994353889625E-4
		5.030849147434962E-4
		-6.635229896048590E-4

# Mon 16:09:54 14-Aug-2023
begin	identify iazcomp.0039 - Ap 39
	id	iazcomp.0039
	task	identify
	image	iazcomp.0039 - Ap 39
	aperture	39
	aplow	1498.08
	aphigh	1505.95
	units	Angstroms
	features	24
	         50.24 7030.24879  7030.2514   6.0 1 1 
	         94.99 7028.02447  7028.0228   4.0 1 1 
	        126.20 7026.46487  7026.4616   4.0 1 1 
	        228.88 7021.28331  7021.2832   4.0 1 1 
	        244.58 7020.48401  7020.4841   4.0 1 1 
	        282.09 7018.56729  7018.5675   6.0 1 1 
	        345.34 7015.31165  7015.3172   4.0 1 1 
	        581.61 7002.88673  7002.8829   4.0 1 1 
	        620.48 7000.80268  7000.8036   6.0 1 1 
	        642.28 6999.62877  6999.6238   4.0 1 1 
	        763.58 6993.03274  6993.0371   6.0 1 1 
	        778.48  6992.2146  6992.2126   6.0 1 1 
	        824.94 6989.65369  6989.6553   6.0 1 1 
	        890.26 6986.02557  6986.0298   6.0 1 1 
	        900.11 6985.47622  6985.4718   4.0 1 1 
	        978.37  6981.0814  6981.0831   6.0 1 1 
	       1338.85 6960.24894    6960.25   4.0 1 1 
	       1432.80 6954.66032   6954.656   4.0 1 1 
	       1485.79 6951.47876  6951.4776   4.0 1 1 
	       1584.64 6945.48739  6945.4902   6.0 1 1 
	       1615.36 6943.61062  6943.6105   4.0 1 1 
	       1632.90 6942.53557   6942.538   4.0 1 1 
	       1711.93 6937.66363  6937.6642   4.0 1 1 
	       1728.19 6936.65509  6936.6528   6.0 1 1 
	function chebyshev
	order 6
	sample *
	naverage 1
	niterate 2000
	low_reject 3.
	high_reject 3.
	grow 0.
	coefficients	10
		1.
		6.
		50.2380142211914
		1728.192138671875
		6984.767716143304
		-46.79532477628817
		-1.316071764969966
		-9.043716108733808E-4
		2.942881181107026E-4
		-6.188777232574309E-4

