# Tue 22:31:18 07-Sep-2021
begin	identify iazcomp.0003 - Ap 3
	id	iazcomp.0003
	task	identify
	image	iazcomp.0003 - Ap 3
	aperture	3
	aplow	923.13
	aphigh	931.13
	units	Angstroms
	features	39
	        156.72 4118.49186  4118.4893   4.0 1 1 
	        216.97 4116.71079  4116.7137   4.0 1 1 
	        249.00 4115.75764  4115.7589   4.0 1 1 
	        348.91 4112.75579  4112.7545   4.0 1 1 
	        461.38 4109.32475  4109.3234   4.0 1 1 
	        490.70 4108.42132  4108.4198   4.0 1 1 
	        508.91 4107.85799  4107.8614   4.0 1 1 
	        534.91 4107.05164  4107.0506   4.0 1 1 
	        605.81 4104.83726  4104.8385   4.0 1 1 
	        620.35 4104.38047  4104.3821   4.0 1 1 
	        676.13 4102.61911  4102.6177   4.0 1 1 
	        747.60 4100.34248  4100.3414   4.0 1 1 
	        791.51 4098.93241  4098.9327   4.0 1 1 
	        828.18 4097.74834  4097.7478   4.0 1 1 
	        879.59 4096.07823  4096.0759   4.0 1 1 
	        920.27 4094.74853   4094.747   4.0 1 1 
	        953.01 4093.67305  4093.6713   4.0 1 1 
	        961.64 4093.38896  4093.3921   4.0 1 1 
	       1089.50  4089.1388  4089.1379   4.0 1 1 
	       1101.89 4088.72318  4088.7264   4.0 1 1 
	       1144.64 4087.28368  4087.2848   4.0 1 1 
	       1167.19 4086.52134  4086.5205   4.0 1 1 
	       1199.29 4085.43192  4085.4341   4.0 1 1 
	       1210.75 4085.04205  4085.0421   4.0 1 1 
	       1256.82 4083.46877  4083.4688   4.0 1 1 
	       1288.35 4082.38653  4082.3872   4.0 1 1 
	       1317.89 4081.36851  4081.3678   4.0 1 1 
	       1369.69  4079.5749  4079.5738   4.0 1 1 
	       1445.07 4076.94339  4076.9432   4.0 1 1 
	       1454.05 4076.62854  4076.6284   4.0 1 1 
	       1486.03 4075.50359   4075.503   4.0 1 1 
	       1532.61 4073.85745  4073.8563   4.0 1 1 
	       1574.07 4072.38417  4072.3849   4.0 1 1 
	       1634.06 4070.23977  4070.2383   4.0 1 1 
	       1655.74 4069.46115  4069.4612   4.0 1 1 
	       1711.47 4067.45043  4067.4507   4.0 1 1 
	       1797.24 4064.33065  4064.3315   4.0 1 1 
	       1822.51 4063.40588  4063.4071   4.0 1 1 
	       1935.08  4059.2537  4059.2529   4.0 1 1 
	function chebyshev
	order 5
	sample *
	naverage 1
	niterate 2000
	low_reject 3.
	high_reject 3.
	grow 0.
	coefficients	9
		1.
		5.
		156.7200927734375
		1935.079467773438
		4089.732525403794
		-29.62341259811856
		-0.8616880994741
		0.004333378520967156
		0.001940335478954035

# Fri 10:18:52 11-Mar-2022
begin	identify iazcomp.0003 - Ap 3
	id	iazcomp.0003
	task	identify
	image	iazcomp.0003 - Ap 3
	aperture	3
	aplow	923.13
	aphigh	931.13
	units	Angstroms
	features	23
	        157.43 4118.46385  4118.4893   4.0 1 1 
	        214.58 4116.77448  4116.7137   4.0 1 1 
	        247.81 4115.78601  4115.7589   4.0 1 1 
	        347.52 4112.79085  4112.7545   4.0 1 1 
	        459.68 4109.36977  4109.3234   4.0 1 1 
	        494.32 4108.30218  4108.4198   4.0 1 1 
	        512.10 4107.75195  4107.8614   4.0 1 1 
	        535.59 4107.02316  4107.0506   4.0 1 1 
	        605.70 4104.83332  4104.8385   4.0 1 1 
	        621.05 4104.35117  4104.3821   4.0 1 1 
	        672.17 4102.73731  4102.6177   4.0 1 1 
	        832.03 4097.61636  4097.7478   4.0 1 1 
	        880.91 4096.02813  4096.0759   4.0 1 1 
	       1087.54 4089.19719  4089.1379   4.0 1 1 
	       1101.30 4088.73581  4088.7264   4.0 1 1 
	       1196.47 4085.52064  4085.4341   4.0 1 1 
	       1208.91  4085.0973  4085.0421   4.0 1 1 
	       1260.60 4083.33195  4083.4688   4.0 1 1 
	       1289.59 4082.33637  4082.3872   4.0 1 1 
	       1452.06 4076.69103  4076.6284   4.0 1 1 
	       1570.64 4072.49907  4072.3849   4.0 1 1 
	       1632.79 4070.27822  4070.2383   4.0 1 1 
	       1935.83 4059.21849  4059.2529   4.0 1 1 
	shift	-0.007240258583864771
	function chebyshev
	order 5
	sample *
	naverage 1
	niterate 2000
	low_reject 3.
	high_reject 3.
	grow 0.
	coefficients	9
		1.
		5.
		156.7200927734377
		1935.079467773441
		4089.732525403799
		-29.6234125981186
		-0.8616880994741011
		0.004333378520967164
		0.001940335478954039

# Fri 10:40:41 11-Mar-2022
begin	identify iazcomp.0003 - Ap 3
	id	iazcomp.0003
	task	identify
	image	iazcomp.0003 - Ap 3
	aperture	3
	aplow	923.13
	aphigh	931.13
	units	Angstroms
	features	38
	        202.21 4116.71385  4116.7137   4.0 1 1 
	        234.30  4115.7584  4115.7589   4.0 1 1 
	        334.24 4112.75507  4112.7545   4.0 1 1 
	        446.67 4109.32525  4109.3234   4.0 1 1 
	        476.04 4108.42055  4108.4198   4.0 1 1 
	        520.36  4107.0479  4107.0506   4.0 1 1 
	        591.17 4104.83716  4104.8385   4.0 1 1 
	        605.70 4104.38057  4104.3821   4.0 1 1 
	        661.52  4102.6191  4102.6177   4.0 1 1 
	        733.04 4100.34165  4100.3414   4.0 1 1 
	        776.99 4098.93119  4098.9327   4.0 1 1 
	        783.16 4098.73253  4098.7316   4.0 1 1 
	        813.67  4097.7474  4097.7478   4.0 1 1 
	        865.10 4096.07774  4096.0759   4.0 1 1 
	        905.80 4094.74832   4094.747   4.0 1 1 
	        938.56 4093.67296  4093.6713   4.0 1 1 
	       1075.13 4089.13849  4089.1379   4.0 1 1 
	       1130.34 4087.28215  4087.2848   4.0 1 1 
	       1152.85 4086.52145  4086.5205   4.0 1 1 
	       1184.93 4085.43365  4085.4341   4.0 1 1 
	       1196.47 4085.04106  4085.0421   4.0 1 1 
	       1208.91  4084.6172  4084.6192   4.0 1 1 
	       1242.56 4083.46785  4083.4688   4.0 1 1 
	       1274.09 4082.38632  4082.3872   4.0 1 1 
	       1303.64 4081.36879  4081.3678   4.0 1 1 
	       1332.85 4080.35927   4080.358   4.0 1 1 
	       1355.50   4079.574  4079.5738   4.0 1 1 
	       1430.88  4076.9445  4076.9432   4.0 1 1 
	       1439.88 4076.62866  4076.6284   4.0 1 1 
	       1471.86 4075.50454   4075.503   4.0 1 1 
	       1518.60 4073.85396  4073.8563   4.0 1 1 
	       1560.00 4072.38412  4072.3849   4.0 1 1 
	       1620.04 4070.23945  4070.2383   4.0 1 1 
	       1641.72 4069.46133  4069.4612   4.0 1 1 
	       1648.92 4069.20254  4069.2014   4.0 1 1 
	       1783.38 4064.32988  4064.3315   4.0 1 1 
	       1808.62 4063.40725  4063.4071   4.0 1 1 
	       1921.38 4059.25321  4059.2529   4.0 1 1 
	function chebyshev
	order 5
	sample *
	naverage 1
	niterate 2000
	low_reject 3.
	high_reject 3.
	grow 0.
	coefficients	9
		1.
		5.
		202.2112579345703
		1921.380004882813
		4088.781605137983
		-28.73460129987023
		-0.8006119330678989
		0.004284310075523153
		0.00253734150438993

# Tue 15:05:02 29-Mar-2022
begin	identify iazcomp.0003 - Ap 3
	id	iazcomp.0003
	task	identify
	image	iazcomp.0003 - Ap 3
	aperture	3
	aplow	923.13
	aphigh	931.13
	units	Angstroms
	features	38
	        202.99 4116.71298  4116.7137   4.0 1 1 
	        235.04 4115.75887  4115.7589   4.0 1 1 
	        334.95 4112.75599  4112.7545   4.0 1 1 
	        447.43 4109.32418  4109.3234   4.0 1 1 
	        476.76 4108.42049  4108.4198   4.0 1 1 
	        521.06 4107.04822  4107.0506   4.0 1 1 
	        591.82 4104.83848  4104.8385   4.0 1 1 
	        606.39 4104.38104  4104.3821   4.0 1 1 
	        662.22 4102.61856  4102.6177   4.0 1 1 
	        733.72 4100.34154  4100.3414   4.0 1 1 
	        777.64  4098.9318  4098.9327   4.0 1 1 
	        783.86 4098.73162  4098.7316   4.0 1 1 
	        814.36 4097.74679  4097.7478   4.0 1 1 
	        865.74 4096.07862  4096.0759   4.0 1 1 
	        906.48 4094.74754   4094.747   4.0 1 1 
	        939.25 4093.67173  4093.6713   4.0 1 1 
	       1075.79 4089.13825  4089.1379   4.0 1 1 
	       1131.00 4087.28196  4087.2848   4.0 1 1 
	       1153.50 4086.52135  4086.5205   4.0 1 1 
	       1185.64 4085.43156  4085.4341   4.0 1 1 
	       1197.10 4085.04194  4085.0421   4.0 1 1 
	       1209.33 4084.62541  4084.6192   4.0 1 0 
	       1243.18 4083.46889  4083.4688   4.0 1 1 
	       1274.72 4082.38698  4082.3872   4.0 1 1 
	       1304.32 4081.36778  4081.3678   4.0 1 1 
	       1333.49  4080.3597   4080.358   4.0 1 1 
	       1356.11  4079.5753  4079.5738   4.0 1 1 
	       1431.54 4076.94371  4076.9432   4.0 1 1 
	       1440.53 4076.62858  4076.6284   4.0 1 1 
	       1472.51 4075.50412   4075.503   4.0 1 1 
	       1519.18 4073.85576  4073.8563   4.0 1 1 
	       1560.63 4072.38352  4072.3849   4.0 1 1 
	       1620.63 4070.23985  4070.2383   4.0 1 1 
	       1642.35 4069.46002  4069.4612   4.0 1 1 
	       1649.56 4069.20102  4069.2014   4.0 1 1 
	       1783.84 4064.33189  4064.3315   4.0 1 1 
	       1809.15 4063.40583  4063.4071   4.0 1 1 
	       1921.75 4059.25361  4059.2529   4.0 1 1 
	function chebyshev
	order 5
	sample *
	naverage 1
	niterate 2000
	low_reject 3.
	high_reject 3.
	grow 0.
	coefficients	9
		1.
		5.
		202.98828125
		1921.754028320313
		4088.783581863023
		-28.73248466207168
		-0.802024431395214
		0.002799688739764008
		0.001736276991613606

# Mon 18:51:53 30-Jan-2023
begin	identify iazcomp.0003 - Ap 3
	id	iazcomp.0003
	task	identify
	image	iazcomp.0003 - Ap 3
	aperture	3
	aplow	923.13
	aphigh	931.13
	units	Angstroms
	features	42
	        214.22 4116.71299  4116.7137   4.0 1 1 
	        246.27   4115.759  4115.7589   4.0 1 1 
	        346.19 4112.75651  4112.7545   4.0 1 1 
	        458.67 4109.32518  4109.3234   4.0 1 1 
	        488.01 4108.42084  4108.4198   4.0 1 1 
	        506.20 4107.85847  4107.8614   4.0 1 1 
	        532.32 4107.04853  4107.0506   4.0 1 1 
	        568.73 4105.91421   4105.915   4.0 1 1 
	        603.09 4104.83829  4104.8385   4.0 1 1 
	        617.65 4104.38104  4104.3821   4.0 1 1 
	        673.48 4102.61853  4102.6177   4.0 1 1 
	        744.96 4100.34186  4100.3414   4.0 1 1 
	        788.91 4098.93124  4098.9327   4.0 1 1 
	        795.06 4098.73302  4098.7316   4.0 1 1 
	        825.57 4097.74765  4097.7478   4.0 1 1 
	        876.98 4096.07823  4096.0759   4.0 1 1 
	        917.65 4094.74906   4094.747   4.0 1 1 
	        950.46 4093.67193  4093.6713   4.0 1 1 
	        958.97 4093.39155  4093.3921   4.0 1 1 
	       1086.93 4089.13942  4089.1379   4.0 1 1 
	       1099.35 4088.72264  4088.7264   4.0 1 1 
	       1142.14 4087.28236  4087.2848   4.0 1 1 
	       1164.64 4086.52172  4086.5205   4.0 1 1 
	       1196.72 4085.43363  4085.4341   4.0 1 1 
	       1208.23 4085.04211  4085.0421   4.0 1 1 
	       1254.28 4083.46958  4083.4688   4.0 1 1 
	       1285.84 4082.38676  4082.3872   4.0 1 1 
	       1315.37 4081.36933  4081.3678   4.0 1 1 
	       1344.66 4080.35661   4080.358   4.0 1 1 
	       1367.19 4079.57536  4079.5738   4.0 1 1 
	       1387.35 4078.87419  4078.8751   4.0 1 1 
	       1442.61  4076.9431  4076.9432   4.0 1 1 
	       1451.56 4076.62902  4076.6284   4.0 1 1 
	       1571.62 4072.38383  4072.3849   4.0 1 1 
	       1589.40 4071.74962  4071.7513   4.0 1 1 
	       1631.63 4070.23859  4070.2383   4.0 1 1 
	       1653.25 4069.46218  4069.4612   4.0 1 1 
	       1660.47 4069.20236  4069.2014   4.0 1 1 
	       1709.01 4067.45035  4067.4507   4.0 1 1 
	       1794.71 4064.33269  4064.3315   4.0 1 1 
	       1820.00 4063.40692  4063.4071   4.0 1 1 
	       1932.61  4059.2523  4059.2529   4.0 1 1 
	function chebyshev
	order 5
	sample *
	naverage 1
	niterate 2000
	low_reject 3.
	high_reject 3.
	grow 0.
	coefficients	9
		1.
		5.
		214.22412109375
		1932.606811523437
		4088.785509829394
		-28.73332667259723
		-0.8046027324401834
		0.002981556101861493
		0.001736723321913014

# Fri 11:53:15 03-Feb-2023
begin	identify iazcomp.0003 - Ap 3
	id	iazcomp.0003
	task	identify
	image	iazcomp.0003 - Ap 3
	aperture	3
	aplow	923.13
	aphigh	931.13
	units	Angstroms
	features	42
	        212.82 4116.71318  4116.7137   4.0 1 1 
	        244.88 4115.75901  4115.7589   4.0 1 1 
	        344.81 4112.75628  4112.7545   4.0 1 1 
	        457.30 4109.32496  4109.3234   4.0 1 1 
	        486.65 4108.42052  4108.4198   4.0 1 1 
	        504.88 4107.85693  4107.8614   4.0 1 1 
	        530.89 4107.05047  4107.0506   4.0 1 1 
	        567.34 4105.91488   4105.915   4.0 1 1 
	        601.76 4104.83765  4104.8385   4.0 1 1 
	        616.29 4104.38105  4104.3821   4.0 1 1 
	        672.15 4102.61788  4102.6177   4.0 1 1 
	        743.62 4100.34215  4100.3414   4.0 1 1 
	        787.54 4098.93223  4098.9327   4.0 1 1 
	        793.71  4098.7336  4098.7316   4.0 1 1 
	        824.23 4097.74809  4097.7478   4.0 1 1 
	        875.66 4096.07821  4096.0759   4.0 1 1 
	        916.36 4094.74832   4094.747   4.0 1 1 
	        949.08 4093.67393  4093.6713   4.0 1 1 
	        957.74 4093.38887  4093.3921   4.0 1 1 
	       1085.63 4089.13934  4089.1379   4.0 1 1 
	       1098.07 4088.72221  4088.7264   4.0 1 1 
	       1140.83 4087.28309  4087.2848   4.0 1 1 
	       1163.37  4086.5212  4086.5205   4.0 1 1 
	       1195.46 4085.43295  4085.4341   4.0 1 1 
	       1206.95 4085.04214  4085.0421   4.0 1 1 
	       1253.00 4083.46977  4083.4688   4.0 1 1 
	       1284.57 4082.38676  4082.3872   4.0 1 1 
	       1314.12 4081.36888  4081.3678   4.0 1 1 
	       1343.37 4080.35743   4080.358   4.0 1 1 
	       1365.89 4079.57636  4079.5738   4.0 1 1 
	       1386.13 4078.87252  4078.8751   4.0 1 1 
	       1441.33 4076.94398  4076.9432   4.0 1 1 
	       1450.30 4076.62919  4076.6284   4.0 1 1 
	       1570.37 4072.38407  4072.3849   4.0 1 1 
	       1588.18 4071.74938  4071.7513   4.0 1 1 
	       1630.42 4070.23796  4070.2383   4.0 1 1 
	       1652.01  4069.4628  4069.4612   4.0 1 1 
	       1659.25  4069.2023  4069.2014   4.0 1 1 
	       1707.73 4067.45277  4067.4507   4.0 1 1 
	       1793.59 4064.32989  4064.3315   4.0 1 1 
	       1818.82 4063.40633  4063.4071   4.0 1 1 
	       1931.42 4059.25328  4059.2529   4.0 1 1 
	function chebyshev
	order 5
	sample *
	naverage 1
	niterate 2000
	low_reject 3.
	high_reject 3.
	grow 0.
	coefficients	9
		1.
		5.
		212.8211517333984
		1931.41943359375
		4088.785605075666
		-28.73306988113984
		-0.8042678062522236
		0.003118119753390096
		0.001893421204319352

# Mon 14:50:16 06-Feb-2023
begin	identify iazcomp.0003 - Ap 3
	id	iazcomp.0003
	task	identify
	image	iazcomp.0003 - Ap 3
	aperture	3
	aplow	923.13
	aphigh	931.13
	units	Angstroms
	features	42
	        210.28 4116.71302  4116.7137   4.0 1 1 
	        242.34 4115.75933  4115.7589   4.0 1 1 
	        342.33 4112.75615  4112.7545   4.0 1 1 
	        454.87 4109.32444  4109.3234   4.0 1 1 
	        484.21 4108.42068  4108.4198   4.0 1 1 
	        502.42 4107.85793  4107.8614   4.0 1 1 
	        528.51 4107.04927  4107.0506   4.0 1 1 
	        564.94 4105.91485   4105.915   4.0 1 1 
	        599.34 4104.83842  4104.8385   4.0 1 1 
	        613.90 4104.38127  4104.3821   4.0 1 1 
	        669.74 4102.61893  4102.6177   4.0 1 1 
	        741.27 4100.34195  4100.3414   4.0 1 1 
	        785.25 4098.93054  4098.9327   4.0 1 1 
	        791.42 4098.73204  4098.7316   4.0 1 1 
	        821.90 4097.74808  4097.7478   4.0 1 1 
	        873.33 4096.07856  4096.0759   4.0 1 1 
	        914.05 4094.74853   4094.747   4.0 1 1 
	        946.79 4093.67394  4093.6713   4.0 1 1 
	        955.40 4093.39057  4093.3921   4.0 1 1 
	       1083.39 4089.13896  4089.1379   4.0 1 1 
	       1095.78 4088.72344  4088.7264   4.0 1 1 
	       1138.62 4087.28205  4087.2848   4.0 1 1 
	       1161.13 4086.52157  4086.5205   4.0 1 1 
	       1193.21 4085.43369  4085.4341   4.0 1 1 
	       1204.70 4085.04279  4085.0421   4.0 1 1 
	       1250.80 4083.46938  4083.4688   4.0 1 1 
	       1282.37  4082.3865  4082.3872   4.0 1 1 
	       1311.93 4081.36853  4081.3678   4.0 1 1 
	       1341.22  4080.3564   4080.358   4.0 1 1 
	       1363.75 4079.57507  4079.5738   4.0 1 1 
	       1383.93 4078.87339  4078.8751   4.0 1 1 
	       1439.18 4076.94367  4076.9432   4.0 1 1 
	       1448.16 4076.62863  4076.6284   4.0 1 1 
	       1568.24 4072.38447  4072.3849   4.0 1 1 
	       1585.97 4071.75234  4071.7513   4.0 1 1 
	       1628.28 4070.23929  4070.2383   4.0 1 1 
	       1649.98 4069.46023  4069.4612   4.0 1 1 
	       1657.16 4069.20188  4069.2014   4.0 1 1 
	       1705.68 4067.45127  4067.4507   4.0 1 1 
	       1791.49 4064.33081  4064.3315   4.0 1 1 
	       1816.73  4063.4072  4063.4071   4.0 1 1 
	       1929.39 4059.25276  4059.2529   4.0 1 1 
	function chebyshev
	order 5
	sample *
	naverage 1
	niterate 2000
	low_reject 3.
	high_reject 3.
	grow 0.
	coefficients	9
		1.
		5.
		210.2789764404297
		1929.386596679688
		4088.786035455663
		-28.73332472125659
		-0.8048832963966509
		0.00319626494390324
		0.001737307157871841

# Mon 15:24:46 27-Feb-2023
begin	identify iazcomp.0003 - Ap 3
	id	iazcomp.0003
	task	identify
	image	iazcomp.0003 - Ap 3
	aperture	3
	aplow	923.13
	aphigh	931.13
	units	Angstroms
	features	44
	        215.17 4116.71344  4116.7137   4.0 1 1 
	        247.26 4115.75772  4115.7589   4.0 1 1 
	        347.16 4112.75436  4112.7545   6.0 1 1 
	        410.43 4110.83013   4110.826   6.0 1 1 
	        459.58 4109.32341  4109.3234   6.0 1 1 
	        488.88  4108.4204  4108.4198   4.0 1 1 
	        533.16 4107.04832  4107.0506   4.0 1 1 
	        603.92 4104.83824  4104.8385   4.0 1 1 
	        618.49 4104.38038  4104.3821   4.0 1 1 
	        674.29 4102.61867  4102.6177   4.0 1 1 
	        745.77 4100.34185  4100.3414   4.0 1 1 
	        789.72 4098.93091  4098.9327   4.0 1 1 
	        795.85 4098.73338  4098.7316   6.0 1 1 
	        826.36 4097.74804  4097.7478   4.0 1 1 
	        877.81 4096.07734  4096.0759   6.0 1 1 
	        918.50 4094.74744   4094.747   6.0 1 1 
	        951.25 4093.67226  4093.6713   6.0 1 1 
	        959.88 4093.38781  4093.3921   6.0 1 1 
	       1087.76 4089.13846  4089.1379   6.0 1 1 
	       1100.14 4088.72312  4088.7264   4.0 1 1 
	       1142.92 4087.28312  4087.2848   4.0 1 1 
	       1165.46 4086.52104  4086.5205   6.0 1 1 
	       1197.50 4085.43426  4085.4341   4.0 1 1 
	       1208.98 4085.04368  4085.0421   4.0 1 1 
	       1221.42 4084.61975  4084.6192   6.0 1 1 
	       1255.07    4083.47  4083.4688   4.0 1 1 
	       1286.61 4082.38768  4082.3872   4.0 1 1 
	       1316.22 4081.36778  4081.3678   6.0 1 1 
	       1345.38 4080.35969   4080.358   6.0 1 1 
	       1368.01 4079.57467  4079.5738   6.0 1 1 
	       1388.09 4078.87604  4078.8751   4.0 1 1 
	       1443.38 4076.94412  4076.9432   4.0 1 1 
	       1452.34 4076.62973  4076.6284   4.0 1 1 
	       1484.38 4075.50291   4075.503   6.0 1 1 
	       1508.81 4074.64046   4074.642   6.0 1 1 
	       1531.08  4073.8525  4073.8563   6.0 1 1 
	       1572.40 4072.38444  4072.3849   4.0 1 1 
	       1632.39 4070.24003  4070.2383   4.0 1 1 
	       1654.05 4069.46192  4069.4612   4.0 1 1 
	       1661.34 4069.19971  4069.2014   6.0 1 1 
	       1709.75  4067.4521  4067.4507   4.0 1 1 
	       1795.55 4064.33075  4064.3315   4.0 1 1 
	       1820.83 4063.40515  4063.4071   6.0 1 1 
	       1933.33 4059.25441  4059.2529   6.0 1 1 
	function chebyshev
	order 5
	sample *
	naverage 1
	niterate 2000
	low_reject 3.
	high_reject 3.
	grow 0.
	coefficients	9
		1.
		5.
		215.1728057861328
		1933.331909179688
		4088.785371693545
		-28.73178440928689
		-0.8033371599942114
		0.002267258338379822
		0.001888114784981475

# Tue 13:39:48 16-May-2023
begin	identify iazcomp.0003 - Ap 3
	id	iazcomp.0003
	task	identify
	image	iazcomp.0003 - Ap 3
	aperture	3
	aplow	923.13
	aphigh	931.13
	units	Angstroms
	features	44
	        214.39 4116.71257  4116.7137   4.0 1 1 
	        246.42 4115.75887  4115.7589   4.0 1 1 
	        346.38  4112.7546  4112.7545   6.0 1 1 
	        409.68 4110.83013   4110.826   6.0 1 1 
	        458.87 4109.32242  4109.3234   6.0 1 1 
	        488.16 4108.41985  4108.4198   4.0 1 1 
	        532.44 4107.04825  4107.0506   4.0 1 1 
	        603.16 4104.83973  4104.8385   4.0 1 1 
	        617.77 4104.38088  4104.3821   4.0 1 1 
	        673.60 4102.61838  4102.6177   4.0 1 1 
	        745.10 4100.34157  4100.3414   4.0 1 1 
	        789.04 4098.93128  4098.9327   4.0 1 1 
	        795.20 4098.73264  4098.7316   6.0 1 1 
	        825.72 4097.74741  4097.7478   4.0 1 1 
	        877.15 4096.07758  4096.0759   6.0 1 1 
	        917.86 4094.74748   4094.747   6.0 1 1 
	        950.62 4093.67169  4093.6713   6.0 1 1 
	        959.21 4093.38887  4093.3921   6.0 1 1 
	       1087.16 4089.13767  4089.1379   6.0 1 1 
	       1099.48 4088.72459  4088.7264   4.0 1 1 
	       1142.30 4087.28353  4087.2848   4.0 1 1 
	       1164.87 4086.52095  4086.5205   6.0 1 1 
	       1196.90 4085.43433  4085.4341   4.0 1 1 
	       1208.41 4085.04306  4085.0421   4.0 1 1 
	       1220.85 4084.61918  4084.6192   6.0 1 1 
	       1254.48 4083.47015  4083.4688   4.0 1 1 
	       1286.02 4082.38794  4082.3872   4.0 1 1 
	       1315.63 4081.36837  4081.3678   6.0 1 1 
	       1344.82  4080.3592   4080.358   6.0 1 1 
	       1367.43 4079.57509  4079.5738   6.0 1 1 
	       1387.63 4078.87248  4078.8751   4.0 1 1 
	       1442.83 4076.94371  4076.9432   4.0 1 1 
	       1451.77  4076.6303  4076.6284   4.0 1 1 
	       1483.83 4075.50281   4075.503   6.0 1 1 
	       1508.20 4074.64285   4074.642   6.0 1 1 
	       1530.52 4073.85303  4073.8563   6.0 1 1 
	       1571.84 4072.38507  4072.3849   4.0 1 1 
	       1631.84 4070.24035  4070.2383   4.0 1 1 
	       1653.53 4069.46126  4069.4612   4.0 1 1 
	       1660.78 4069.20062  4069.2014   6.0 1 1 
	       1709.23 4067.45171  4067.4507   4.0 1 1 
	       1795.09 4064.32801  4064.3315   4.0 1 1 
	       1820.27 4063.40616  4063.4071   6.0 1 1 
	       1932.78 4059.25497  4059.2529   6.0 1 1 
	function chebyshev
	order 5
	sample *
	naverage 1
	niterate 2000
	low_reject 3.
	high_reject 3.
	grow 0.
	coefficients	9
		1.
		5.
		214.3917541503906
		1932.775634765625
		4088.786295615653
		-28.73081872361433
		-0.8042645058915688
		0.002021493703911769
		0.001738492485915924

# Mon 15:28:04 14-Aug-2023
begin	identify iazcomp.0003 - Ap 3
	id	iazcomp.0003
	task	identify
	image	iazcomp.0003 - Ap 3
	aperture	3
	aplow	923.13
	aphigh	931.13
	units	Angstroms
	features	43
	        218.12 4116.71209  4116.7137   4.0 1 1 
	        250.12 4115.75892  4115.7589   4.0 1 1 
	        350.04 4112.75492  4112.7545   6.0 1 1 
	        413.33 4110.83011   4110.826   6.0 1 1 
	        462.47 4109.32373  4109.3234   6.0 1 1 
	        491.77 4108.42042  4108.4198   4.0 1 1 
	        536.05  4107.0481  4107.0506   4.0 1 1 
	        606.79 4104.83847  4104.8385   4.0 1 1 
	        621.40 4104.37946  4104.3821   4.0 1 1 
	        677.13 4102.61927  4102.6177   4.0 1 1 
	        748.62 4100.34191  4100.3414   4.0 1 1 
	        792.57 4098.93078  4098.9327   4.0 1 1 
	        829.20 4097.74807  4097.7478   4.0 1 1 
	        880.61 4096.07796  4096.0759   6.0 1 1 
	        921.31 4094.74774   4094.747   6.0 1 1 
	        954.07 4093.67165  4093.6713   6.0 1 1 
	        962.68 4093.38817  4093.3921   6.0 1 1 
	       1090.53 4089.13868  4089.1379   6.0 1 1 
	       1102.87 4088.72457  4088.7264   4.0 1 1 
	       1145.65 4087.28436  4087.2848   4.0 1 1 
	       1168.22 4086.52133  4086.5205   6.0 1 1 
	       1200.30 4085.43296  4085.4341   4.0 1 1 
	       1211.79 4085.04179  4085.0421   4.0 1 1 
	       1224.14 4084.62092  4084.6192   6.0 1 1 
	       1257.83 4083.46959  4083.4688   4.0 1 1 
	       1289.35 4082.38764  4082.3872   4.0 1 1 
	       1318.92 4081.36865  4081.3678   6.0 1 1 
	       1348.14  4080.3583   4080.358   6.0 1 1 
	       1370.71 4079.57516  4079.5738   6.0 1 1 
	       1390.99 4078.86966  4078.8751   4.0 1 0 
	       1446.08 4076.94426  4076.9432   4.0 1 1 
	       1455.06 4076.62911  4076.6284   4.0 1 1 
	       1487.07 4075.50299   4075.503   6.0 1 1 
	       1511.44 4074.64238   4074.642   6.0 1 1 
	       1533.75 4073.85273  4073.8563   6.0 1 1 
	       1575.05  4072.3849  4072.3849   4.0 1 1 
	       1635.06 4070.23912  4070.2383   4.0 1 1 
	       1656.72   4069.461  4069.4612   4.0 1 1 
	       1663.96 4069.20033  4069.2014   6.0 1 1 
	       1712.38 4067.45184  4067.4507   4.0 1 1 
	       1798.15 4064.33031  4064.3315   4.0 1 1 
	       1823.39 4063.40576  4063.4071   6.0 1 1 
	       1935.86 4059.25444  4059.2529   6.0 1 1 
	function chebyshev
	order 5
	sample *
	naverage 1
	niterate 2000
	low_reject 3.
	high_reject 3.
	grow 0.
	coefficients	9
		1.
		5.
		218.1165466308594
		1935.856079101563
		4088.786117650933
		-28.73096212454393
		-0.8044824793243164
		0.002139344847004989
		0.001627288315625121

# Mon 16:08:16 14-Aug-2023
begin	identify iazcomp.0003 - Ap 3
	id	iazcomp.0003
	task	identify
	image	iazcomp.0003 - Ap 3
	aperture	3
	aplow	923.13
	aphigh	931.13
	units	Angstroms
	features	43
	        218.03 4116.71302  4116.7137   4.0 1 1 
	        250.08  4115.7585  4115.7589   4.0 1 1 
	        350.01 4112.75454  4112.7545   6.0 1 1 
	        413.31 4110.82964   4110.826   6.0 1 1 
	        462.45 4109.32325  4109.3234   6.0 1 1 
	        491.76 4108.41981  4108.4198   4.0 1 1 
	        536.07 4107.04705  4107.0506   4.0 1 1 
	        606.68 4104.84194  4104.8385   4.0 1 1 
	        621.40 4104.37951  4104.3821   4.0 1 1 
	        677.15 4102.61907  4102.6177   4.0 1 1 
	        748.64 4100.34215  4100.3414   4.0 1 1 
	        792.64 4098.92958  4098.9327   4.0 1 1 
	        829.24 4097.74827  4097.7478   4.0 1 1 
	        880.67 4096.07806  4096.0759   6.0 1 1 
	        921.37 4094.74786   4094.747   6.0 1 1 
	        954.15 4093.67141  4093.6713   6.0 1 1 
	        962.74 4093.38854  4093.3921   6.0 1 1 
	       1090.61 4089.13909  4089.1379   6.0 1 1 
	       1103.02 4088.72287  4088.7264   4.0 1 1 
	       1145.82 4087.28231  4087.2848   4.0 1 1 
	       1168.33 4086.52139  4086.5205   6.0 1 1 
	       1200.38 4085.43397  4085.4341   4.0 1 1 
	       1211.88 4085.04275  4085.0421   4.0 1 1 
	       1224.18 4084.62382  4084.6192   6.0 1 1 
	       1257.95 4083.46978  4083.4688   4.0 1 1 
	       1289.47 4082.38815  4082.3872   4.0 1 1 
	       1319.07 4081.36827  4081.3678   6.0 1 1 
	       1348.28 4080.35858   4080.358   6.0 1 1 
	       1370.86 4079.57504  4079.5738   6.0 1 1 
	       1391.05 4078.87284  4078.8751   4.0 1 1 
	       1446.27 4076.94305  4076.9432   4.0 1 1 
	       1455.22 4076.62911  4076.6284   4.0 1 1 
	       1487.26 4075.50234   4075.503   6.0 1 1 
	       1511.66  4074.6412   4074.642   6.0 1 1 
	       1533.89 4073.85422  4073.8563   6.0 1 1 
	       1575.24  4072.3849  4072.3849   4.0 1 1 
	       1635.24 4070.24039  4070.2383   4.0 1 1 
	       1656.91 4069.46181  4069.4612   4.0 1 1 
	       1664.18 4069.20026  4069.2014   6.0 1 1 
	       1712.66  4067.4501  4067.4507   4.0 1 1 
	       1798.36 4064.33246  4064.3315   4.0 1 1 
	       1823.68 4063.40542  4063.4071   6.0 1 1 
	       1936.20  4059.2537  4059.2529   6.0 1 1 
	function chebyshev
	order 5
	sample *
	naverage 1
	niterate 2000
	low_reject 3.
	high_reject 3.
	grow 0.
	coefficients	9
		1.
		5.
		218.0302276611328
		1936.200073242188
		4088.785304996703
		-28.732074521124
		-0.8038629738923097
		0.002417070818709166
		0.001917294850183463

