# Tue 22:47:06 07-Sep-2021
begin	identify iazcomp.0043 - Ap 43
	id	iazcomp.0043
	task	identify
	image	iazcomp.0043 - Ap 43
	aperture	43
	aplow	1541.15
	aphigh	1548.69
	units	Angstroms
	features	21
	         15.57 7630.31338  7630.3106   4.0 1 1 
	         42.36 7628.87802  7628.8818   4.0 1 1 
	         74.04 7627.17291  7627.1749   4.0 1 1 
	        101.20 7625.70448  7625.7053   4.0 1 1 
	        204.20 7620.08295  7620.0773   4.0 1 1 
	        235.78 7618.34227  7618.3443   4.0 1 1 
	        423.55 7607.82499   7607.823   4.0 1 1 
	        591.00 7598.20591  7598.2054   4.0 1 1 
	        742.39 7589.31422  7589.3151   4.0 1 1 
	       1097.34 7567.73806  7567.7417   4.0 1 1 
	       1116.72 7566.53002  7566.5296   4.0 1 1 
	       1127.61 7565.85067  7565.8515   4.0 1 1 
	       1387.88 7549.31512  7549.3138   4.0 1 1 
	       1569.79 7537.43107  7537.4287   4.0 1 1 
	       1584.91 7536.43111  7536.4365   4.0 1 1 
	       1664.32 7531.14904  7531.1437   4.0 1 1 
	       1704.01 7528.48927  7528.4892   4.0 1 1 
	       1748.29 7525.50765  7525.5079   4.0 1 1 
	       1783.33  7523.1361  7523.1347   4.0 1 1 
	       1948.98 7511.79106  7511.7902   4.0 1 1 
	       1968.99  7510.4051  7510.4082   4.0 1 1 
	function chebyshev
	order 4
	sample *
	naverage 1
	niterate 2000
	low_reject 3.
	high_reject 3.
	grow 0.
	coefficients	8
		1.
		4.
		15.57016658782959
		1968.993286132812
		7572.294827689904
		-59.95180211195224
		-1.935587632449214
		-0.002340378609070936

# Fri 11:10:41 11-Mar-2022
begin	identify iazcomp.0043 - Ap 43
	id	iazcomp.0043
	task	identify
	image	iazcomp.0043 - Ap 43
	aperture	43
	aplow	1541.15
	aphigh	1548.69
	units	Angstroms
	features	21
	         25.98 7628.88251  7628.8818   4.0 1 1 
	         57.76 7627.17277  7627.1749   4.0 1 1 
	         84.90 7625.70655  7625.7053   4.0 1 1 
	        188.09 7620.07621  7620.0773   4.0 1 1 
	        219.50 7618.34524  7618.3443   4.0 1 1 
	        407.36 7607.82719   7607.823   4.0 1 1 
	        574.98 7598.20106  7598.2054   4.0 1 1 
	        726.36 7589.31284  7589.3151   4.0 1 1 
	       1052.77 7569.51733  7569.5115   4.0 1 1 
	       1100.88 7566.52668  7566.5296   4.0 1 1 
	       1111.74 7565.84852  7565.8515   4.0 1 1 
	       1278.35 7555.33254  7555.3254   4.0 1 1 
	       1372.17 7549.31202  7549.3138   4.0 1 1 
	       1554.21 7537.42626  7537.4287   4.0 1 1 
	       1648.77 7531.14666  7531.1437   4.0 1 1 
	       1688.46 7528.48913  7528.4892   4.0 1 1 
	       1732.79 7525.50622  7525.5079   4.0 1 1 
	       1767.87 7523.13406  7523.1347   4.0 1 1 
	       1831.93 7518.77695  7518.7824   4.0 1 1 
	       1933.57 7511.79517  7511.7902   4.0 1 1 
	       1953.62 7510.40798  7510.4082   4.0 1 1 
	function chebyshev
	order 4
	sample *
	naverage 1
	niterate 2000
	low_reject 3.
	high_reject 3.
	grow 0.
	coefficients	8
		1.
		4.
		25.98308372497559
		1953.6201171875
		7571.524125688438
		-59.23646095378324
		-1.878883209085634
		-8.039916438386295E-4

# Tue 15:32:38 29-Mar-2022
begin	identify iazcomp.0043 - Ap 43
	id	iazcomp.0043
	task	identify
	image	iazcomp.0043 - Ap 43
	aperture	43
	aplow	1541.15
	aphigh	1548.69
	units	Angstroms
	features	21
	         26.70 7628.88086  7628.8818   4.0 1 1 
	         58.44 7627.17333  7627.1749   4.0 1 1 
	         85.60  7625.7053  7625.7053   4.0 1 1 
	        188.67 7620.08141  7620.0773   4.0 1 1 
	        220.19 7618.34436  7618.3443   4.0 1 1 
	        408.05 7607.82468   7607.823   4.0 1 1 
	        575.60 7598.20233  7598.2054   4.0 1 1 
	        727.01 7589.31183  7589.3151   4.0 1 1 
	       1053.39 7569.51689  7569.5115   4.0 1 1 
	       1101.48 7566.52716  7566.5296   4.0 1 1 
	       1112.37 7565.84731  7565.8515   4.0 1 1 
	       1278.91 7555.33492  7555.3254   4.0 1 1 
	       1372.77 7549.31178  7549.3138   4.0 1 1 
	       1554.82 7537.42504  7537.4287   4.0 1 1 
	       1649.35 7531.14667  7531.1437   4.0 1 1 
	       1689.05 7528.48883  7528.4892   4.0 1 1 
	       1733.35 7525.50691  7525.5079   4.0 1 1 
	       1768.42 7523.13571  7523.1347   4.0 1 1 
	       1832.52 7518.77526  7518.7824   4.0 1 1 
	       1934.13  7511.7952  7511.7902   4.0 1 1 
	       1954.18 7510.40811  7510.4082   4.0 1 1 
	function chebyshev
	order 4
	sample *
	naverage 1
	niterate 2000
	low_reject 3.
	high_reject 3.
	grow 0.
	coefficients	8
		1.
		4.
		26.69985771179199
		1954.182495117188
		7571.523022723416
		-59.23550718203101
		-1.878537979191199
		-8.718947848509341E-4

# Mon 19:14:47 30-Jan-2023
begin	identify iazcomp.0043 - Ap 43
	id	iazcomp.0043
	task	identify
	image	iazcomp.0043 - Ap 43
	aperture	43
	aplow	1541.15
	aphigh	1548.69
	units	Angstroms
	features	25
	         12.64 7630.31567  7630.3106   4.0 1 1 
	         39.49 7628.87755  7628.8818   4.0 1 1 
	         71.17 7627.17305  7627.1749   4.0 1 1 
	         98.37 7625.70323  7625.7053   4.0 1 1 
	        201.39 7620.08185  7620.0773   4.0 1 1 
	        232.96  7618.3424  7618.3443   4.0 1 1 
	        420.79 7607.82528   7607.823   4.0 1 1 
	        588.30 7598.20451  7598.2054   4.0 1 1 
	        739.71 7589.31373  7589.3151   4.0 1 1 
	       1066.02 7569.51989  7569.5115   4.0 1 1 
	       1094.75 7567.73561  7567.7417   4.0 1 1 
	       1114.17 7566.52581  7566.5296   4.0 1 1 
	       1125.03  7565.8483  7565.8515   4.0 1 1 
	       1291.55 7555.33423  7555.3254   4.0 1 1 
	       1385.35 7549.31279  7549.3138   4.0 1 1 
	       1567.31 7537.42805  7537.4287   4.0 1 1 
	       1582.38 7536.43184  7536.4365   4.0 1 1 
	       1661.86 7531.14574  7531.1437   4.0 1 1 
	       1701.52 7528.48908  7528.4892   4.0 1 1 
	       1745.81 7525.50718  7525.5079   4.0 1 1 
	       1780.88 7523.13435  7523.1347   4.0 1 1 
	       1946.51  7511.7937  7511.7902   4.0 1 1 
	       1952.85 7511.35517  7511.3498   4.0 1 1 
	       1966.55 7510.40694  7510.4082   4.0 1 1 
	       1994.41 7508.47286  7508.4787   4.0 1 1 
	function chebyshev
	order 4
	sample *
	naverage 1
	niterate 2000
	low_reject 3.
	high_reject 3.
	grow 0.
	coefficients	8
		1.
		4.
		12.63821887969971
		1994.405151367187
		7571.386050688777
		-60.9197621309319
		-1.991788134228661
		-0.001641714973689706

# Fri 11:54:34 03-Feb-2023
begin	identify iazcomp.0043 - Ap 43
	id	iazcomp.0043
	task	identify
	image	iazcomp.0043 - Ap 43
	aperture	43
	aplow	1541.15
	aphigh	1548.69
	units	Angstroms
	features	25
	         11.33 7630.31362  7630.3106   4.0 1 1 
	         38.13 7628.87808  7628.8818   4.0 1 1 
	         69.84 7627.17193  7627.1749   4.0 1 1 
	         96.97 7625.70615  7625.7053   4.0 1 1 
	        200.04 7620.08204  7620.0773   4.0 1 1 
	        231.59 7618.34344  7618.3443   4.0 1 1 
	        419.47 7607.82359   7607.823   4.0 1 1 
	        586.97 7598.20495  7598.2054   4.0 1 1 
	        738.42 7589.31218  7589.3151   4.0 1 1 
	       1064.72 7569.52221  7569.5115   4.0 1 1 
	       1093.52 7567.73413  7567.7417   4.0 1 1 
	       1112.89 7566.52757  7566.5296   4.0 1 1 
	       1123.79 7565.84765  7565.8515   4.0 1 1 
	       1290.31  7555.3352  7555.3254   4.0 1 1 
	       1384.15  7549.3124  7549.3138   4.0 1 1 
	       1566.14 7537.42714  7537.4287   4.0 1 1 
	       1581.26 7536.42801  7536.4365   4.0 1 1 
	       1660.67  7531.1476  7531.1437   4.0 1 1 
	       1700.36 7528.48903  7528.4892   4.0 1 1 
	       1744.64 7525.50798  7525.5079   4.0 1 1 
	       1779.71 7523.13585  7523.1347   4.0 1 1 
	       1945.39 7511.79341  7511.7902   4.0 1 1 
	       1951.72 7511.35578  7511.3498   4.0 1 1 
	       1965.42 7510.40693  7510.4082   4.0 1 1 
	       1993.30 7508.47191  7508.4787   4.0 1 1 
	function chebyshev
	order 4
	sample *
	naverage 1
	niterate 2000
	low_reject 3.
	high_reject 3.
	grow 0.
	coefficients	8
		1.
		4.
		11.32977199554443
		1993.29638671875
		7571.383392840904
		-60.9186598201803
		-1.990627863232452
		-0.002199118032953166

# Mon 14:51:59 06-Feb-2023
begin	identify iazcomp.0043 - Ap 43
	id	iazcomp.0043
	task	identify
	image	iazcomp.0043 - Ap 43
	aperture	43
	aplow	1541.15
	aphigh	1548.69
	units	Angstroms
	features	25
	          8.71 7630.31412  7630.3106   4.0 1 1 
	         35.51  7628.8788  7628.8818   4.0 1 1 
	         67.24 7627.17264  7627.1749   4.0 1 1 
	         94.41 7625.70529  7625.7053   4.0 1 1 
	        197.55 7620.08001  7620.0773   4.0 1 1 
	        229.07 7618.34371  7618.3443   4.0 1 1 
	        417.02 7607.82388   7607.823   4.0 1 1 
	        584.59 7598.20451  7598.2054   4.0 1 1 
	        736.07 7589.31318  7589.3151   4.0 1 1 
	       1062.52 7569.51923  7569.5115   4.0 1 1 
	       1091.27 7567.73507  7567.7417   4.0 1 1 
	       1110.64 7566.52876  7566.5296   4.0 1 1 
	       1121.54 7565.84853  7565.8515   4.0 1 1 
	       1288.11 7555.33632  7555.3254   4.0 1 1 
	       1381.99 7549.31233  7549.3138   4.0 1 1 
	       1564.07 7537.42437  7537.4287   4.0 1 1 
	       1579.11 7536.43023  7536.4365   4.0 1 1 
	       1658.58 7531.14748  7531.1437   4.0 1 1 
	       1698.29  7528.4883  7528.4892   4.0 1 1 
	       1742.57  7525.5079  7525.5079   4.0 1 1 
	       1777.66 7523.13511  7523.1347   4.0 1 1 
	       1943.36  7511.7941  7511.7902   4.0 1 1 
	       1949.69 7511.35584  7511.3498   4.0 1 1 
	       1963.40 7510.40682  7510.4082   4.0 1 1 
	       1991.28 7508.47227  7508.4787   4.0 1 1 
	function chebyshev
	order 4
	sample *
	naverage 1
	niterate 2000
	low_reject 3.
	high_reject 3.
	grow 0.
	coefficients	8
		1.
		4.
		8.706148147583008
		1991.280151367187
		7571.385378295768
		-60.91905333917921
		-1.992185850508653
		-0.001872310977540342

# Mon 15:31:24 27-Feb-2023
begin	identify iazcomp.0043 - Ap 43
	id	iazcomp.0043
	task	identify
	image	iazcomp.0043 - Ap 43
	aperture	43
	aplow	1541.15
	aphigh	1548.69
	units	Angstroms
	features	21
	         13.73 7630.31397  7630.3106   4.0 1 1 
	         40.51 7628.87874  7628.8818   4.0 1 1 
	         72.16 7627.17485  7627.1749   4.0 1 1 
	         99.36 7625.70419  7625.7053   4.0 1 1 
	        233.87 7618.34404  7618.3443   4.0 1 1 
	        421.66  7607.8246   7607.823   4.0 1 1 
	        589.09  7598.2064  7598.2054   4.0 1 1 
	        740.49 7589.31318  7589.3151   4.0 1 1 
	       1066.73 7569.52028  7569.5115   4.0 1 1 
	       1095.46  7567.7363  7567.7417   4.0 1 1 
	       1114.85 7566.52789  7566.5296   4.0 1 1 
	       1125.72 7565.84956  7565.8515   4.0 1 1 
	       1386.00  7549.3149  7549.3138   4.0 1 1 
	       1567.96  7537.4284  7537.4287   4.0 1 1 
	       1583.02 7536.43239  7536.4365   4.0 1 1 
	       1662.48 7531.14762  7531.1437   4.0 1 1 
	       1702.17 7528.48803  7528.4892   4.0 1 1 
	       1746.42 7525.50844  7525.5079   4.0 1 1 
	       1781.47 7523.13655  7523.1347   4.0 1 1 
	       1947.13 7511.79184  7511.7902   4.0 1 1 
	       1967.16 7510.40542  7510.4082   4.0 1 1 
	function chebyshev
	order 4
	sample *
	naverage 1
	niterate 2000
	low_reject 3.
	high_reject 3.
	grow 0.
	coefficients	8
		1.
		4.
		13.72844219207764
		1967.1572265625
		7572.292918468003
		-59.95166984785511
		-1.93322076493213
		-0.002604023023643794

# Tue 13:41:17 16-May-2023
begin	identify iazcomp.0043 - Ap 43
	id	iazcomp.0043
	task	identify
	image	iazcomp.0043 - Ap 43
	aperture	43
	aplow	1541.15
	aphigh	1548.69
	units	Angstroms
	features	21
	         12.80 7630.31563  7630.3106   4.0 1 1 
	         39.62 7628.87888  7628.8818   4.0 1 1 
	         71.30 7627.17382  7627.1749   4.0 1 1 
	         98.49  7625.7043  7625.7053   4.0 1 1 
	        233.07 7618.34308  7618.3443   4.0 1 1 
	        420.92  7607.8234   7607.823   4.0 1 1 
	        588.37 7598.20593  7598.2054   4.0 1 1 
	        739.77 7589.31466  7589.3151   4.0 1 1 
	       1066.10 7569.51986  7569.5115   4.0 1 1 
	       1094.80 7567.73716  7567.7417   4.0 1 1 
	       1114.20 7566.52859  7566.5296   4.0 1 1 
	       1125.08 7565.84992  7565.8515   4.0 1 1 
	       1385.38 7549.31529  7549.3138   4.0 1 1 
	       1567.38 7537.42706  7537.4287   4.0 1 1 
	       1582.43 7536.43206  7536.4365   4.0 1 1 
	       1661.89 7531.14723  7531.1437   4.0 1 1 
	       1701.57 7528.48913  7528.4892   4.0 1 1 
	       1745.86 7525.50706  7525.5079   4.0 1 1 
	       1780.91 7523.13587  7523.1347   4.0 1 1 
	       1946.55 7511.79289  7511.7902   4.0 1 1 
	       1966.59 7510.40578  7510.4082   4.0 1 1 
	function chebyshev
	order 4
	sample *
	naverage 1
	niterate 2000
	low_reject 3.
	high_reject 3.
	grow 0.
	coefficients	8
		1.
		4.
		12.79952812194824
		1966.585083007812
		7572.296362659284
		-59.95263355231129
		-1.935656339342482
		-0.002294218243628634

# Mon 15:29:46 14-Aug-2023
begin	identify iazcomp.0043 - Ap 43
	id	iazcomp.0043
	task	identify
	image	iazcomp.0043 - Ap 43
	aperture	43
	aplow	1541.15
	aphigh	1548.69
	units	Angstroms
	features	21
	         16.60 7630.31282  7630.3106   4.0 1 1 
	         43.34  7628.8796  7628.8818   4.0 1 1 
	         74.99  7627.1756  7627.1749   4.0 1 1 
	        102.21 7625.70407  7625.7053   4.0 1 1 
	        236.70 7618.34425  7618.3443   4.0 1 1 
	        424.49 7607.82387   7607.823   4.0 1 1 
	        591.88 7598.20619  7598.2054   4.0 1 1 
	        743.26 7589.31306  7589.3151   4.0 1 1 
	       1069.44 7569.51956  7569.5115   4.0 1 1 
	       1098.14 7567.73679  7567.7417   4.0 1 1 
	       1117.53 7566.52818  7566.5296   4.0 1 1 
	       1128.39 7565.85026  7565.8515   4.0 1 1 
	       1388.61 7549.31526  7549.3138   4.0 1 1 
	       1570.54 7537.42798  7537.4287   4.0 1 1 
	       1585.58 7536.43293  7536.4365   4.0 1 1 
	       1665.02 7531.14849  7531.1437   4.0 1 1 
	       1704.71 7528.48884  7528.4892   4.0 1 1 
	       1748.98 7525.50673  7525.5079   4.0 1 1 
	       1784.03 7523.13441  7523.1347   4.0 1 1 
	       1949.62  7511.7927  7511.7902   4.0 1 1 
	       1969.64   7510.406  7510.4082   4.0 1 1 
	function chebyshev
	order 4
	sample *
	naverage 1
	niterate 2000
	low_reject 3.
	high_reject 3.
	grow 0.
	coefficients	8
		1.
		4.
		16.59721374511719
		1969.640380859375
		7572.293771643969
		-59.95135465920482
		-1.934363111646636
		-0.002055131400291955

# Mon 16:10:01 14-Aug-2023
begin	identify iazcomp.0043 - Ap 43
	id	iazcomp.0043
	task	identify
	image	iazcomp.0043 - Ap 43
	aperture	43
	aplow	1541.15
	aphigh	1548.69
	units	Angstroms
	features	21
	         16.50 7630.31422  7630.3106   4.0 1 1 
	         43.28 7628.87973  7628.8818   4.0 1 1 
	         74.98 7627.17325  7627.1749   4.0 1 1 
	        102.16  7625.7039  7625.7053   4.0 1 1 
	        236.66 7618.34548  7618.3443   4.0 1 1 
	        424.50 7607.82441   7607.823   4.0 1 1 
	        591.96  7598.2047  7598.2054   4.0 1 1 
	        743.33 7589.31355  7589.3151   4.0 1 1 
	       1069.57 7569.51994  7569.5115   4.0 1 1 
	       1098.28 7567.73684  7567.7417   4.0 1 1 
	       1117.68 7566.52836  7566.5296   4.0 1 1 
	       1128.54 7565.85036  7565.8515   4.0 1 1 
	       1388.81 7549.31491  7549.3138   4.0 1 1 
	       1570.77 7537.42835  7537.4287   4.0 1 1 
	       1585.82 7536.43268  7536.4365   4.0 1 1 
	       1665.29 7531.14664  7531.1437   4.0 1 1 
	       1704.97 7528.48843  7528.4892   4.0 1 1 
	       1749.23 7525.50794  7525.5079   4.0 1 1 
	       1784.29 7523.13568  7523.1347   4.0 1 1 
	       1949.92 7511.79277  7511.7902   4.0 1 1 
	       1969.96 7510.40548  7510.4082   4.0 1 1 
	function chebyshev
	order 4
	sample *
	naverage 1
	niterate 2000
	low_reject 3.
	high_reject 3.
	grow 0.
	coefficients	8
		1.
		4.
		16.50498008728027
		1969.9560546875
		7572.294450184644
		-59.95245484043009
		-1.934601016332912
		-0.001915173562863136

