# Tue 22:46:42 07-Sep-2021
begin	identify iazcomp.0040 - Ap 40
	id	iazcomp.0040
	task	identify
	image	iazcomp.0040 - Ap 40
	aperture	40
	aplow	1509.11
	aphigh	1516.9
	units	Angstroms
	features	32
	         87.73 7168.89517  7168.8952   4.0 1 1 
	        121.00 7167.20066  7167.2028   4.0 1 1 
	        211.29 7162.56058  7162.5569   4.0 1 1 
	        261.71 7159.94225   7159.947   4.0 1 1 
	        319.06 7156.94056  7156.9416   4.0 1 1 
	        382.54 7153.58899  7153.5877   4.0 1 1 
	        444.51 7150.28761  7150.2844   4.0 1 1 
	        476.72 7148.55989  7148.5589   4.0 1 1 
	        591.62 7142.33283   7142.331   4.0 1 1 
	        625.77 7140.46254  7140.4617   4.0 1 1 
	        767.46 7132.60836    7132.61   4.0 1 1 
	        789.69 7131.36204  7131.3586   4.0 1 1 
	        801.07  7130.7228  7130.7236   4.0 1 1 
	        887.76  7125.8195    7125.82   4.0 1 1 
	        909.87 7124.55976  7124.5607   4.0 1 1 
	       1085.91 7114.39687  7114.3984   4.0 1 1 
	       1111.18 7112.91841  7112.9189   4.0 1 1 
	       1163.23 7109.85836  7109.8602   4.0 1 1 
	       1174.76 7109.17751  7109.1819   4.0 1 1 
	       1203.47 7107.47808  7107.4778   4.0 1 1 
	       1320.05 7100.51321  7100.5144   4.0 1 1 
	       1503.54 7089.33993  7089.3395   4.0 1 1 
	       1546.17 7086.70737  7086.7044   4.0 1 1 
	       1587.04 7084.17016   7084.169   4.0 1 1 
	       1727.78 7075.33589  7075.3336   4.0 1 1 
	       1774.11 7072.39507  7072.3939   4.0 1 1 
	       1831.36 7068.73798  7068.7358   4.0 1 1 
	       1945.16 7061.39374  7061.3942   4.0 1 1 
	       1956.53 7060.65422  7060.6538   4.0 1 1 
	       1965.98 7060.03892  7060.0417   4.0 1 1 
	       1973.87 7059.52521  7059.5253   4.0 1 1 
	       1989.76 7058.48794  7058.4895   4.0 1 1 
	function chebyshev
	order 4
	sample *
	naverage 1
	niterate 2000
	low_reject 3.
	high_reject 3.
	grow 0.
	coefficients	8
		1.
		4.
		87.72521972656249
		1989.764770507813
		7115.417207377262
		-55.2027495109067
		-1.725653711245186
		-8.659097440611802E-4

# Fri 11:05:30 11-Mar-2022
begin	identify iazcomp.0040 - Ap 40
	id	iazcomp.0040
	task	identify
	image	iazcomp.0040 - Ap 40
	aperture	40
	aplow	1509.11
	aphigh	1516.9
	units	Angstroms
	features	33
	         71.55 7168.89623  7168.8952   4.0 1 1 
	        104.90 7167.19852  7167.2028   4.0 1 1 
	        195.17 7162.56058  7162.5569   4.0 1 1 
	        245.59 7159.94309   7159.947   4.0 1 1 
	        302.96 7156.94177  7156.9416   4.0 1 1 
	        428.45 7150.28864  7150.2844   4.0 1 1 
	        460.69 7148.55996  7148.5589   4.0 1 1 
	        575.62 7142.33369   7142.331   4.0 1 1 
	        609.82 7140.46135  7140.4617   4.0 1 1 
	        751.56 7132.60755    7132.61   4.0 1 1 
	        773.77 7131.36251  7131.3586   4.0 1 1 
	        785.17 7130.72226  7130.7236   4.0 1 1 
	        871.89 7125.81955    7125.82   4.0 1 1 
	        894.02 7124.55922  7124.5607   4.0 1 1 
	       1070.13 7114.39689  7114.3984   4.0 1 1 
	       1095.41 7112.91881  7112.9189   4.0 1 1 
	       1147.47  7109.8592  7109.8602   4.0 1 1 
	       1159.00 7109.17905  7109.1819   4.0 1 1 
	       1187.77 7107.47683  7107.4778   4.0 1 1 
	       1304.39 7100.51284  7100.5144   4.0 1 1 
	       1487.98 7089.33968  7089.3395   4.0 1 1 
	       1530.64 7086.70691  7086.7044   4.0 1 1 
	       1571.53 7084.16968   7084.169   4.0 1 1 
	       1712.36 7075.33535  7075.3336   4.0 1 1 
	       1729.36 7074.25871  7074.2563   4.0 1 1 
	       1758.70 7072.39491  7072.3939   4.0 1 1 
	       1816.01 7068.73643  7068.7358   4.0 1 1 
	       1882.61 7064.45314  7064.4515   4.0 1 1 
	       1929.85 7061.39467  7061.3942   4.0 1 1 
	       1941.27 7060.65269  7060.6538   4.0 1 1 
	       1950.69 7060.03931  7060.0417   4.0 1 1 
	       1958.59 7059.52551  7059.5253   4.0 1 1 
	       1974.51 7058.48699  7058.4895   4.0 1 1 
	function chebyshev
	order 4
	sample *
	naverage 1
	niterate 2000
	low_reject 3.
	high_reject 3.
	grow 0.
	coefficients	8
		1.
		4.
		71.55335235595703
		1974.511352539063
		7115.414688683978
		-55.20397413560705
		-1.723080116917484
		-6.490553878462421E-4

# Tue 15:32:34 29-Mar-2022
begin	identify iazcomp.0040 - Ap 40
	id	iazcomp.0040
	task	identify
	image	iazcomp.0040 - Ap 40
	aperture	40
	aplow	1509.11
	aphigh	1516.9
	units	Angstroms
	features	33
	         72.23 7168.89489  7168.8952   4.0 1 1 
	        105.54 7167.19948  7167.2028   4.0 1 1 
	        195.83 7162.56094  7162.5569   4.0 1 1 
	        246.24 7159.94403   7159.947   4.0 1 1 
	        303.63 7156.94105  7156.9416   4.0 1 1 
	        429.11 7150.28851  7150.2844   4.0 1 1 
	        461.34 7148.56058  7148.5589   4.0 1 1 
	        576.28 7142.33312   7142.331   4.0 1 1 
	        610.47 7140.46164  7140.4617   4.0 1 1 
	        752.20 7132.60714    7132.61   4.0 1 1 
	        774.43  7131.3617  7131.3586   4.0 1 1 
	        785.82 7130.72199  7130.7236   4.0 1 1 
	        872.52 7125.81981    7125.82   4.0 1 1 
	        894.65 7124.55953  7124.5607   4.0 1 1 
	       1070.76 7114.39597  7114.3984   4.0 1 1 
	       1095.99 7112.92064  7112.9189   4.0 1 1 
	       1148.09 7109.85853  7109.8602   4.0 1 1 
	       1159.59 7109.17998  7109.1819   4.0 1 1 
	       1188.37 7107.47727  7107.4778   4.0 1 1 
	       1304.99  7100.5123  7100.5144   4.0 1 1 
	       1488.57 7089.33897  7089.3395   4.0 1 1 
	       1531.22 7086.70632  7086.7044   4.0 1 1 
	       1572.11 7084.16915   7084.169   4.0 1 1 
	       1712.93 7075.33472  7075.3336   4.0 1 1 
	       1729.88 7074.26118  7074.2563   4.0 1 1 
	       1759.27 7072.39424  7072.3939   4.0 1 1 
	       1816.55 7068.73742  7068.7358   4.0 1 1 
	       1883.17 7064.45267  7064.4515   4.0 1 1 
	       1930.40 7061.39419  7061.3942   4.0 1 1 
	       1941.80 7060.65363  7060.6538   4.0 1 1 
	       1951.25 7060.03885  7060.0417   4.0 1 1 
	       1959.13 7059.52566  7059.5253   4.0 1 1 
	       1975.07  7058.4864  7058.4895   4.0 1 1 
	function chebyshev
	order 4
	sample *
	naverage 1
	niterate 2000
	low_reject 3.
	high_reject 3.
	grow 0.
	coefficients	8
		1.
		4.
		72.23475646972656
		1975.068481445313
		7115.414162939575
		-55.20406978314398
		-1.723519095586785
		-1.719541185816662E-4

# Mon 19:12:51 30-Jan-2023
begin	identify iazcomp.0040 - Ap 40
	id	iazcomp.0040
	task	identify
	image	iazcomp.0040 - Ap 40
	aperture	40
	aplow	1509.11
	aphigh	1516.9
	units	Angstroms
	features	35
	         84.89 7168.89479  7168.8952   4.0 1 1 
	        118.18 7167.19991  7167.2028   4.0 1 1 
	        208.50 7162.55983  7162.5569   4.0 1 1 
	        258.91 7159.94257   7159.947   4.0 1 1 
	        316.29 7156.94058  7156.9416   4.0 1 1 
	        379.77 7153.58972  7153.5877   4.0 1 1 
	        441.75  7150.2886  7150.2844   4.0 1 1 
	        473.98  7148.5606  7148.5589   4.0 1 1 
	        502.11 7147.04541  7147.0416   4.0 1 1 
	        588.90 7142.33394   7142.331   4.0 1 1 
	        623.14 7140.45915  7140.4617   4.0 1 1 
	        764.82  7132.6071    7132.61   4.0 1 1 
	        787.05 7131.36128  7131.3586   4.0 1 1 
	        798.43  7130.7217  7130.7236   4.0 1 1 
	        885.13 7125.81896    7125.82   4.0 1 1 
	        907.25 7124.55892  7124.5607   4.0 1 1 
	       1083.31 7114.39697  7114.3984   4.0 1 1 
	       1108.56 7112.91992  7112.9189   4.0 1 1 
	       1160.66 7109.85748  7109.8602   4.0 1 1 
	       1172.15 7109.17907  7109.1819   4.0 1 1 
	       1200.91 7107.47742  7107.4778   4.0 1 1 
	       1317.49 7100.51343  7100.5144   4.0 1 1 
	       1501.03 7089.33945  7089.3395   4.0 1 1 
	       1543.65 7086.70745  7086.7044   4.0 1 1 
	       1584.53 7084.17069   7084.169   4.0 1 1 
	       1725.31 7075.33516  7075.3336   4.0 1 1 
	       1742.34 7074.25646  7074.2563   4.0 1 1 
	       1771.62 7072.39572  7072.3939   4.0 1 1 
	       1828.90 7068.73764  7068.7358   4.0 1 1 
	       1895.47 7064.45391  7064.4515   4.0 1 1 
	       1942.70 7061.39466  7061.3942   4.0 1 1 
	       1954.11 7060.65268  7060.6538   4.0 1 1 
	       1963.55  7060.0387  7060.0417   4.0 1 1 
	       1971.43 7059.52537  7059.5253   4.0 1 1 
	       1987.35 7058.48655  7058.4895   4.0 1 1 
	function chebyshev
	order 4
	sample *
	naverage 1
	niterate 2000
	low_reject 3.
	high_reject 3.
	grow 0.
	coefficients	8
		1.
		4.
		84.88927459716796
		1987.349975585938
		7115.417356023486
		-55.20343367038484
		-1.726686780621583
		-6.821754685650182E-4

# Fri 11:54:29 03-Feb-2023
begin	identify iazcomp.0040 - Ap 40
	id	iazcomp.0040
	task	identify
	image	iazcomp.0040 - Ap 40
	aperture	40
	aplow	1509.11
	aphigh	1516.9
	units	Angstroms
	features	34
	         83.53 7168.89484  7168.8952   4.0 1 1 
	        116.84 7167.19915  7167.2028   4.0 1 1 
	        207.15 7162.55995  7162.5569   4.0 1 1 
	        257.57 7159.94296   7159.947   4.0 1 1 
	        314.93 7156.94216  7156.9416   4.0 1 1 
	        378.42 7153.59102  7153.5877   4.0 1 1 
	        440.44 7150.28811  7150.2844   4.0 1 1 
	        472.69 7148.55939  7148.5589   4.0 1 1 
	        587.61 7142.33359   7142.331   4.0 1 1 
	        621.80 7140.46169  7140.4617   4.0 1 1 
	        763.53 7132.60764    7132.61   4.0 1 1 
	        785.76  7131.3623  7131.3586   4.0 1 1 
	        797.16 7130.72149  7130.7236   4.0 1 1 
	        883.86 7125.81936    7125.82   4.0 1 1 
	        906.00 7124.55876  7124.5607   4.0 1 1 
	       1082.07  7114.3971  7114.3984   4.0 1 1 
	       1107.33 7112.91989  7112.9189   4.0 1 1 
	       1159.42 7109.85783  7109.8602   4.0 1 1 
	       1170.94 7109.17804  7109.1819   4.0 1 1 
	       1199.68 7107.47743  7107.4778   4.0 1 1 
	       1316.29 7100.51252  7100.5144   4.0 1 1 
	       1499.85 7089.33878  7089.3395   4.0 1 1 
	       1542.47 7086.70766  7086.7044   4.0 1 1 
	       1583.36  7084.1701   7084.169   4.0 1 1 
	       1724.16  7075.3349  7075.3336   4.0 1 1 
	       1741.13 7074.25946  7074.2563   4.0 1 1 
	       1770.48 7072.39533  7072.3939   4.0 1 1 
	       1827.74 7068.73815  7068.7358   4.0 1 1 
	       1894.35 7064.45322  7064.4515   4.0 1 1 
	       1941.57 7061.39493  7061.3942   4.0 1 1 
	       1952.98 7060.65307  7060.6538   4.0 1 1 
	       1962.42 7060.03879  7060.0417   4.0 1 1 
	       1970.32 7059.52426  7059.5253   4.0 1 1 
	       1986.23 7058.48633  7058.4895   4.0 1 1 
	function chebyshev
	order 4
	sample *
	naverage 1
	niterate 2000
	low_reject 3.
	high_reject 3.
	grow 0.
	coefficients	8
		1.
		4.
		83.53018188476563
		1986.232543945312
		7115.417068743548
		-55.20369918925401
		-1.726484665184358
		-5.589368537939308E-4

# Mon 14:51:51 06-Feb-2023
begin	identify iazcomp.0040 - Ap 40
	id	iazcomp.0040
	task	identify
	image	iazcomp.0040 - Ap 40
	aperture	40
	aplow	1509.11
	aphigh	1516.9
	units	Angstroms
	features	34
	         80.94 7168.89575  7168.8952   4.0 1 1 
	        114.29 7167.19903  7167.2028   4.0 1 1 
	        204.63  7162.5597  7162.5569   4.0 1 1 
	        255.05 7159.94313   7159.947   4.0 1 1 
	        312.46 7156.94097  7156.9416   4.0 1 1 
	        375.96 7153.59028  7153.5877   4.0 1 1 
	        437.98 7150.28846  7150.2844   4.0 1 1 
	        470.25 7148.55933  7148.5589   4.0 1 1 
	        585.22 7142.33268   7142.331   4.0 1 1 
	        619.37 7140.46361  7140.4617   4.0 1 1 
	        761.19 7132.60767    7132.61   4.0 1 1 
	        783.43 7131.36163  7131.3586   4.0 1 1 
	        794.81  7130.7226  7130.7236   4.0 1 1 
	        881.56 7125.81901    7125.82   4.0 1 1 
	        903.69 7124.55903  7124.5607   4.0 1 1 
	       1079.83 7114.39666  7114.3984   4.0 1 1 
	       1105.11 7112.91879  7112.9189   4.0 1 1 
	       1157.20 7109.85781  7109.8602   4.0 1 1 
	       1168.71 7109.17899  7109.1819   4.0 1 1 
	       1197.47 7107.47725  7107.4778   4.0 1 1 
	       1314.11   7100.513  7100.5144   4.0 1 1 
	       1497.70 7089.34003  7089.3395   4.0 1 1 
	       1540.36 7086.70702  7086.7044   4.0 1 1 
	       1581.25 7084.17011   7084.169   4.0 1 1 
	       1722.08 7075.33492  7075.3336   4.0 1 1 
	       1739.09 7074.25765  7074.2563   4.0 1 1 
	       1768.40 7072.39595  7072.3939   4.0 1 1 
	       1825.70 7068.73778  7068.7358   4.0 1 1 
	       1892.31 7064.45335  7064.4515   4.0 1 1 
	       1939.54 7061.39453  7061.3942   4.0 1 1 
	       1950.95  7060.6533  7060.6538   4.0 1 1 
	       1960.39 7060.03883  7060.0417   4.0 1 1 
	       1968.28 7059.52494  7059.5253   4.0 1 1 
	       1984.21 7058.48639  7058.4895   4.0 1 1 
	function chebyshev
	order 4
	sample *
	naverage 1
	niterate 2000
	low_reject 3.
	high_reject 3.
	grow 0.
	coefficients	8
		1.
		4.
		80.94381713867188
		1984.207763671875
		7115.418620786247
		-55.20371820901287
		-1.727553803454761
		-9.610041342479014E-4

# Mon 15:30:56 27-Feb-2023
begin	identify iazcomp.0040 - Ap 40
	id	iazcomp.0040
	task	identify
	image	iazcomp.0040 - Ap 40
	aperture	40
	aplow	1509.11
	aphigh	1516.9
	units	Angstroms
	features	30
	         85.86 7168.89555  7168.8952   4.0 1 1 
	        119.16  7167.1998  7167.2028   4.0 1 1 
	        209.46 7162.55876  7162.5569   4.0 1 1 
	        259.82 7159.94362   7159.947   4.0 1 1 
	        317.20 7156.94032  7156.9416   4.0 1 1 
	        380.63 7153.59113  7153.5877   4.0 1 1 
	        442.62 7150.28813  7150.2844   4.0 1 1 
	        474.84 7148.56007  7148.5589   4.0 1 1 
	        589.74 7142.33319   7142.331   4.0 1 1 
	        765.58 7132.60829    7132.61   4.0 1 1 
	        787.80 7131.36259  7131.3586   4.0 1 1 
	        799.23 7130.72074  7130.7236   4.0 1 1 
	        885.89 7125.81915    7125.82   4.0 1 1 
	        908.01 7124.55904  7124.5607   4.0 1 1 
	       1084.04 7114.39662  7114.3984   4.0 1 1 
	       1109.29 7112.91955  7112.9189   4.0 1 1 
	       1161.35 7109.85861  7109.8602   4.0 1 1 
	       1172.86 7109.17921  7109.1819   4.0 1 1 
	       1201.61 7107.47747  7107.4778   4.0 1 1 
	       1318.20 7100.51195  7100.5144   4.0 1 1 
	       1501.67 7089.34018  7089.3395   4.0 1 1 
	       1544.31 7086.70719  7086.7044   4.0 1 1 
	       1585.19 7084.16974   7084.169   4.0 1 1 
	       1725.94 7075.33554  7075.3336   4.0 1 1 
	       1742.92 7074.25915  7074.2563   4.0 1 1 
	       1772.26 7072.39485  7072.3939   4.0 1 1 
	       1829.52 7068.73736  7068.7358   4.0 1 1 
	       1943.32  7061.3933  7061.3942   4.0 1 1 
	       1954.70 7060.65349  7060.6538   4.0 1 1 
	       1964.16 7060.03761  7060.0417   4.0 1 1 
	function chebyshev
	order 4
	sample *
	naverage 1
	niterate 2000
	low_reject 3.
	high_reject 3.
	grow 0.
	coefficients	8
		1.
		4.
		85.86367797851561
		1964.16015625
		7116.148580564903
		-54.42799579098183
		-1.682003642177481
		-9.734961576562507E-4

# Tue 13:40:50 16-May-2023
begin	identify iazcomp.0040 - Ap 40
	id	iazcomp.0040
	task	identify
	image	iazcomp.0040 - Ap 40
	aperture	40
	aplow	1509.11
	aphigh	1516.9
	units	Angstroms
	features	30
	         85.00 7168.89565  7168.8952   4.0 1 1 
	        118.35 7167.19779  7167.2028   4.0 1 1 
	        208.60 7162.56048  7162.5569   4.0 1 1 
	        259.00  7159.9441   7159.947   4.0 1 1 
	        316.41 7156.93973  7156.9416   4.0 1 1 
	        379.82 7153.59253  7153.5877   4.0 1 1 
	        441.85 7150.28874  7150.2844   4.0 1 1 
	        474.09 7148.55963  7148.5589   4.0 1 1 
	        589.01 7142.33265   7142.331   4.0 1 1 
	        764.89 7132.60748    7132.61   4.0 1 1 
	        787.12 7131.36152  7131.3586   4.0 1 1 
	        798.51 7130.72168  7130.7236   4.0 1 1 
	        885.21   7125.819    7125.82   4.0 1 1 
	        907.33 7124.55886  7124.5607   4.0 1 1 
	       1083.38 7114.39663  7114.3984   4.0 1 1 
	       1108.63 7112.91964  7112.9189   4.0 1 1 
	       1160.71 7109.85823  7109.8602   4.0 1 1 
	       1172.21 7109.17973  7109.1819   4.0 1 1 
	       1200.97 7107.47718  7107.4778   4.0 1 1 
	       1317.56 7100.51292  7100.5144   4.0 1 1 
	       1501.08  7089.3391  7089.3395   4.0 1 1 
	       1543.71 7086.70694  7086.7044   4.0 1 1 
	       1584.58 7084.17029   7084.169   4.0 1 1 
	       1725.35 7075.33555  7075.3336   4.0 1 1 
	       1742.33 7074.25982  7074.2563   4.0 1 1 
	       1771.66 7072.39571  7072.3939   4.0 1 1 
	       1828.95 7068.73665  7068.7358   4.0 1 1 
	       1942.75 7061.39356  7061.3942   4.0 1 1 
	       1954.16 7060.65195  7060.6538   4.0 1 1 
	       1963.59 7060.03847  7060.0417   4.0 1 1 
	function chebyshev
	order 4
	sample *
	naverage 1
	niterate 2000
	low_reject 3.
	high_reject 3.
	grow 0.
	coefficients	8
		1.
		4.
		85.00090026855469
		1963.58544921875
		7116.150388089053
		-54.42783182759739
		-1.683330893022597
		-7.567057309591618E-4

# Mon 15:29:24 14-Aug-2023
begin	identify iazcomp.0040 - Ap 40
	id	iazcomp.0040
	task	identify
	image	iazcomp.0040 - Ap 40
	aperture	40
	aplow	1509.11
	aphigh	1516.9
	units	Angstroms
	features	30
	         88.71 7168.89651  7168.8952   4.0 1 1 
	        122.06 7167.19825  7167.2028   4.0 1 1 
	        212.31 7162.55896  7162.5569   4.0 1 1 
	        262.64 7159.94449   7159.947   4.0 1 1 
	        320.04 7156.93986  7156.9416   4.0 1 1 
	        383.46 7153.59087  7153.5877   4.0 1 1 
	        445.42 7150.28873  7150.2844   4.0 1 1 
	        477.65 7148.55981  7148.5589   4.0 1 1 
	        592.51 7142.33354   7142.331   4.0 1 1 
	        768.33 7132.60788    7132.61   4.0 1 1 
	        790.55 7131.36199  7131.3586   4.0 1 1 
	        801.95 7130.72116  7130.7236   4.0 1 1 
	        888.61 7125.81882    7125.82   4.0 1 1 
	        910.72 7124.55902  7124.5607   4.0 1 1 
	       1086.71 7114.39669  7114.3984   4.0 1 1 
	       1111.94 7112.92009  7112.9189   4.0 1 1 
	       1164.00 7109.85855  7109.8602   4.0 1 1 
	       1175.51 7109.17885  7109.1819   4.0 1 1 
	       1204.26 7107.47722  7107.4778   4.0 1 1 
	       1320.79 7100.51345  7100.5144   4.0 1 1 
	       1504.26 7089.33958  7089.3395   4.0 1 1 
	       1546.90 7086.70586  7086.7044   4.0 1 1 
	       1587.74 7084.17043   7084.169   4.0 1 1 
	       1728.47 7075.33581  7075.3336   4.0 1 1 
	       1745.45 7074.25912  7074.2563   4.0 1 1 
	       1774.77 7072.39559  7072.3939   4.0 1 1 
	       1832.05 7068.73646  7068.7358   4.0 1 1 
	       1945.81 7061.39385  7061.3942   4.0 1 1 
	       1957.22 7060.65233  7060.6538   4.0 1 1 
	       1966.65 7060.03843  7060.0417   4.0 1 1 
	function chebyshev
	order 4
	sample *
	naverage 1
	niterate 2000
	low_reject 3.
	high_reject 3.
	grow 0.
	coefficients	8
		1.
		4.
		88.71228790283203
		1966.6474609375
		7116.149419274158
		-54.42854593869249
		-1.681953834199577
		-4.944034311431165E-4

# Mon 16:09:55 14-Aug-2023
begin	identify iazcomp.0040 - Ap 40
	id	iazcomp.0040
	task	identify
	image	iazcomp.0040 - Ap 40
	aperture	40
	aplow	1509.11
	aphigh	1516.9
	units	Angstroms
	features	30
	         88.68 7168.89562  7168.8952   4.0 1 1 
	        121.99 7167.19927  7167.2028   4.0 1 1 
	        212.27 7162.55935  7162.5569   4.0 1 1 
	        262.62  7159.9446   7159.947   4.0 1 1 
	        320.03 7156.93992  7156.9416   4.0 1 1 
	        383.45 7153.59163  7153.5877   4.0 1 1 
	        445.46 7150.28777  7150.2844   4.0 1 1 
	        477.69 7148.55894  7148.5589   4.0 1 1 
	        592.57 7142.33269   7142.331   4.0 1 1 
	        768.42 7132.60761    7132.61   4.0 1 1 
	        790.64 7131.36191  7131.3586   4.0 1 1 
	        802.02 7130.72236  7130.7236   4.0 1 1 
	        888.71 7125.81927    7125.82   4.0 1 1 
	        910.82 7124.55932  7124.5607   4.0 1 1 
	       1086.86 7114.39643  7114.3984   4.0 1 1 
	       1112.11 7112.91937  7112.9189   4.0 1 1 
	       1164.16 7109.85864  7109.8602   4.0 1 1 
	       1175.67 7109.17922  7109.1819   4.0 1 1 
	       1204.42 7107.47734  7107.4778   4.0 1 1 
	       1320.98 7100.51395  7100.5144   4.0 1 1 
	       1504.48 7089.34012  7089.3395   4.0 1 1 
	       1547.13 7086.70643  7086.7044   4.0 1 1 
	       1587.99 7084.16978   7084.169   4.0 1 1 
	       1728.73 7075.33608  7075.3336   4.0 1 1 
	       1745.75 7074.25771  7074.2563   4.0 1 1 
	       1775.07 7072.39417  7072.3939   4.0 1 1 
	       1832.32 7068.73719  7068.7358   4.0 1 1 
	       1946.12 7061.39371  7061.3942   4.0 1 1 
	       1957.50 7060.65376  7060.6538   4.0 1 1 
	       1966.96 7060.03803  7060.0417   4.0 1 1 
	function chebyshev
	order 4
	sample *
	naverage 1
	niterate 2000
	low_reject 3.
	high_reject 3.
	grow 0.
	coefficients	8
		1.
		4.
		88.67867279052734
		1966.963500976562
		7116.148936004471
		-54.42816446384713
		-1.682111384092679
		-6.340107338813536E-4

