# Tue 22:33:04 07-Sep-2021
begin	identify iazcomp.0004 - Ap 4
	id	iazcomp.0004
	task	identify
	image	iazcomp.0004 - Ap 4
	aperture	4
	aplow	946.14
	aphigh	952.82
	units	Angstroms
	features	29
	         15.79 4170.53085  4170.5333   4.0 1 1 
	         80.30 4168.63687  4168.6341   4.0 1 1 
	        176.98 4165.76594  4165.7661   4.0 1 1 
	        229.78 4164.18112  4164.1795   4.0 1 1 
	        285.09 4162.50861   4162.509   4.0 1 1 
	        310.34 4161.74056  4161.7389   4.0 1 1 
	        413.04 4158.58865    4158.59   4.0 1 1 AI(2)
	        479.86 4156.51329  4156.5166   4.0 1 1 
	        537.15 4154.71852  4154.7205   4.0 1 1 
	        724.96 4148.73367  4148.7269   4.0 1 1 
	        742.10 4148.17949  4148.1816   4.0 1 1 
	        880.82 4143.64796  4143.6491   4.0 1 1 
	        909.54 4142.69926   4142.701   4.0 1 1 
	        983.50  4140.2388   4140.235   4.0 1 1 
	       1049.00 4138.03936  4138.0406   4.0 1 1 
	       1124.51  4135.4802    4135.48   4.0 1 1 
	       1165.83 4134.06896  4134.0681   4.0 1 1 
	       1234.04 4131.72293  4131.7235   4.0 1 1 
	       1254.85 4131.00271  4131.0021   4.0 1 1 
	       1322.78 4128.63952    4128.64   4.0 1 1 
	       1339.63 4128.05006  4128.0499   4.0 1 1 
	       1357.98 4127.40671   4127.412   4.0 1 1 
	       1453.21 4124.04458  4124.0403   4.0 1 1 
	       1657.09 4116.71305  4116.7137   4.0 1 1 
	       1683.28 4115.75817  4115.7589   4.0 1 1 
	       1765.15 4112.75416  4112.7545   4.0 1 1 
	       1817.21 4110.82933   4110.826   4.0 1 1 
	       1857.77 4109.32161  4109.3234   4.0 1 1 
	       1881.95 4108.41946  4108.4198   4.0 1 1 
	function chebyshev
	order 5
	sample *
	naverage 1
	niterate 100
	low_reject 3.
	high_reject 3.
	grow 0.
	coefficients	9
		1.
		5.
		15.79018878936768
		1881.947998046875
		4140.43185719491
		-31.05455463755785
		-0.9593506192061147
		-0.00114152717787244
		0.002651400540249568

# Fri 10:42:22 11-Mar-2022
begin	identify iazcomp.0004 - Ap 4
	id	iazcomp.0004
	task	identify
	image	iazcomp.0004 - Ap 4
	aperture	4
	aplow	946.14
	aphigh	952.82
	units	Angstroms
	features	30
	         85.67 4168.04443  4168.0464   4.0 1 1 
	        162.21 4165.76748  4165.7661   4.0 1 1 
	        215.02 4164.18235  4164.1795   4.0 1 1 
	        270.37 4162.50849   4162.509   4.0 1 1 
	        398.32 4158.58968    4158.59   4.0 1 1 
	        465.17 4156.51441  4156.5166   4.0 1 1 
	        522.46 4154.72033  4154.7205   4.0 1 1 
	        727.54 4148.18078  4148.1816   4.0 1 1 
	        866.29 4143.65033  4143.6491   4.0 1 1 
	        895.03 4142.70142   4142.701   4.0 1 1 
	        901.90   4142.474  4142.4741   4.0 1 1 
	       1034.55 4138.04144  4138.0406   4.0 1 1 
	       1110.09 4135.48209    4135.48   4.0 1 1 
	       1151.46 4134.06969  4134.0681   4.0 1 1 
	       1189.95 4132.74892  4132.7533   4.0 1 1 
	       1219.70 4131.72335  4131.7235   4.0 1 1 
	       1240.56 4131.00206  4131.0021   4.0 1 1 
	       1308.45 4128.64068    4128.64   4.0 1 1 
	       1325.37 4128.04911  4128.0499   4.0 1 1 
	       1439.04 4124.04193  4124.0403   4.0 1 1 
	       1643.00 4116.71161  4116.7137   4.0 1 1 
	       1669.21 4115.75699  4115.7589   4.0 1 1 
	       1751.10 4112.75486  4112.7545   4.0 1 1 
	       1803.30 4110.82712   4110.826   4.0 1 1 
	       1843.77 4109.32442  4109.3234   4.0 1 1 
	       1868.07 4108.41925  4108.4198   4.0 1 1 
	       1904.64  4107.0521  4107.0506   4.0 1 1 
	       1963.45  4104.8426  4104.8385   4.0 1 1 
	       1975.64 4104.38298  4104.3821   4.0 1 1 
	       1988.26  4103.9064  4103.9121   4.0 1 1 
	function chebyshev
	order 5
	sample *
	naverage 1
	niterate 100
	low_reject 3.
	high_reject 3.
	grow 0.
	coefficients	9
		1.
		5.
		85.67077636718749
		1988.258911132813
		4136.963138081279
		-32.07166470700571
		-0.9922571144845471
		0.002646263474027643
		0.004534542198800401

# Tue 15:05:04 29-Mar-2022
begin	identify iazcomp.0004 - Ap 4
	id	iazcomp.0004
	task	identify
	image	iazcomp.0004 - Ap 4
	aperture	4
	aplow	946.14
	aphigh	952.82
	units	Angstroms
	features	30
	         85.53 4168.05402  4168.0464   4.0 1 1 
	        162.86 4165.76009  4165.7661   4.0 1 1 
	        215.72 4164.17687  4164.1795   4.0 1 1 
	        271.12 4162.50456   4162.509   4.0 1 1 
	        399.03 4158.59107    4158.59   4.0 1 1 
	        465.90  4156.5161  4156.5166   4.0 1 1 
	        523.10 4154.72512  4154.7205   4.0 1 1 
	        728.21 4148.18353  4148.1816   4.0 1 1 
	        866.95 4143.65178  4143.6491   4.0 1 1 
	        895.68 4142.70255   4142.701   4.0 1 1 
	        902.68 4142.47079  4142.4741   4.0 1 1 
	       1035.18 4138.04161  4138.0406   4.0 1 1 
	       1110.72  4135.4816    4135.48   4.0 1 1 
	       1152.08 4134.06926  4134.0681   4.0 1 1 
	       1190.58 4132.74795  4132.7533   4.0 1 1 
	       1220.33 4131.72216  4131.7235   4.0 1 1 
	       1241.18 4131.00119  4131.0021   4.0 1 1 
	       1309.07 4128.63962    4128.64   4.0 1 1 
	       1325.94 4128.04987  4128.0499   4.0 1 1 
	       1439.67 4124.04049  4124.0403   4.0 1 1 
	       1643.62 4116.71142  4116.7137   4.0 1 1 
	       1669.80 4115.75745  4115.7589   4.0 1 1 
	       1751.72 4112.75481  4112.7545   4.0 1 1 
	       1803.80 4110.83085   4110.826   4.0 1 1 
	       1844.34 4109.32566  4109.3234   4.0 1 1 
	       1868.59 4108.42216  4108.4198   4.0 1 1 
	       1905.25 4107.05147  4107.0506   4.0 1 1 
	       1964.23 4104.83471  4104.8385   4.0 1 1 
	       1976.15 4104.38499  4104.3821   4.0 1 1 
	       1988.78 4103.90757  4103.9121   4.0 1 1 
	function chebyshev
	order 5
	sample *
	naverage 1
	niterate 100
	low_reject 3.
	high_reject 3.
	grow 0.
	coefficients	9
		1.
		5.
		85.52696228027343
		1988.784912109375
		4136.975859174792
		-32.07975311780174
		-0.9971463730959432
		0.006525857784017594
		0.002082064450089442

# Mon 18:55:49 30-Jan-2023
begin	identify iazcomp.0004 - Ap 4
	id	iazcomp.0004
	task	identify
	image	iazcomp.0004 - Ap 4
	aperture	4
	aplow	946.14
	aphigh	952.82
	units	Angstroms
	features	41
	         13.05  4170.5312  4170.5333   4.0 1 1 
	         77.63 4168.63315  4168.6341   4.0 1 1 
	        174.16 4165.76501  4165.7661   4.0 1 1 
	        227.01 4164.17889  4164.1795   4.0 1 1 
	        244.46 4163.65253  4163.6469   4.0 1 1 
	        282.21 4162.50955   4162.509   4.0 1 1 
	        307.40 4161.74378  4161.7389   4.0 1 1 
	        375.31  4159.6656  4159.6599   4.0 1 1 
	        410.34   4158.586  4158.5905   4.0 1 1 
	        477.15 4156.51201  4156.5166   4.0 1 1 
	        534.45 4154.71818  4154.7205   4.0 1 1 
	        647.26   4151.144  4151.1453   4.0 1 1 
	        739.44 4148.18167  4148.1816   4.0 1 1 
	        759.38 4147.53585  4147.5396   4.0 1 1 
	        878.25 4143.64944  4143.6491   4.0 1 1 
	        906.93 4142.70192   4142.701   4.0 1 1 
	        913.99 4142.46843  4142.4741   4.0 1 1 
	        980.94 4140.24061   4140.235   4.0 1 1 
	       1046.40  4138.0427  4138.0406   4.0 1 1 
	       1121.97 4135.48162    4135.48   4.0 1 1 
	       1155.96 4134.32142  4134.3235   4.0 1 1 
	       1163.28 4134.07086  4134.0681   4.0 1 1 
	       1201.73 4132.75066  4132.7533   4.0 1 1 
	       1231.49 4131.72412  4131.7235   4.0 1 1 
	       1252.32 4131.00358  4131.0021   4.0 1 1 
	       1320.20 4128.64145    4128.64   4.0 1 1 
	       1336.98 4128.05434  4128.0499   4.0 1 1 
	       1355.47 4127.40601   4127.412   4.0 1 1 
	       1450.72 4124.04261  4124.0403   4.0 1 1 
	       1605.41 4118.49536  4118.4893   4.0 1 1 
	       1654.63 4116.70877  4116.7137   4.0 1 1 
	       1680.79 4115.75505  4115.7589   4.0 1 1 
	       1762.67  4112.7514  4112.7545   4.0 1 1 
	       1814.73 4110.82725   4110.826   4.0 1 1 
	       1855.29 4109.32061  4109.3234   4.0 1 1 
	       1879.47 4108.41903  4108.4198   4.0 1 1 
	       1916.08 4107.04965  4107.0506   4.0 1 1 
	       1946.13 4105.92188   4105.915   4.0 1 1 
	       1974.80 4104.84248  4104.8385   4.0 1 1 
	       1986.99 4104.38254  4104.3821   4.0 1 1 
	       1999.58 4103.90698  4103.9121   4.0 1 1 
	function chebyshev
	order 5
	sample *
	naverage 1
	niterate 100
	low_reject 3.
	high_reject 3.
	grow 0.
	coefficients	9
		1.
		5.
		13.04693698883057
		1999.578247070313
		4138.298577692515
		-33.31277088501291
		-1.085936756638229
		6.587015062389528E-4
		0.006446384741637057

# Fri 11:53:21 03-Feb-2023
begin	identify iazcomp.0004 - Ap 4
	id	iazcomp.0004
	task	identify
	image	iazcomp.0004 - Ap 4
	aperture	4
	aplow	946.14
	aphigh	952.82
	units	Angstroms
	features	39
	         11.64 4170.53096  4170.5333   4.0 1 1 
	         76.12 4168.63664  4168.6341   4.0 1 1 
	        172.80 4165.76482  4165.7661   4.0 1 1 
	        225.61 4164.18005  4164.1795   4.0 1 1 
	        280.94   4162.507   4162.509   4.0 1 1 
	        306.03 4161.74421  4161.7389   4.0 1 1 
	        373.97 4159.66525  4159.6599   4.0 1 1 
	        408.95   4158.587  4158.5905   4.0 1 1 
	        475.80 4156.51223  4156.5166   4.0 1 1 
	        533.08 4154.71886  4154.7205   4.0 1 1 
	        738.09 4148.18201  4148.1816   4.0 1 1 
	        757.99 4147.53764  4147.5396   4.0 1 1 
	        876.90  4143.6501  4143.6491   4.0 1 1 
	        905.62 4142.70147   4142.701   4.0 1 1 
	        912.60 4142.47056  4142.4741   4.0 1 1 
	        979.61   4140.241   4140.235   4.0 1 1 
	       1045.15 4138.04103  4138.0406   4.0 1 1 
	       1120.65 4135.48266    4135.48   4.0 1 1 
	       1154.73 4134.31965  4134.3235   4.0 1 1 
	       1162.01 4134.07043  4134.0681   4.0 1 1 
	       1200.49 4132.74971  4132.7533   4.0 1 1 
	       1230.24 4131.72412  4131.7235   4.0 1 1 
	       1251.07 4131.00329  4131.0021   4.0 1 1 
	       1318.98 4128.64086    4128.64   4.0 1 1 
	       1335.79 4128.05319  4128.0499   4.0 1 1 
	       1354.21 4127.40734   4127.412   4.0 1 1 
	       1449.56 4124.04098  4124.0403   4.0 1 1 
	       1604.35  4118.4916  4118.4893   4.0 1 1 
	       1653.43 4116.71046  4116.7137   4.0 1 1 
	       1679.59 4115.75688  4115.7589   4.0 1 1 
	       1761.50 4112.75221  4112.7545   4.0 1 1 
	       1813.53  4110.8294   4110.826   4.0 1 1 
	       1854.08 4109.32303  4109.3234   4.0 1 1 
	       1878.31 4108.41959  4108.4198   4.0 1 1 
	       1914.90  4107.0506  4107.0506   4.0 1 1 
	       1945.06 4105.91835   4105.915   4.0 1 1 
	       1973.66 4104.84139  4104.8385   4.0 1 1 
	       1985.77 4104.38443  4104.3821   4.0 1 1 
	       1998.46   4103.905  4103.9121   4.0 1 1 
	function chebyshev
	order 5
	sample *
	naverage 1
	niterate 100
	low_reject 3.
	high_reject 3.
	grow 0.
	coefficients	9
		1.
		5.
		11.63948059082031
		1998.457885742187
		4138.298098676991
		-33.31316402771292
		-1.085746432891522
		1.865626524221853E-4
		0.005629256650011262

# Mon 14:50:21 06-Feb-2023
begin	identify iazcomp.0004 - Ap 4
	id	iazcomp.0004
	task	identify
	image	iazcomp.0004 - Ap 4
	aperture	4
	aplow	946.14
	aphigh	952.82
	units	Angstroms
	features	38
	          8.96 4170.53262  4170.5333   4.0 1 1 
	         73.61 4168.63429  4168.6341   4.0 1 1 
	        170.24  4165.7654  4165.7661   4.0 1 1 
	        223.10 4164.17979  4164.1795   4.0 1 1 
	        278.47 4162.50622   4162.509   4.0 1 1 
	        303.59 4161.74299  4161.7389   4.0 1 1 
	        371.44 4159.66727  4159.6599   4.0 1 1 
	        406.49 4158.58744  4158.5905   4.0 1 1 
	        473.36 4156.51247  4156.5166   4.0 1 1 
	        530.61 4154.72029  4154.7205   4.0 1 1 
	        735.77 4148.18054  4148.1816   4.0 1 1 
	        755.65 4147.53718  4147.5396   4.0 1 1 
	        874.57  4143.6501  4143.6491   4.0 1 1 
	        903.34 4142.70033   4142.701   4.0 1 1 
	        910.28  4142.4706  4142.4741   4.0 1 1 
	        977.33  4140.2406   4140.235   4.0 1 1 
	       1042.88 4138.04078  4138.0406   4.0 1 1 
	       1118.42 4135.48199    4135.48   4.0 1 1 
	       1159.77 4134.07046  4134.0681   4.0 1 1 
	       1198.26 4132.74978  4132.7533   4.0 1 1 
	       1228.01 4131.72421  4131.7235   4.0 1 1 
	       1248.86 4131.00316  4131.0021   4.0 1 1 
	       1316.76 4128.64192    4128.64   4.0 1 1 
	       1333.62 4128.05225  4128.0499   4.0 1 1 
	       1352.04 4127.40672   4127.412   4.0 1 1 
	       1447.43 4124.04028  4124.0403   4.0 1 1 
	       1601.93 4118.50269  4118.4893   4.0 1 0 
	       1651.31  4116.7113  4116.7137   4.0 1 1 
	       1677.48 4115.75749  4115.7589   4.0 1 1 
	       1759.40  4112.7533  4112.7545   4.0 1 1 
	       1811.46 4110.82946   4110.826   4.0 1 1 
	       1851.99 4109.32423  4109.3234   4.0 1 1 
	       1876.26 4108.41941  4108.4198   4.0 1 1 
	       1912.86 4107.05039  4107.0506   4.0 1 1 
	       1943.13 4105.91406   4105.915   4.0 1 1 
	       1971.51 4104.84533  4104.8385   4.0 1 1 
	       1983.74 4104.38373  4104.3821   4.0 1 1 
	       1996.42 4103.90483  4103.9121   4.0 1 1 
	function chebyshev
	order 5
	sample *
	naverage 1
	niterate 100
	low_reject 3.
	high_reject 3.
	grow 0.
	coefficients	9
		1.
		5.
		8.958335876464843
		1996.4150390625
		4138.300152509212
		-33.31404382388764
		-1.086598962658105
		1.479040403691815E-4
		0.00517137249154025

# Mon 15:24:57 27-Feb-2023
begin	identify iazcomp.0004 - Ap 4
	id	iazcomp.0004
	task	identify
	image	iazcomp.0004 - Ap 4
	aperture	4
	aplow	946.14
	aphigh	952.82
	units	Angstroms
	features	31
	         14.01 4170.53134  4170.5333   4.0 1 1 
	         78.48 4168.63644  4168.6341   4.0 1 1 
	        175.13 4165.76451  4165.7661   4.0 1 1 
	        227.96 4164.17839  4164.1795   4.0 1 1 
	        308.33  4161.7433  4161.7389   4.0 1 1 
	        376.17 4159.66686  4159.6599   4.0 1 1 
	        411.23 4158.58581  4158.5905   4.0 1 1 
	        478.02 4156.51227  4156.5166   4.0 1 1 
	        535.24 4154.72048  4154.7205   4.0 1 1 
	        740.24 4148.18261  4148.1816   4.0 1 1 
	        760.24 4147.53482  4147.5396   4.0 1 1 
	        879.05  4143.6494  4143.6491   4.0 1 1 
	        907.74 4142.70188   4142.701   4.0 1 1 
	       1047.24 4138.04154  4138.0406   4.0 1 1 
	       1122.73 4135.48283    4135.48   4.0 1 1 
	       1164.06 4134.07133  4134.0681   4.0 1 1 
	       1202.57 4132.74936  4132.7533   4.0 1 1 
	       1232.29 4131.72426  4131.7235   4.0 1 1 
	       1253.12 4131.00355  4131.0021   4.0 1 1 
	       1321.00 4128.64187    4128.64   4.0 1 1 
	       1337.88 4128.05115  4128.0499   4.0 1 1 
	       1356.26 4127.40687   4127.412   4.0 1 1 
	       1451.57 4124.04128  4124.0403   4.0 1 1 
	       1655.40 4116.71094  4116.7137   4.0 1 1 
	       1681.58 4115.75647  4115.7589   4.0 1 1 
	       1763.44 4112.75349  4112.7545   4.0 1 1 
	       1815.50 4110.82938   4110.826   4.0 1 1 
	       1856.03 4109.32378  4109.3234   4.0 1 1 
	       1880.21 4108.42209  4108.4198   4.0 1 1 
	       1987.77 4104.38336  4104.3821   4.0 1 1 
	       2000.32 4103.90934  4103.9121   4.0 1 1 
	function chebyshev
	order 5
	sample *
	naverage 1
	niterate 100
	low_reject 3.
	high_reject 3.
	grow 0.
	coefficients	9
		1.
		5.
		14.01374530792236
		2000.317749023438
		4138.298821559782
		-33.31131628413314
		-1.08442104170039
		3.149011833936339E-4
		0.005936271459575773

# Tue 13:39:51 16-May-2023
begin	identify iazcomp.0004 - Ap 4
	id	iazcomp.0004
	task	identify
	image	iazcomp.0004 - Ap 4
	aperture	4
	aplow	946.14
	aphigh	952.82
	units	Angstroms
	features	31
	         13.08 4170.53151  4170.5333   4.0 1 1 
	         77.64 4168.63551  4168.6341   4.0 1 1 
	        174.31 4165.76468  4165.7661   4.0 1 1 
	        227.16 4164.17874  4164.1795   4.0 1 1 
	        307.50  4161.7455  4161.7389   4.0 1 1 
	        375.47 4159.66588  4159.6599   4.0 1 1 
	        410.48 4158.58666  4158.5905   4.0 1 1 
	        477.35 4156.51105  4156.5166   4.0 1 1 
	        534.59 4154.71888  4154.7205   4.0 1 1 
	        739.59 4148.18201  4148.1816   4.0 1 1 
	        759.53 4147.53633  4147.5396   4.0 1 1 
	        878.42 4143.64906  4143.6491   4.0 1 1 
	        907.12 4142.70104   4142.701   4.0 1 1 
	       1046.53  4138.0445  4138.0406   4.0 1 1 
	       1122.16 4135.48136    4135.48   4.0 1 1 
	       1163.48  4134.0706  4134.0681   4.0 1 1 
	       1201.94  4132.7503  4132.7533   4.0 1 1 
	       1231.69 4131.72453  4131.7235   4.0 1 1 
	       1252.53 4131.00348  4131.0021   4.0 1 1 
	       1320.40 4128.64242    4128.64   4.0 1 1 
	       1337.26 4128.05282  4128.0499   4.0 1 1 
	       1355.69 4127.40652   4127.412   4.0 1 1 
	       1451.12 4124.03728  4124.0403   4.0 1 1 
	       1654.83 4116.71144  4116.7137   4.0 1 1 
	       1681.01 4115.75704  4115.7589   4.0 1 1 
	       1762.87 4112.75408  4112.7545   4.0 1 1 
	       1814.90 4110.83083   4110.826   4.0 1 1 
	       1855.45 4109.32388  4109.3234   4.0 1 1 
	       1879.69 4108.41984  4108.4198   4.0 1 1 
	       1987.09   4104.386  4104.3821   4.0 1 1 
	       1999.75 4103.90722  4103.9121   4.0 1 1 
	function chebyshev
	order 5
	sample *
	naverage 1
	niterate 100
	low_reject 3.
	high_reject 3.
	grow 0.
	coefficients	9
		1.
		5.
		13.08150100708008
		1999.753662109375
		4138.301090354776
		-33.31236989898336
		-1.086902041511793
		2.246728291563565E-4
		0.005180186197355232

# Mon 15:28:06 14-Aug-2023
begin	identify iazcomp.0004 - Ap 4
	id	iazcomp.0004
	task	identify
	image	iazcomp.0004 - Ap 4
	aperture	4
	aplow	946.14
	aphigh	952.82
	units	Angstroms
	features	31
	         16.90 4170.53118  4170.5333   4.0 1 1 
	         81.43 4168.63529  4168.6341   4.0 1 1 
	        178.05 4165.76485  4165.7661   4.0 1 1 
	        230.86 4164.17979  4164.1795   4.0 1 1 
	        311.28 4161.74298  4161.7389   4.0 1 1 
	        379.05 4159.66836  4159.6599   4.0 1 1 
	        414.14 4158.58656  4158.5905   4.0 1 1 
	        480.95 4156.51171  4156.5166   4.0 1 1 
	        538.17 4154.71947  4154.7205   4.0 1 1 
	        743.12 4148.18144  4148.1816   4.0 1 1 
	        763.10 4147.53415  4147.5396   4.0 1 1 
	        881.85 4143.64989  4143.6491   4.0 1 1 
	        910.56 4142.70149   4142.701   4.0 1 1 
	       1050.03 4138.04097  4138.0406   4.0 1 1 
	       1125.50 4135.48253    4135.48   4.0 1 1 
	       1166.82 4134.07105  4134.0681   4.0 1 1 
	       1205.28 4132.75011  4132.7533   4.0 1 1 
	       1235.02 4131.72446  4131.7235   4.0 1 1 
	       1255.86 4131.00346  4131.0021   4.0 1 1 
	       1323.71 4128.64212    4128.64   4.0 1 1 
	       1340.54 4128.05299  4128.0499   4.0 1 1 
	       1358.94 4127.40767   4127.412   4.0 1 1 
	       1454.27 4124.04074  4124.0403   4.0 1 1 
	       1658.01 4116.71125  4116.7137   4.0 1 1 
	       1684.19 4115.75646  4115.7589   4.0 1 1 
	       1766.02 4112.75348  4112.7545   4.0 1 1 
	       1818.05 4110.82908   4110.826   4.0 1 1 
	       1858.59 4109.32221  4109.3234   4.0 1 1 
	       1882.77 4108.41987  4108.4198   4.0 1 1 
	       1990.04 4104.38915  4104.3821   4.0 1 1 
	       2002.80 4103.90626  4103.9121   4.0 1 1 
	function chebyshev
	order 5
	sample *
	naverage 1
	niterate 100
	low_reject 3.
	high_reject 3.
	grow 0.
	coefficients	9
		1.
		5.
		16.9005012512207
		2002.803344726563
		4138.300604235078
		-33.31255617414221
		-1.086835143042151
		9.548298482034724E-5
		0.004949768670262922

# Mon 16:08:18 14-Aug-2023
begin	identify iazcomp.0004 - Ap 4
	id	iazcomp.0004
	task	identify
	image	iazcomp.0004 - Ap 4
	aperture	4
	aplow	946.14
	aphigh	952.82
	units	Angstroms
	features	31
	         16.83  4170.5319  4170.5333   4.0 1 1 
	         81.38 4168.63532  4168.6341   4.0 1 1 
	        178.03 4165.76398  4165.7661   4.0 1 1 
	        230.81 4164.17959  4164.1795   4.0 1 1 
	        311.20  4161.7442  4161.7389   4.0 1 1 
	        379.10 4159.66601  4159.6599   4.0 1 1 
	        414.12 4158.58644  4158.5905   4.0 1 1 
	        480.94 4156.51185  4156.5166   4.0 1 1 
	        538.16  4154.7198  4154.7205   4.0 1 1 
	        743.17  4148.1812  4148.1816   4.0 1 1 
	        763.07 4147.53646  4147.5396   4.0 1 1 
	        881.92  4143.6498  4143.6491   4.0 1 1 
	        910.62 4142.70183   4142.701   4.0 1 1 
	       1050.15 4138.04007  4138.0406   4.0 1 1 
	       1125.57 4135.48364    4135.48   4.0 1 1 
	       1166.92 4134.07127  4134.0681   4.0 1 1 
	       1205.41 4132.74995  4132.7533   4.0 1 1 
	       1235.15 4131.72424  4131.7235   4.0 1 1 
	       1255.97 4131.00384  4131.0021   4.0 1 1 
	       1323.87 4128.64121    4128.64   4.0 1 1 
	       1340.68 4128.05327  4128.0499   4.0 1 1 
	       1359.11 4127.40708   4127.412   4.0 1 1 
	       1454.50  4124.0383  4124.0403   4.0 1 1 
	       1658.24 4116.71139  4116.7137   4.0 1 1 
	       1684.42 4115.75687  4115.7589   4.0 1 1 
	       1766.28 4112.75402  4112.7545   4.0 1 1 
	       1818.36 4110.82869   4110.826   4.0 1 1 
	       1858.84 4109.32468  4109.3234   4.0 1 1 
	       1883.07 4108.42144  4108.4198   4.0 1 1 
	       1990.61 4104.38313  4104.3821   4.0 1 1 
	       2003.14 4103.90953  4103.9121   4.0 1 1 
	function chebyshev
	order 5
	sample *
	naverage 1
	niterate 100
	low_reject 3.
	high_reject 3.
	grow 0.
	coefficients	9
		1.
		5.
		16.82711219787598
		2003.142578125
		4138.300224407088
		-33.31202880557078
		-1.085063326737238
		8.423511590589016E-4
		0.005553903638656496

