    aplow   805.00
    aphigh  813.00
	features	36
            133.80 3895.4190  3895.4190   4.0 1 1
            257.40 3891.9700  3891.9700   4.0 1 1
            433.80 3886.9160  3886.9160   4.0 1 1
            680.20 3879.6440  3879.6440   4.0 1 1
            713.20 3878.6620  3878.6620   4.0 1 1
            823.20 3875.3730  3875.3730   4.0 1 1
            838.10 3874.8620  3874.8620   4.0 1 1
            858.60 3874.2430  3874.2430   4.0 1 1
            872.20 3873.8220  3873.8220   4.0 1 1
            883.70 3873.4740  3873.4740   4.0 1 1
           1006.31 3869.6630  3869.6630   4.0 1 1
           1042.06 3868.5300  3868.5300   4.0 1 1
           1093.50 3866.9090  3866.9090   4.0 1 1
           1203.85 3863.4060  3863.4060   4.0 1 1
           1313.90 3859.8390  3859.8390   4.0 1 1
           1476.00 3854.5100  3854.5100   4.0 1 1
           1547.40 3852.1350  3852.1350   4.0 1 1
           1594.60 3850.5700  3850.5700   4.0 1 1
           1745.50 3845.4200  3845.4200   4.0 1 1
           1910.56 3839.7000  3839.7000   4.0 1 1
           1962.80 3837.8750  3837.8750   4.0 1 1
           1999.30 3836.5720  3836.5720   4.0 1 1
