# Tue 22:42:37 07-Sep-2021
begin	identify iazcomp.0024 - Ap 24
	id	iazcomp.0024
	task	identify
	image	iazcomp.0024 - Ap 24
	aperture	24
	aplow	1305.81
	aphigh	1315.64
	units	Angstroms
	features	38
	         10.51 5434.14921  5434.1514   4.0 1 1 
	         89.91 5431.11353   5431.112   4.0 1 1 
	        211.20  5426.4076  5426.4075   4.0 1 1 
	        229.70  5425.6825  5425.6783   4.0 1 1 
	        327.08 5421.83267  5421.8359   4.0 1 1 
	        394.75 5419.12532  5419.1285   4.0 1 1 
	        435.34 5417.48869  5417.4858   4.0 1 1 
	        599.55 5410.76979  5410.7687   4.0 1 1 
	        674.44 5407.65331  5407.6535   4.0 1 1 
	        695.80 5406.75867  5406.7553   4.0 1 1 
	        780.17 5403.19812  5403.1993   4.0 1 1 
	        794.12 5402.60526  5402.6048   4.0 1 1 
	        851.79 5400.14286  5400.1455   4.0 1 1 
	        864.00 5399.61887  5399.6218   4.0 1 1 
	        874.39 5399.17272  5399.1745   4.0 1 1 
	        912.80 5397.51642   5397.516   4.0 1 1 
	        976.30 5394.76009  5394.7608   4.0 1 1 
	       1026.34 5392.57139  5392.5726   4.0 1 1 
	       1128.63  5388.0515  5388.0507   4.0 1 1 
	       1160.94 5386.61103  5386.6107   4.0 1 1 
	       1218.35 5384.03708  5384.0356   4.0 1 1 
	       1242.87 5382.93168  5382.9276   4.0 1 1 
	       1277.38 5381.37004  5381.3709   4.0 1 1 
	       1327.03 5379.11125  5379.1105   4.0 1 1 
	       1392.08 5376.13091  5376.1304   4.0 1 1 
	       1399.95 5375.76827  5375.7688   4.0 1 1 
	       1408.95 5375.35385  5375.3526   4.0 1 1 
	       1420.45 5374.82292  5374.8219   4.0 1 1 
	       1449.19 5373.49358  5373.4943   4.0 1 1 
	       1466.22 5372.70379  5372.7027   4.0 1 1 
	       1509.07 5370.70897  5370.7096   4.0 1 1 
	       1681.53 5362.57395  5362.5751   4.0 1 1 
	       1711.28 5361.15324  5361.1556   4.0 1 1 
	       1732.27 5360.14825  5360.1501   4.0 1 1 
	       1825.90 5355.63485  5355.6365   4.0 1 1 
	       1847.19  5354.6019  5354.6016   4.0 1 1 
	       1903.86 5351.83992  5351.8365   4.0 1 1 
	       1961.64 5349.00531  5349.0054   4.0 1 1 
	function chebyshev
	order 5
	sample *
	naverage 1
	niterate 2000
	low_reject 3.
	high_reject 3.
	grow 0.
	coefficients	9
		1.
		5.
		10.50887393951416
		1961.642700195312
		5392.952537346558
		-42.57550680828751
		-1.378156375420286
		0.003556395889606357
		0.002881152192914831

# Fri 10:57:11 11-Mar-2022
begin	identify iazcomp.0024 - Ap 24
	id	iazcomp.0024
	task	identify
	image	iazcomp.0024 - Ap 24
	aperture	24
	aplow	1305.81
	aphigh	1315.64
	units	Angstroms
	features	42
	         74.24 5431.11131   5431.112   4.0 1 1 
	        195.59 5426.40434  5426.4075   4.0 1 1 
	        214.09 5425.67944  5425.6783   4.0 1 1 
	        256.48 5424.01105  5424.0079   4.0 1 1 
	        419.76 5417.48768  5417.4858   4.0 1 1 
	        468.50 5415.51101  5415.5226   4.0 1 0 
	        584.05 5410.76865  5410.7687   4.0 1 1 
	        658.99 5407.65202  5407.6535   4.0 1 1 
	        666.32 5407.34519  5407.3439   4.0 1 1 
	        680.40 5406.75554  5406.7553   4.0 1 1 
	        764.76  5403.1973  5403.1993   4.0 1 1 
	        778.69  5402.6054  5402.6048   4.0 1 1 
	        836.35 5400.14507  5400.1455   4.0 1 1 
	        848.62 5399.61886  5399.6218   4.0 1 1 
	        859.02 5399.17197  5399.1745   4.0 1 1 
	        869.96 5398.70185  5398.7015   4.0 1 1 
	        897.43  5397.5171   5397.516   4.0 1 1 
	        960.99 5394.75979  5394.7608   4.0 1 1 
	        987.51 5393.60221  5393.5995   4.0 1 1 
	       1011.05 5392.57143  5392.5726   4.0 1 1 
	       1113.39 5388.05194  5388.0507   4.0 1 1 
	       1145.74 5386.61086  5386.6107   4.0 1 1 
	       1203.16 5384.03748  5384.0356   4.0 1 1 
	       1262.29 5381.36819  5381.3709   4.0 1 1 
	       1311.93 5379.11131  5379.1105   4.0 1 1 
	       1317.93 5378.83744  5378.8356   4.0 1 1 
	       1377.01 5376.13111  5376.1304   4.0 1 1 
	       1384.89  5375.7682  5375.7688   4.0 1 1 
	       1393.90 5375.35333  5375.3526   4.0 1 1 
	       1405.41 5374.82271  5374.8219   4.0 1 1 
	       1451.20  5372.7038  5372.7027   4.0 1 1 
	       1494.05 5370.70975  5370.7096   4.0 1 1 
	       1666.62 5362.57395  5362.5751   4.0 1 1 
	       1696.38 5361.15402  5361.1556   4.0 1 1 
	       1717.40 5360.14824  5360.1501   4.0 1 1 
	       1724.08 5359.82798  5359.8269   4.0 1 1 
	       1811.09 5355.63394  5355.6365   4.0 1 1 
	       1832.37  5354.6018  5354.6016   4.0 1 1 
	       1889.09 5351.83821  5351.8365   4.0 1 1 
	       1903.63 5351.12725  5351.1265   4.0 1 1 
	       1946.89 5349.00389  5349.0054   4.0 1 1 
	       1967.82  5347.9732  5347.9714   4.0 1 1 
	function chebyshev
	order 5
	sample *
	naverage 1
	niterate 2000
	low_reject 3.
	high_reject 3.
	grow 0.
	coefficients	9
		1.
		5.
		74.24234771728516
		1967.817993164062
		5390.835398659848
		-41.57242219015139
		-1.295473580667952
		0.003365951976168623
		0.002326763297021706

# Tue 15:32:09 29-Mar-2022
begin	identify iazcomp.0024 - Ap 24
	id	iazcomp.0024
	task	identify
	image	iazcomp.0024 - Ap 24
	aperture	24
	aplow	1305.81
	aphigh	1315.64
	units	Angstroms
	features	42
	         74.94 5431.11074   5431.112   4.0 1 1 
	        196.24 5426.40521  5426.4075   4.0 1 1 
	        214.76  5425.6797  5425.6783   4.0 1 1 
	        257.16 5424.01072  5424.0079   4.0 1 1 
	        420.43 5417.48723  5417.4858   4.0 1 1 
	        469.15 5415.51118  5415.5226   4.0 1 0 
	        584.70 5410.76849  5410.7687   4.0 1 1 
	        659.62 5407.65246  5407.6535   4.0 1 1 
	        666.93  5407.3463  5407.3439   4.0 1 1 
	        681.01 5406.75664  5406.7553   4.0 1 1 
	        765.37 5403.19778  5403.1993   4.0 1 1 
	        779.32 5402.60538  5402.6048   4.0 1 1 
	        837.03 5400.14222  5400.1455   4.0 1 1 
	        849.28 5399.61709  5399.6218   4.0 1 1 
	        859.64 5399.17197  5399.1745   4.0 1 1 
	        870.57 5398.70185  5398.7015   4.0 1 1 
	        898.04  5397.5172   5397.516   4.0 1 1 
	        961.59 5394.75975  5394.7608   4.0 1 1 
	        988.10 5393.60248  5393.5995   4.0 1 1 
	       1011.63 5392.57195  5392.5726   4.0 1 1 
	       1113.98 5388.05181  5388.0507   4.0 1 1 
	       1146.31 5386.61114  5386.6107   4.0 1 1 
	       1203.74  5384.0374  5384.0356   4.0 1 1 
	       1262.85 5381.36851  5381.3709   4.0 1 1 
	       1312.48 5379.11173  5379.1105   4.0 1 1 
	       1318.48 5378.83797  5378.8356   4.0 1 1 
	       1377.56 5376.13125  5376.1304   4.0 1 1 
	       1385.45 5375.76782  5375.7688   4.0 1 1 
	       1394.44  5375.3538  5375.3526   4.0 1 1 
	       1405.96 5374.82287  5374.8219   4.0 1 1 
	       1451.73 5372.70463  5372.7027   4.0 1 1 
	       1494.60 5370.70964  5370.7096   4.0 1 1 
	       1667.18 5362.57276  5362.5751   4.0 1 1 
	       1696.92 5361.15382  5361.1556   4.0 1 1 
	       1717.93 5360.14811  5360.1501   4.0 1 1 
	       1724.63 5359.82711  5359.8269   4.0 1 1 
	       1811.60 5355.63499  5355.6365   4.0 1 1 
	       1832.93  5354.6007  5354.6016   4.0 1 1 
	       1889.61 5351.83964  5351.8365   4.0 1 1 
	       1904.18 5351.12701  5351.1265   4.0 1 1 
	       1947.46 5349.00304  5349.0054   4.0 1 1 
	       1968.36 5347.97388  5347.9714   4.0 1 1 
	function chebyshev
	order 5
	sample *
	naverage 1
	niterate 2000
	low_reject 3.
	high_reject 3.
	grow 0.
	coefficients	9
		1.
		5.
		74.94059753417968
		1968.3603515625
		5390.834651059661
		-41.57247225380185
		-1.294975591316789
		0.004042033344976175
		0.00263495999699833

# Mon 19:03:38 30-Jan-2023
begin	identify iazcomp.0024 - Ap 24
	id	iazcomp.0024
	task	identify
	image	iazcomp.0024 - Ap 24
	aperture	24
	aplow	1305.81
	aphigh	1315.64
	units	Angstroms
	features	41
	         87.09 5431.11044   5431.112   4.0 1 1 
	        208.40 5426.40482  5426.4075   4.0 1 1 
	        226.89 5425.68032  5425.6783   4.0 1 1 
	        269.30 5424.01108  5424.0079   4.0 1 1 
	        432.58 5417.48734  5417.4858   4.0 1 1 
	        596.82 5410.76905  5410.7687   4.0 1 1 
	        671.74 5407.65227  5407.6535   4.0 1 1 
	        679.06 5407.34608  5407.3439   4.0 1 1 
	        693.14 5406.75626  5406.7553   4.0 1 1 
	        777.51 5403.19643  5403.1993   4.0 1 1 
	        791.44 5402.60451  5402.6048   4.0 1 1 
	        849.08 5400.14395  5400.1455   4.0 1 1 
	        861.38  5399.6163  5399.6218   4.0 1 1 
	        871.73 5399.17177  5399.1745   4.0 1 1 
	        882.63 5398.70274  5398.7015   4.0 1 1 
	        910.13 5397.51648   5397.516   4.0 1 1 
	        973.65 5394.75997  5394.7608   4.0 1 1 
	       1000.15 5393.60293  5393.5995   4.0 1 1 
	       1023.67  5392.5722  5392.5726   4.0 1 1 
	       1125.98 5388.05247  5388.0507   4.0 1 1 
	       1158.31 5386.61144  5386.6107   4.0 1 1 
	       1215.72 5384.03773  5384.0356   4.0 1 1 
	       1274.83 5381.36795  5381.3709   4.0 1 1 
	       1324.44 5379.11161  5379.1105   4.0 1 1 
	       1330.43 5378.83834  5378.8356   4.0 1 1 
	       1389.49 5376.13132  5376.1304   4.0 1 1 
	       1397.39 5375.76774  5375.7688   4.0 1 1 
	       1406.38 5375.35343  5375.3526   4.0 1 1 
	       1417.87 5374.82335  5374.8219   4.0 1 1 
	       1463.66 5372.70347  5372.7027   4.0 1 1 
	       1506.51 5370.70918  5370.7096   4.0 1 1 
	       1678.99 5362.57458  5362.5751   4.0 1 1 
	       1708.76 5361.15371  5361.1556   4.0 1 1 
	       1729.76  5360.1479  5360.1501   4.0 1 1 
	       1736.47 5359.82619  5359.8269   4.0 1 1 
	       1823.41 5355.63486  5355.6365   4.0 1 1 
	       1844.71  5354.6013  5354.6016   4.0 1 1 
	       1901.40 5351.83887  5351.8365   4.0 1 1 
	       1915.94 5351.12758  5351.1265   4.0 1 1 
	       1959.23 5349.00273  5349.0054   4.0 1 1 
	       1980.11  5347.9741  5347.9714   4.0 1 1 
	function chebyshev
	order 5
	sample *
	naverage 1
	niterate 2000
	low_reject 3.
	high_reject 3.
	grow 0.
	coefficients	9
		1.
		5.
		87.08793640136718
		1980.111328125
		5390.836636661541
		-41.57273997482849
		-1.297048767996451
		0.004573513263939525
		0.002681373242533446

# Fri 11:53:54 03-Feb-2023
begin	identify iazcomp.0024 - Ap 24
	id	iazcomp.0024
	task	identify
	image	iazcomp.0024 - Ap 24
	aperture	24
	aplow	1305.81
	aphigh	1315.64
	units	Angstroms
	features	41
	         85.69 5431.11051   5431.112   4.0 1 1 
	        207.03 5426.40503  5426.4075   4.0 1 1 
	        225.54 5425.67981  5425.6783   4.0 1 1 
	        267.94 5424.01122  5424.0079   4.0 1 1 
	        431.26 5417.48725  5417.4858   4.0 1 1 
	        595.53 5410.76885  5410.7687   4.0 1 1 
	        670.46 5407.65228  5407.6535   4.0 1 1 
	        677.76 5407.34688  5407.3439   4.0 1 1 
	        691.87 5406.75569  5406.7553   4.0 1 1 
	        776.21 5403.19806  5403.1993   4.0 1 1 
	        790.19 5402.60405  5402.6048   4.0 1 1 
	        847.85 5400.14309  5400.1455   4.0 1 1 
	        860.09 5399.61808  5399.6218   4.0 1 1 
	        870.48 5399.17217  5399.1745   4.0 1 1 
	        881.40 5398.70208  5398.7015   4.0 1 1 
	        908.91 5397.51582   5397.516   4.0 1 1 
	        972.42 5394.76015  5394.7608   4.0 1 1 
	        998.96 5393.60148  5393.5995   4.0 1 1 
	       1022.46 5392.57179  5392.5726   4.0 1 1 
	       1124.79 5388.05193  5388.0507   4.0 1 1 
	       1157.12 5386.61117  5386.6107   4.0 1 1 
	       1214.55 5384.03734  5384.0356   4.0 1 1 
	       1273.62  5381.3696  5381.3709   4.0 1 1 
	       1323.27 5379.11137  5379.1105   4.0 1 1 
	       1329.27 5378.83789  5378.8356   4.0 1 1 
	       1388.33  5376.1313  5376.1304   4.0 1 1 
	       1396.21 5375.76868  5375.7688   4.0 1 1 
	       1405.22 5375.35361  5375.3526   4.0 1 1 
	       1416.71 5374.82335  5374.8219   4.0 1 1 
	       1462.50 5372.70405  5372.7027   4.0 1 1 
	       1505.35 5370.70953  5370.7096   4.0 1 1 
	       1677.86 5362.57404  5362.5751   4.0 1 1 
	       1707.64 5361.15266  5361.1556   4.0 1 1 
	       1728.62 5360.14848  5360.1501   4.0 1 1 
	       1735.35 5359.82574  5359.8269   4.0 1 1 
	       1822.28 5355.63423  5355.6365   4.0 1 1 
	       1843.56 5354.60215  5354.6016   4.0 1 1 
	       1900.26 5351.83892  5351.8365   4.0 1 1 
	       1914.81 5351.12698  5351.1265   4.0 1 1 
	       1958.07  5349.0037  5349.0054   4.0 1 1 
	       1978.97 5347.97379  5347.9714   4.0 1 1 
	function chebyshev
	order 5
	sample *
	naverage 1
	niterate 2000
	low_reject 3.
	high_reject 3.
	grow 0.
	coefficients	9
		1.
		5.
		85.68739318847656
		1978.972778320313
		5390.837909688448
		-41.57250793914165
		-1.298248362022625
		0.004147190577454285
		0.002486707531863373

# Mon 14:51:08 06-Feb-2023
begin	identify iazcomp.0024 - Ap 24
	id	iazcomp.0024
	task	identify
	image	iazcomp.0024 - Ap 24
	aperture	24
	aplow	1305.81
	aphigh	1315.64
	units	Angstroms
	features	41
	         83.12 5431.11077   5431.112   4.0 1 1 
	        204.50  5426.4052  5426.4075   4.0 1 1 
	        223.03 5425.67941  5425.6783   4.0 1 1 
	        265.44 5424.01094  5424.0079   4.0 1 1 
	        428.79 5417.48762  5417.4858   4.0 1 1 
	        593.13 5410.76857  5410.7687   4.0 1 1 
	        668.08 5407.65213  5407.6535   4.0 1 1 
	        675.40 5407.34608  5407.3439   4.0 1 1 
	        689.50 5406.75529  5406.7553   4.0 1 1 
	        773.85 5403.19826  5403.1993   4.0 1 1 
	        787.81 5402.60564  5402.6048   4.0 1 1 
	        845.51 5400.14357  5400.1455   4.0 1 1 
	        857.76 5399.61834  5399.6218   4.0 1 1 
	        868.16 5399.17165  5399.1745   4.0 1 1 
	        879.09 5398.70171  5398.7015   4.0 1 1 
	        906.58 5397.51651   5397.516   4.0 1 1 
	        970.14  5394.7595  5394.7608   4.0 1 1 
	        996.65 5393.60257  5393.5995   4.0 1 1 
	       1020.20 5392.57135  5392.5726   4.0 1 1 
	       1122.55 5388.05198  5388.0507   4.0 1 1 
	       1154.89 5386.61109  5386.6107   4.0 1 1 
	       1212.34 5384.03709  5384.0356   4.0 1 1 
	       1271.44 5381.36888  5381.3709   4.0 1 1 
	       1321.09 5379.11143  5379.1105   4.0 1 1 
	       1327.09 5378.83758  5378.8356   4.0 1 1 
	       1386.15 5376.13188  5376.1304   4.0 1 1 
	       1394.06 5375.76798  5375.7688   4.0 1 1 
	       1403.06 5375.35375  5375.3526   4.0 1 1 
	       1414.56 5374.82323  5374.8219   4.0 1 1 
	       1460.36 5372.70397  5372.7027   4.0 1 1 
	       1503.23 5370.70921  5370.7096   4.0 1 1 
	       1675.77 5362.57418  5362.5751   4.0 1 1 
	       1705.55 5361.15351  5361.1556   4.0 1 1 
	       1726.54 5360.14885  5360.1501   4.0 1 1 
	       1733.25 5359.82697  5359.8269   4.0 1 1 
	       1820.24 5355.63368  5355.6365   4.0 1 1 
	       1841.54 5354.60065  5354.6016   4.0 1 1 
	       1898.22 5351.83915  5351.8365   4.0 1 1 
	       1912.77 5351.12704  5351.1265   4.0 1 1 
	       1956.03 5349.00383  5349.0054   4.0 1 1 
	       1976.95 5347.97379  5347.9714   4.0 1 1 
	function chebyshev
	order 5
	sample *
	naverage 1
	niterate 2000
	low_reject 3.
	high_reject 3.
	grow 0.
	coefficients	9
		1.
		5.
		83.11570739746093
		1976.945922851562
		5390.838684109078
		-41.5722812422407
		-1.298784205396329
		0.003789319400192095
		0.00237932658108052

# Mon 15:28:43 27-Feb-2023
begin	identify iazcomp.0024 - Ap 24
	id	iazcomp.0024
	task	identify
	image	iazcomp.0024 - Ap 24
	aperture	24
	aplow	1305.81
	aphigh	1315.64
	units	Angstroms
	features	45
	          8.62 5434.15009  5434.1514   6.0 1 1 
	         88.04 5431.11336   5431.112   6.0 1 1 
	        209.38 5426.40491  5426.4075   6.0 1 1 
	        227.86 5425.68057  5425.6783   4.0 1 1 
	        270.26 5424.01105  5424.0079   4.0 1 1 
	        325.28 5421.82904  5421.8359   6.0 1 1 
	        337.15 5421.35581  5421.3517   6.0 1 1 
	        433.50 5417.48652  5417.4858   4.0 1 1 
	        597.72 5410.76752  5410.7687   4.0 1 1 
	        672.57  5407.6534  5407.6535   6.0 1 1 
	        679.87 5407.34773  5407.3439   6.0 1 1 
	        694.02 5406.75495  5406.7553   4.0 1 1 
	        778.28 5403.19928  5403.1993   6.0 1 1 
	        792.31 5402.60327  5402.6048   4.0 1 1 
	        849.90 5400.14448  5400.1455   6.0 1 1 
	        862.17 5399.61838  5399.6218   6.0 1 1 
	        872.55 5399.17237  5399.1745   6.0 1 1 
	        883.38 5398.70614  5398.7015   6.0 1 1 
	        910.99 5397.51513   5397.516   4.0 1 1 
	        974.50 5394.75898  5394.7608   4.0 1 1 
	       1024.53  5392.5708  5392.5726   4.0 1 1 
	       1126.82 5388.05157  5388.0507   4.0 1 1 
	       1159.17 5386.61003  5386.6107   4.0 1 1 
	       1216.50  5384.0397  5384.0356   6.0 1 1 
	       1241.05 5382.93342  5382.9276   6.0 1 1 
	       1275.62 5381.36913  5381.3709   4.0 1 1 
	       1325.27 5379.11102  5379.1105   4.0 1 1 
	       1376.29 5376.77524  5376.7809   6.0 1 1 
	       1390.30  5376.1313  5376.1304   4.0 1 1 
	       1398.18 5375.76894  5375.7688   6.0 1 1 
	       1407.19 5375.35378  5375.3526   4.0 1 1 
	       1418.69 5374.82321  5374.8219   4.0 1 1 
	       1447.45  5373.4929  5373.4943   6.0 1 1 
	       1464.45 5372.70431  5372.7027   4.0 1 1 
	       1507.30 5370.70919  5370.7096   4.0 1 1 
	       1679.77 5362.57393  5362.5751   6.0 1 1 
	       1709.51 5361.15404  5361.1556   6.0 1 1 
	       1730.50 5360.14884  5360.1501   6.0 1 1 
	       1737.17 5359.82877  5359.8269   6.0 1 1 
	       1824.12 5355.63508  5355.6365   6.0 1 1 
	       1845.40 5354.60198  5354.6016   4.0 1 1 
	       1902.10 5351.83774  5351.8365   4.0 1 1 
	       1916.62  5351.1273  5351.1265   6.0 1 1 
	       1959.87  5349.0029  5349.0054   4.0 1 1 
	       1980.76 5347.97338  5347.9714   6.0 1 1 
	function chebyshev
	order 5
	sample *
	naverage 1
	niterate 2000
	low_reject 3.
	high_reject 3.
	grow 0.
	coefficients	9
		1.
		5.
		8.619987487792968
		1980.761596679687
		5392.466928821095
		-43.09059775235052
		-1.407899070345434
		0.00224290050202382
		0.00270856874516931

# Tue 13:40:24 16-May-2023
begin	identify iazcomp.0024 - Ap 24
	id	iazcomp.0024
	task	identify
	image	iazcomp.0024 - Ap 24
	aperture	24
	aplow	1305.81
	aphigh	1315.64
	units	Angstroms
	features	45
	          7.74 5434.15003  5434.1514   6.0 1 1 
	         87.19 5431.11322   5431.112   6.0 1 1 
	        208.53 5426.40611  5426.4075   6.0 1 1 
	        227.06 5425.67991  5425.6783   4.0 1 1 
	        269.47 5424.01049  5424.0079   4.0 1 1 
	        324.50 5421.82877  5421.8359   6.0 1 1 
	        336.35 5421.35645  5421.3517   6.0 1 1 
	        432.74 5417.48651  5417.4858   4.0 1 1 
	        597.00  5410.7674  5410.7687   4.0 1 1 
	        671.84 5407.65374  5407.6535   6.0 1 1 
	        679.14  5407.3482  5407.3439   6.0 1 1 
	        693.32 5406.75408  5406.7553   4.0 1 1 
	        777.57 5403.19932  5403.1993   6.0 1 1 
	        791.59 5402.60383  5402.6048   4.0 1 1 
	        849.23 5400.14319  5400.1455   6.0 1 1 
	        861.46 5399.61884  5399.6218   6.0 1 1 
	        871.86 5399.17192  5399.1745   6.0 1 1 
	        882.68 5398.70665  5398.7015   6.0 1 1 
	        910.30 5397.51502   5397.516   4.0 1 1 
	        973.81 5394.75902  5394.7608   4.0 1 1 
	       1023.85 5392.57056  5392.5726   4.0 1 1 
	       1126.16 5388.05135  5388.0507   4.0 1 1 
	       1158.47 5386.61096  5386.6107   4.0 1 1 
	       1215.84 5384.03928  5384.0356   6.0 1 1 
	       1240.38 5382.93361  5382.9276   6.0 1 1 
	       1274.95 5381.36953  5381.3709   4.0 1 1 
	       1324.60 5379.11165  5379.1105   4.0 1 1 
	       1375.66 5376.77416  5376.7809   6.0 1 1 
	       1389.65 5376.13121  5376.1304   4.0 1 1 
	       1397.53 5375.76851  5375.7688   6.0 1 1 
	       1406.53 5375.35411  5375.3526   4.0 1 1 
	       1418.04  5374.8231  5374.8219   4.0 1 1 
	       1446.78 5373.49362  5373.4943   6.0 1 1 
	       1463.81 5372.70399  5372.7027   4.0 1 1 
	       1506.66 5370.70949  5370.7096   4.0 1 1 
	       1679.15 5362.57374  5362.5751   6.0 1 1 
	       1708.89 5361.15376  5361.1556   6.0 1 1 
	       1729.89 5360.14821  5360.1501   6.0 1 1 
	       1736.54 5359.82963  5359.8269   6.0 1 1 
	       1823.53 5355.63439  5355.6365   6.0 1 1 
	       1844.81 5354.60157  5354.6016   4.0 1 1 
	       1901.48 5351.83971  5351.8365   4.0 1 1 
	       1916.04 5351.12675  5351.1265   6.0 1 1 
	       1959.30 5349.00281  5349.0054   4.0 1 1 
	       1980.20 5347.97309  5347.9714   6.0 1 1 
	function chebyshev
	order 5
	sample *
	naverage 1
	niterate 2000
	low_reject 3.
	high_reject 3.
	grow 0.
	coefficients	9
		1.
		5.
		7.736343383789062
		1980.19677734375
		5392.46761982235
		-43.0914262761419
		-1.408850848299523
		0.002957571253871076
		0.002790478913401162

# Mon 15:28:41 14-Aug-2023
begin	identify iazcomp.0024 - Ap 24
	id	iazcomp.0024
	task	identify
	image	iazcomp.0024 - Ap 24
	aperture	24
	aplow	1305.81
	aphigh	1315.64
	units	Angstroms
	features	45
	          7.74    5434.15  5434.1514   6.0 1 1 
	         87.19 5431.11323   5431.112   6.0 1 1 
	        208.53 5426.40617  5426.4075   6.0 1 1 
	        227.06 5425.67995  5425.6783   4.0 1 1 
	        269.47 5424.01043  5424.0079   4.0 1 1 
	        324.50  5421.8287  5421.8359   6.0 1 1 
	        336.35 5421.35661  5421.3517   6.0 1 1 
	        432.74 5417.48646  5417.4858   4.0 1 1 
	        597.00 5410.76718  5410.7687   4.0 1 1 
	        671.84 5407.65368  5407.6535   6.0 1 1 
	        679.14 5407.34824  5407.3439   6.0 1 1 
	        693.32 5406.75404  5406.7553   4.0 1 1 
	        777.57 5403.19941  5403.1993   6.0 1 1 
	        791.59 5402.60386  5402.6048   4.0 1 1 
	        849.23 5400.14333  5400.1455   6.0 1 1 
	        861.46 5399.61876  5399.6218   6.0 1 1 
	        871.86   5399.172  5399.1745   6.0 1 1 
	        882.68 5398.70652  5398.7015   6.0 1 1 
	        910.30  5397.5152   5397.516   4.0 1 1 
	        973.81 5394.75895  5394.7608   4.0 1 1 
	       1023.85 5392.57068  5392.5726   4.0 1 1 
	       1126.16 5388.05114  5388.0507   4.0 1 1 
	       1158.47 5386.61118  5386.6107   4.0 1 1 
	       1215.84 5384.03939  5384.0356   6.0 1 1 
	       1240.38 5382.93346  5382.9276   6.0 1 1 
	       1274.95  5381.3696  5381.3709   4.0 1 1 
	       1324.60 5379.11143  5379.1105   4.0 1 1 
	       1375.66 5376.77426  5376.7809   6.0 1 1 
	       1389.65 5376.13127  5376.1304   4.0 1 1 
	       1397.53  5375.7686  5375.7688   6.0 1 1 
	       1406.53 5375.35395  5375.3526   4.0 1 1 
	       1418.04 5374.82297  5374.8219   4.0 1 1 
	       1446.78 5373.49382  5373.4943   6.0 1 1 
	       1463.81 5372.70399  5372.7027   4.0 1 1 
	       1506.66 5370.70928  5370.7096   4.0 1 1 
	       1679.15 5362.57367  5362.5751   6.0 1 1 
	       1708.89 5361.15389  5361.1556   6.0 1 1 
	       1729.89 5360.14835  5360.1501   6.0 1 1 
	       1736.54 5359.82941  5359.8269   6.0 1 1 
	       1823.53 5355.63444  5355.6365   6.0 1 1 
	       1844.81  5354.6018  5354.6016   4.0 1 1 
	       1901.48 5351.83951  5351.8365   4.0 1 1 
	       1916.04 5351.12693  5351.1265   6.0 1 1 
	       1959.30 5349.00284  5349.0054   4.0 1 1 
	       1980.20 5347.97294  5347.9714   6.0 1 1 
	function chebyshev
	order 5
	sample *
	naverage 1
	niterate 2000
	low_reject 3.
	high_reject 3.
	grow 0.
	coefficients	9
		1.
		5.
		7.740000000000001
		1980.2
		5392.467476381913
		-43.09145910533039
		-1.408816292164485
		0.002929170200050139
		0.002809339657763282

# Mon 15:41:59 14-Aug-2023
begin	identify iazcomp.0024 - Ap 24
	id	iazcomp.0024
	task	identify
	image	iazcomp.0024 - Ap 24
	aperture	24
	aplow	1305.81
	aphigh	1315.64
	units	Angstroms
	features	45
	         11.47 5434.14966  5434.1514   6.0 1 1 
	         90.89 5431.11334   5431.112   6.0 1 1 
	        212.20 5426.40593  5426.4075   6.0 1 1 
	        230.71 5425.68007  5425.6783   4.0 1 1 
	        273.10 5424.01066  5424.0079   4.0 1 1 
	        328.10 5421.82924  5421.8359   6.0 1 1 
	        339.96 5421.35657  5421.3517   6.0 1 1 
	        436.32 5417.48646  5417.4858   4.0 1 1 
	        600.50 5410.76757  5410.7687   4.0 1 1 
	        675.31 5407.65414  5407.6535   6.0 1 1 
	        682.60 5407.34887  5407.3439   6.0 1 1 
	        696.81 5406.75358  5406.7553   4.0 1 1 
	        781.01 5403.19935  5403.1993   6.0 1 1 
	        795.03 5402.60382  5402.6048   4.0 1 1 
	        852.64 5400.14329  5400.1455   6.0 1 1 
	        864.86 5399.61915  5399.6218   6.0 1 1 
	        875.25 5399.17256  5399.1745   6.0 1 1 
	        881.95 5398.88438  5398.7015   6.0 1 0 
	        913.68 5397.51543   5397.516   4.0 1 1 
	        977.16 5394.75925  5394.7608   4.0 1 1 
	       1027.18 5392.57103  5392.5726   4.0 1 1 
	       1129.44 5388.05218  5388.0507   4.0 1 1 
	       1161.76 5386.61121  5386.6107   4.0 1 1 
	       1219.10 5384.03989  5384.0356   6.0 1 1 
	       1243.63 5382.93374  5382.9276   6.0 1 1 
	       1278.19 5381.36992  5381.3709   4.0 1 1 
	       1327.82 5379.11171  5379.1105   4.0 1 1 
	       1378.87 5376.77434  5376.7809   6.0 1 1 
	       1392.85  5376.1317  5376.1304   4.0 1 1 
	       1400.73 5375.76855  5375.7688   6.0 1 1 
	       1409.73 5375.35392  5375.3526   4.0 1 1 
	       1421.23 5374.82306  5374.8219   4.0 1 1 
	       1449.98 5373.49317  5373.4943   6.0 1 1 
	       1466.99 5372.70425  5372.7027   4.0 1 1 
	       1509.82 5370.70948  5370.7096   4.0 1 1 
	       1682.26  5362.5739  5362.5751   6.0 1 1 
	       1712.01 5361.15332  5361.1556   6.0 1 1 
	       1733.00 5360.14817  5360.1501   6.0 1 1 
	       1739.64  5359.8296  5359.8269   6.0 1 1 
	       1826.62 5355.63388  5355.6365   6.0 1 1 
	       1847.91 5354.60059  5354.6016   4.0 1 1 
	       1904.55 5351.83955  5351.8365   4.0 1 1 
	       1919.10 5351.12716  5351.1265   6.0 1 1 
	       1962.35 5349.00292  5349.0054   4.0 1 1 
	       1983.24 5347.97381  5347.9714   6.0 1 1 
	function chebyshev
	order 5
	sample *
	naverage 1
	niterate 2000
	low_reject 3.
	high_reject 3.
	grow 0.
	coefficients	9
		1.
		5.
		11.47224521636963
		1983.235229492188
		5392.466910425509
		-43.09151532222133
		-1.408010706236035
		0.003589119746456727
		0.002835146438172559

# Mon 16:09:17 14-Aug-2023
begin	identify iazcomp.0024 - Ap 24
	id	iazcomp.0024
	task	identify
	image	iazcomp.0024 - Ap 24
	aperture	24
	aplow	1305.81
	aphigh	1315.64
	units	Angstroms
	features	44
	         11.44 5434.14996  5434.1514   6.0 1 1 
	         90.87 5431.11323   5431.112   6.0 1 1 
	        212.16 5426.40658  5426.4075   6.0 1 1 
	        230.70 5425.68001  5425.6783   4.0 1 1 
	        273.11 5424.00991  5424.0079   4.0 1 1 
	        328.11 5421.82902  5421.8359   6.0 1 1 
	        339.98 5421.35612  5421.3517   6.0 1 1 
	        436.34 5417.48636  5417.4858   4.0 1 1 
	        600.56 5410.76735  5410.7687   4.0 1 1 
	        675.39 5407.65387  5407.6535   6.0 1 1 
	        682.69 5407.34834  5407.3439   6.0 1 1 
	        696.85 5406.75501  5406.7553   4.0 1 1 
	        781.11 5403.19957  5403.1993   6.0 1 1 
	        795.12 5402.60405  5402.6048   4.0 1 1 
	        852.74 5400.14428  5400.1455   6.0 1 1 
	        864.97 5399.61947  5399.6218   6.0 1 1 
	        875.37 5399.17268  5399.1745   6.0 1 1 
	        913.81 5397.51552   5397.516   4.0 1 1 
	        977.32   5394.759  5394.7608   4.0 1 1 
	       1027.35 5392.57071  5392.5726   4.0 1 1 
	       1129.64 5388.05168  5388.0507   4.0 1 1 
	       1161.97 5386.61046  5386.6107   4.0 1 1 
	       1219.30 5384.04003  5384.0356   6.0 1 1 
	       1243.84 5382.93395  5382.9276   6.0 1 1 
	       1278.41 5381.36985  5381.3709   4.0 1 1 
	       1328.07 5379.11094  5379.1105   4.0 1 1 
	       1379.10 5376.77481  5376.7809   6.0 1 1 
	       1393.11  5376.1308  5376.1304   4.0 1 1 
	       1400.96 5375.76929  5375.7688   6.0 1 1 
	       1409.98  5375.3537  5375.3526   4.0 1 1 
	       1421.49 5374.82263  5374.8219   4.0 1 1 
	       1450.21 5373.49417  5373.4943   6.0 1 1 
	       1467.25 5372.70379  5372.7027   4.0 1 1 
	       1510.10 5370.70916  5370.7096   4.0 1 1 
	       1682.55 5362.57426  5362.5751   6.0 1 1 
	       1712.30 5361.15388  5361.1556   6.0 1 1 
	       1733.29 5360.14855  5360.1501   6.0 1 1 
	       1739.95 5359.82895  5359.8269   6.0 1 1 
	       1826.93 5355.63388  5355.6365   6.0 1 1 
	       1848.20 5354.60164  5354.6016   4.0 1 1 
	       1904.86 5351.83944  5351.8365   4.0 1 1 
	       1919.42  5351.1269  5351.1265   6.0 1 1 
	       1962.68  5349.0026  5349.0054   4.0 1 1 
	       1983.56 5347.97357  5347.9714   6.0 1 1 
	function chebyshev
	order 5
	sample *
	naverage 1
	niterate 2000
	low_reject 3.
	high_reject 3.
	grow 0.
	coefficients	9
		1.
		5.
		11.43835830688477
		1983.557250976563
		5392.467103926515
		-43.0909407696541
		-1.408203112051011
		0.002748123028538185
		0.002866289204225235

