# Tue 22:45:46 07-Sep-2021
begin	identify iazcomp.0036 - Ap 36
	id	iazcomp.0036
	task	identify
	image	iazcomp.0036 - Ap 36
	aperture	36
	aplow	1463.56
	aphigh	1472.14
	units	Angstroms
	features	34
	         49.00 6639.74149  6639.7403   4.0 1 1 
	         66.75 6638.91037  6638.9119   4.0 1 1 
	         81.44 6638.22065  6638.2207   4.0 1 1 
	        182.00 6633.45972  6633.4579   4.0 1 1 
	        210.81  6632.0827  6632.0837   4.0 1 1 
	        439.20 6620.96195  6620.9665   4.0 1 1 
	        459.71 6619.94566  6619.9458   4.0 1 1 
	        495.49 6618.16516  6618.1668   4.0 1 1 
	        508.36 6617.52257  6617.5154   4.0 1 1 
	        746.63 6605.41342  6605.4165   4.0 1 1 
	        757.45 6604.85435  6604.8534   4.0 1 1 
	        797.79 6602.76128   6602.762   4.0 1 1 
	        860.54 6599.48279  6599.4824   4.0 1 1 
	        875.86 6598.67796  6598.6778   4.0 1 1 
	        965.46 6593.93805  6593.9391   4.0 1 1 
	        974.33 6593.46577  6593.4628   4.0 1 1 
	       1011.45 6591.48344  6591.4845   4.0 1 1 
	       1066.18 6588.54226  6588.5396   4.0 1 1 
	       1151.69 6583.90446   6583.906   4.0 1 1 
	       1218.84 6580.22643  6580.2299   4.0 1 1 
	       1265.48 6577.65253  6577.6552   4.0 1 1 
	       1273.38 6577.21543  6577.2146   4.0 1 1 
	       1292.98 6576.12787  6576.1221   4.0 1 1 
	       1500.62 6564.44357  6564.4445   4.0 1 1 
	       1577.27 6560.05328  6560.0574   4.0 1 1 
	       1597.67 6558.87835  6558.8756   4.0 1 1 
	       1679.03 6554.16138  6554.1603   4.0 1 1 
	       1721.10 6551.70448  6551.7055   4.0 1 1 
	       1747.02  6550.1847  6550.1877   4.0 1 1 
	       1822.62 6545.72452  6545.7186   4.0 1 1 
	       1884.44 6542.04841  6542.0498   4.0 1 1 
	       1958.36 6537.61776  6537.6139   4.0 1 1 
	       1965.73  6537.1742  6537.1775   4.0 1 1 
	       1982.83 6536.14286  6536.1441   4.0 1 1 
	function chebyshev
	order 5
	sample *
	naverage 1
	niterate 2000
	low_reject 3.
	high_reject 3.
	grow 0.
	coefficients	9
		1.
		5.
		49.00178527832031
		1982.830200195313
		6589.590904303977
		-51.79997858615039
		-1.650965952720478
		6.638930994047411E-4
		0.002235981929658368

# Fri 11:03:33 11-Mar-2022
begin	identify iazcomp.0036 - Ap 36
	id	iazcomp.0036
	task	identify
	image	iazcomp.0036 - Ap 36
	aperture	36
	aplow	1463.56
	aphigh	1472.14
	units	Angstroms
	features	29
	         32.91 6639.74206  6639.7403   4.0 1 1 
	         50.67 6638.91083  6638.9119   4.0 1 1 
	         65.32  6638.2232  6638.2207   4.0 1 1 
	        166.14 6633.45275  6633.4579   4.0 1 1 
	        194.79 6632.08411  6632.0837   4.0 1 1 
	        423.26 6620.96441  6620.9665   4.0 1 1 
	        443.77 6619.94821  6619.9458   4.0 1 1 
	        479.58 6618.16689  6618.1668   4.0 1 1 
	        730.82 6605.41482  6605.4165   4.0 1 1 
	        741.63 6604.85594  6604.8534   4.0 1 1 
	        782.01 6602.76207   6602.762   4.0 1 1 
	        844.74 6599.48528  6599.4824   4.0 1 1 
	        860.10 6598.67907  6598.6778   4.0 1 1 
	        908.79 6596.11134  6596.1141   4.0 1 1 
	        949.74 6593.93927  6593.9391   4.0 1 1 
	        958.62 6593.46678  6593.4628   4.0 1 1 
	        995.76 6591.48354  6591.4845   4.0 1 1 
	       1050.60 6588.53823  6588.5396   4.0 1 1 
	       1136.03   6583.907   6583.906   4.0 1 1 
	       1203.27 6580.22586  6580.2299   4.0 1 1 
	       1249.94 6577.65183  6577.6552   4.0 1 1 
	       1257.82 6577.21554  6577.2146   4.0 1 1 
	       1485.22 6564.44206  6564.4445   4.0 1 1 
	       1582.28 6558.87959  6558.8756   4.0 1 1 
	       1663.69 6554.16368  6554.1603   4.0 1 1 
	       1705.81 6551.70518  6551.7055   4.0 1 1 
	       1731.72 6550.18741  6550.1877   4.0 1 1 
	       1869.29 6542.04801  6542.0498   4.0 1 1 
	       1967.73 6536.14406  6536.1441   4.0 1 1 
	function chebyshev
	order 5
	sample *
	naverage 1
	niterate 2000
	low_reject 3.
	high_reject 3.
	grow 0.
	coefficients	9
		1.
		5.
		32.90653610229492
		1967.733764648438
		6589.589444380397
		-51.80095574136055
		-1.648266033290363
		0.001955375066817231
		0.001877564887911599

# Tue 15:32:29 29-Mar-2022
begin	identify iazcomp.0036 - Ap 36
	id	iazcomp.0036
	task	identify
	image	iazcomp.0036 - Ap 36
	aperture	36
	aplow	1463.56
	aphigh	1472.14
	units	Angstroms
	features	29
	         33.59 6639.74109  6639.7403   4.0 1 1 
	         51.34 6638.91029  6638.9119   4.0 1 1 
	         66.02 6638.22119  6638.2207   4.0 1 1 
	        166.68 6633.45773  6633.4579   4.0 1 1 
	        195.41 6632.08516  6632.0837   4.0 1 1 
	        423.89 6620.96438  6620.9665   4.0 1 1 
	        444.41 6619.94748  6619.9458   4.0 1 1 
	        480.24 6618.16514  6618.1668   4.0 1 1 
	        731.46 6605.41378  6605.4165   4.0 1 1 
	        742.27 6604.85483  6604.8534   4.0 1 1 
	        782.62 6602.76238   6602.762   4.0 1 1 
	        845.38 6599.48414  6599.4824   4.0 1 1 
	        860.71 6598.67953  6598.6778   4.0 1 1 
	        909.39 6596.11208  6596.1141   4.0 1 1 
	        950.36 6593.93864  6593.9391   4.0 1 1 
	        959.23  6593.4666  6593.4628   4.0 1 1 
	        996.36 6591.48411  6591.4845   4.0 1 1 
	       1051.14 6588.54146  6588.5396   4.0 1 1 
	       1136.66 6583.90503   6583.906   4.0 1 1 
	       1203.84 6580.22668  6580.2299   4.0 1 1 
	       1250.51 6577.65278  6577.6552   4.0 1 1 
	       1258.41 6577.21541  6577.2146   4.0 1 1 
	       1485.78 6564.44279  6564.4445   4.0 1 1 
	       1582.85  6558.8793  6558.8756   4.0 1 1 
	       1664.25 6554.16321  6554.1603   4.0 1 1 
	       1706.37 6551.70524  6551.7055   4.0 1 1 
	       1732.32 6550.18466  6550.1877   4.0 1 1 
	       1869.81  6542.0499  6542.0498   4.0 1 1 
	       1968.29 6536.14401  6536.1441   4.0 1 1 
	function chebyshev
	order 5
	sample *
	naverage 1
	niterate 2000
	low_reject 3.
	high_reject 3.
	grow 0.
	coefficients	9
		1.
		5.
		33.58920669555664
		1968.287353515625
		6589.588558489942
		-51.80058866205656
		-1.648235826438214
		0.002047531961224648
		0.002223612290447427

# Mon 19:07:03 30-Jan-2023
begin	identify iazcomp.0036 - Ap 36
	id	iazcomp.0036
	task	identify
	image	iazcomp.0036 - Ap 36
	aperture	36
	aplow	1463.56
	aphigh	1472.14
	units	Angstroms
	features	35
	         46.14 6639.73972  6639.7403   4.0 1 1 
	         63.86 6638.91011  6638.9119   4.0 1 1 
	         78.56 6638.22043  6638.2207   4.0 1 1 
	        179.09 6633.46211  6633.4579   4.0 1 1 
	        207.92 6632.08474  6632.0837   4.0 1 1 
	        436.45 6620.96159  6620.9665   4.0 1 1 
	        456.97 6619.94499  6619.9458   4.0 1 1 
	        492.77 6618.16442  6618.1668   4.0 1 1 
	        505.65 6617.52143  6617.5154   4.0 1 1 
	        743.97 6605.41369  6605.4165   4.0 1 1 
	        754.77 6604.85511  6604.8534   4.0 1 1 
	        795.16 6602.76042   6602.762   4.0 1 1 
	        857.89 6599.48348  6599.4824   4.0 1 1 
	        873.21 6598.67905  6598.6778   4.0 1 1 
	        921.90 6596.11083  6596.1141   4.0 1 1 
	        962.84 6593.93866  6593.9391   4.0 1 1 
	        971.71 6593.46646  6593.4628   4.0 1 1 
	       1008.84 6591.48375  6591.4845   4.0 1 1 
	       1063.66 6588.53825  6588.5396   4.0 1 1 
	       1149.03 6583.90925   6583.906   4.0 1 1 
	       1216.26  6580.2269  6580.2299   4.0 1 1 
	       1262.93 6577.65218  6577.6552   4.0 1 1 
	       1270.81 6577.21586  6577.2146   4.0 1 1 
	       1290.41 6576.12876  6576.1221   4.0 1 1 
	       1498.10 6564.44283  6564.4445   4.0 1 1 
	       1574.79 6560.05122  6560.0574   4.0 1 1 
	       1595.16 6558.87802  6558.8756   4.0 1 1 
	       1676.53 6554.16237  6554.1603   4.0 1 1 
	       1718.63 6551.70431  6551.7055   4.0 1 1 
	       1744.53 6550.18575  6550.1877   4.0 1 1 
	       1820.18  6545.7249  6545.7186   4.0 1 1 
	       1882.02 6542.04902  6542.0498   4.0 1 1 
	       1947.84 6538.10794   6538.112   4.0 1 1 
	       1963.36 6537.17415  6537.1775   4.0 1 1 
	       1980.37 6536.14931  6536.1441   4.0 1 1 
	function chebyshev
	order 5
	sample *
	naverage 1
	niterate 2000
	low_reject 3.
	high_reject 3.
	grow 0.
	coefficients	9
		1.
		5.
		46.14191436767579
		1980.369262695313
		6589.592854676754
		-51.79726912906283
		-1.651385333357754
		0.002062145846206618
		0.003045912575820887

# Fri 11:54:12 03-Feb-2023
begin	identify iazcomp.0036 - Ap 36
	id	iazcomp.0036
	task	identify
	image	iazcomp.0036 - Ap 36
	aperture	36
	aplow	1463.56
	aphigh	1472.14
	units	Angstroms
	features	35
	         44.79 6639.74033  6639.7403   4.0 1 1 
	         62.49 6638.91174  6638.9119   4.0 1 1 
	         77.21  6638.2211  6638.2207   4.0 1 1 
	        177.81 6633.45989  6633.4579   4.0 1 1 
	        206.66 6632.08186  6632.0837   4.0 1 1 
	        435.17 6620.96027  6620.9665   4.0 1 1 
	        455.65 6619.94589  6619.9458   4.0 1 1 
	        491.45 6618.16511  6618.1668   4.0 1 1 
	        504.31 6617.52317  6617.5154   4.0 1 1 
	        742.68 6605.41414  6605.4165   4.0 1 1 
	        753.50 6604.85523  6604.8534   4.0 1 1 
	        793.85 6602.76244   6602.762   4.0 1 1 
	        856.63  6599.4832  6599.4824   4.0 1 1 
	        871.94 6598.67929  6598.6778   4.0 1 1 
	        920.66 6596.11007  6596.1141   4.0 1 1 
	        961.59 6593.93884  6593.9391   4.0 1 1 
	        970.48 6593.46566  6593.4628   4.0 1 1 
	       1007.59 6591.48404  6591.4845   4.0 1 1 
	       1062.37 6588.54131  6588.5396   4.0 1 1 
	       1147.87 6583.90501   6583.906   4.0 1 1 
	       1215.06  6580.2257  6580.2299   4.0 1 1 
	       1261.70  6577.6527  6577.6552   4.0 1 1 
	       1269.60 6577.21561  6577.2146   4.0 1 1 
	       1289.23 6576.12721  6576.1221   4.0 1 1 
	       1496.91 6564.44314  6564.4445   4.0 1 1 
	       1573.57 6560.05381  6560.0574   4.0 1 1 
	       1594.00 6558.87757  6558.8756   4.0 1 1 
	       1675.37 6554.16188  6554.1603   4.0 1 1 
	       1717.43 6551.70669  6551.7055   4.0 1 1 
	       1743.39  6550.1851  6550.1877   4.0 1 1 
	       1819.05 6545.72384  6545.7186   4.0 1 1 
	       1880.87 6542.04896  6542.0498   4.0 1 1 
	       1946.69 6538.10828   6538.112   4.0 1 1 
	       1962.22 6537.17449  6537.1775   4.0 1 1 
	       1979.24 6536.14841  6536.1441   4.0 1 1 
	function chebyshev
	order 5
	sample *
	naverage 1
	niterate 2000
	low_reject 3.
	high_reject 3.
	grow 0.
	coefficients	9
		1.
		5.
		44.78969192504883
		1979.243041992188
		6589.592771560032
		-51.79775379184035
		-1.651300343272208
		0.001796394272118828
		0.002898398847758163

# Mon 14:51:40 06-Feb-2023
begin	identify iazcomp.0036 - Ap 36
	id	iazcomp.0036
	task	identify
	image	iazcomp.0036 - Ap 36
	aperture	36
	aplow	1463.56
	aphigh	1472.14
	units	Angstroms
	features	35
	         42.17   6639.741  6639.7403   4.0 1 1 
	         59.92 6638.91035  6638.9119   4.0 1 1 
	         74.60 6638.22154  6638.2207   4.0 1 1 
	        175.25 6633.45967  6633.4579   4.0 1 1 
	        204.10 6632.08234  6632.0837   4.0 1 1 
	        432.67 6620.96174  6620.9665   4.0 1 1 
	        453.19 6619.94555  6619.9458   4.0 1 1 
	        489.00 6618.16506  6618.1668   4.0 1 1 
	        501.87 6617.52272  6617.5154   4.0 1 1 
	        740.33 6605.41372  6605.4165   4.0 1 1 
	        751.16 6604.85445  6604.8534   4.0 1 1 
	        791.52  6602.7619   6602.762   4.0 1 1 
	        854.31 6599.48355  6599.4824   4.0 1 1 
	        869.65 6598.67833  6598.6778   4.0 1 1 
	        918.36 6596.11007  6596.1141   4.0 1 1 
	        959.30 6593.93881  6593.9391   4.0 1 1 
	        968.17 6593.46672  6593.4628   4.0 1 1 
	       1005.31 6591.48451  6591.4845   4.0 1 1 
	       1060.10 6588.54186  6588.5396   4.0 1 1 
	       1145.67 6583.90403   6583.906   4.0 1 1 
	       1212.84  6580.2267  6580.2299   4.0 1 1 
	       1259.50 6577.65298  6577.6552   4.0 1 1 
	       1267.41 6577.21542  6577.2146   4.0 1 1 
	       1287.03 6576.12795  6576.1221   4.0 1 1 
	       1494.79 6564.44303  6564.4445   4.0 1 1 
	       1571.50 6560.05161  6560.0574   4.0 1 1 
	       1591.88 6558.87826  6558.8756   4.0 1 1 
	       1673.28 6554.16208  6554.1603   4.0 1 1 
	       1715.38 6551.70527  6551.7055   4.0 1 1 
	       1741.32 6550.18531  6550.1877   4.0 1 1 
	       1816.99 6545.72463  6545.7186   4.0 1 1 
	       1878.82 6542.05026  6542.0498   4.0 1 1 
	       1944.67  6538.1091   6538.112   4.0 1 1 
	       1960.20 6537.17516  6537.1775   4.0 1 1 
	       1977.28 6536.14633  6536.1441   4.0 1 1 
	function chebyshev
	order 5
	sample *
	naverage 1
	niterate 2000
	low_reject 3.
	high_reject 3.
	grow 0.
	coefficients	9
		1.
		5.
		42.17218399047852
		1977.277465820312
		6589.592757161167
		-51.79897882335239
		-1.652251009470283
		0.001643167633543638
		0.003160849997652064

# Mon 15:30:09 27-Feb-2023
begin	identify iazcomp.0036 - Ap 36
	id	iazcomp.0036
	task	identify
	image	iazcomp.0036 - Ap 36
	aperture	36
	aplow	1463.56
	aphigh	1472.14
	units	Angstroms
	features	35
	         47.13 6639.74087  6639.7403   4.0 1 1 
	         64.84 6638.91153  6638.9119   6.0 1 1 
	         79.54 6638.22132  6638.2207   4.0 1 1 
	        180.15 6633.45781  6633.4579   4.0 1 1 
	        208.93 6632.08254  6632.0837   6.0 1 1 
	        437.33  6620.9612  6620.9665   6.0 1 1 
	        457.83 6619.94559  6619.9458   4.0 1 1 
	        493.58 6618.16655  6618.1668   6.0 1 1 
	        506.45  6617.5237  6617.5154   4.0 1 1 
	        744.74 6605.41365  6605.4165   6.0 1 1 
	        755.57 6604.85374  6604.8534   4.0 1 1 
	        795.89  6602.7618   6602.762   4.0 1 1 
	        858.66 6599.48248  6599.4824   4.0 1 1 
	        873.94 6598.67959  6598.6778   6.0 1 1 
	        922.65 6596.10996  6596.1141   6.0 1 1 
	        963.59 6593.93717  6593.9391   4.0 1 1 
	        972.38  6593.4692  6593.4628   6.0 1 1 
	       1009.58 6591.48251  6591.4845   4.0 1 1 
	       1064.30  6588.5417  6588.5396   6.0 1 1 
	       1149.82 6583.90354   6583.906   4.0 1 1 
	       1216.94 6580.22695  6580.2299   6.0 1 1 
	       1263.59 6577.65293  6577.6552   6.0 1 1 
	       1271.45 6577.21785  6577.2146   6.0 1 1 
	       1291.12 6576.12684  6576.1221   4.0 1 1 
	       1487.77 6565.06953    6565.07   6.0 1 1 
	       1498.76 6564.44352  6564.4445   6.0 1 1 
	       1575.48 6560.05049  6560.0574   6.0 1 1 
	       1595.83 6558.87833  6558.8756   4.0 1 1 
	       1677.20 6554.16266  6554.1603   4.0 1 1 
	       1719.28 6551.70591  6551.7055   4.0 1 1 
	       1745.13 6550.19095  6550.1877   6.0 1 1 
	       1882.78 6542.04521  6542.0498   6.0 1 1 
	       1948.47 6538.11234   6538.112   6.0 1 1 
	       1963.91 6537.18349  6537.1775   6.0 1 1 
	       1981.23 6536.13996  6536.1441   6.0 1 1 
	function chebyshev
	order 5
	sample *
	naverage 1
	niterate 2000
	low_reject 3.
	high_reject 3.
	grow 0.
	coefficients	9
		1.
		5.
		47.13453674316407
		1981.231079101563
		6589.585307862728
		-51.80299349562222
		-1.647711028142456
		0.002538360368309633
		0.002816747178334442

# Tue 13:40:41 16-May-2023
begin	identify iazcomp.0036 - Ap 36
	id	iazcomp.0036
	task	identify
	image	iazcomp.0036 - Ap 36
	aperture	36
	aplow	1463.56
	aphigh	1472.14
	units	Angstroms
	features	35
	         46.27 6639.74022  6639.7403   4.0 1 1 
	         63.97 6638.91157  6638.9119   6.0 1 1 
	         78.68  6638.2212  6638.2207   4.0 1 1 
	        179.31 6633.45831  6633.4579   4.0 1 1 
	        208.09 6632.08353  6632.0837   6.0 1 1 
	        436.58 6620.96085  6620.9665   6.0 1 1 
	        457.06 6619.94565  6619.9458   4.0 1 1 
	        492.83 6618.16633  6618.1668   6.0 1 1 
	        505.71 6617.52328  6617.5154   4.0 1 1 
	        744.03 6605.41394  6605.4165   6.0 1 1 
	        754.87 6604.85356  6604.8534   4.0 1 1 
	        795.17 6602.76272   6602.762   4.0 1 1 
	        857.96 6599.48227  6599.4824   4.0 1 1 
	        873.26 6598.67869  6598.6778   6.0 1 1 
	        921.97 6596.10967  6596.1141   6.0 1 1 
	        962.91 6593.93687  6593.9391   4.0 1 1 
	        971.71 6593.46881  6593.4628   6.0 1 1 
	       1008.92 6591.48154  6591.4845   4.0 1 1 
	       1063.62 6588.54201  6588.5396   6.0 1 1 
	       1149.11 6583.90635   6583.906   4.0 1 1 
	       1216.28 6580.22702  6580.2299   6.0 1 1 
	       1262.94 6577.65309  6577.6552   6.0 1 1 
	       1270.80 6577.21755  6577.2146   6.0 1 1 
	       1290.47 6576.12699  6576.1221   4.0 1 1 
	       1487.13 6565.07001    6565.07   6.0 1 1 
	       1498.14 6564.44302  6564.4445   6.0 1 1 
	       1574.88 6560.04941  6560.0574   6.0 1 1 
	       1595.22 6558.87761  6558.8756   4.0 1 1 
	       1676.58 6554.16317  6554.1603   4.0 1 1 
	       1718.68 6551.70581  6551.7055   4.0 1 1 
	       1744.53 6550.19081  6550.1877   6.0 1 1 
	       1882.20 6542.04578  6542.0498   6.0 1 1 
	       1947.90 6538.11283   6538.112   6.0 1 1 
	       1963.34 6537.18464  6537.1775   6.0 1 1 
	       1980.71 6536.13832  6536.1441   6.0 1 1 
	function chebyshev
	order 5
	sample *
	naverage 1
	niterate 2000
	low_reject 3.
	high_reject 3.
	grow 0.
	coefficients	9
		1.
		5.
		46.27494812011719
		1980.706298828125
		6589.585005263571
		-51.80426842885448
		-1.64863286882542
		0.003316136063922454
		0.002894924026436928

# Mon 15:28:59 14-Aug-2023
begin	identify iazcomp.0036 - Ap 36
	id	iazcomp.0036
	task	identify
	image	iazcomp.0036 - Ap 36
	aperture	36
	aplow	1463.56
	aphigh	1472.14
	units	Angstroms
	features	35
	         49.98 6639.74112  6639.7403   4.0 1 1 
	         67.68 6638.91199  6638.9119   6.0 1 1 
	         82.40 6638.22093  6638.2207   4.0 1 1 
	        183.02  6633.4565  6633.4579   4.0 1 1 
	        211.75 6632.08323  6632.0837   6.0 1 1 
	        440.13 6620.96166  6620.9665   6.0 1 1 
	        460.62 6619.94599  6619.9458   4.0 1 1 
	        496.36 6618.16699  6618.1668   6.0 1 1 
	        509.26 6617.52313  6617.5154   4.0 1 1 
	        747.48 6605.41408  6605.4165   6.0 1 1 
	        758.33 6604.85295  6604.8534   4.0 1 1 
	        798.65 6602.76041   6602.762   4.0 1 1 
	        861.38 6599.48159  6599.4824   4.0 1 1 
	        876.63 6598.68037  6598.6778   6.0 1 1 
	        925.36 6596.10939  6596.1141   6.0 1 1 
	        966.27 6593.93714  6593.9391   4.0 1 1 
	        975.06 6593.46911  6593.4628   6.0 1 1 
	       1012.18 6591.48593  6591.4845   4.0 1 1 
	       1066.95 6588.54216  6588.5396   6.0 1 1 
	       1152.47 6583.90265   6583.906   4.0 1 1 
	       1219.56 6580.22686  6580.2299   6.0 1 1 
	       1266.18 6577.65338  6577.6552   6.0 1 1 
	       1274.05 6577.21743  6577.2146   6.0 1 1 
	       1293.71 6576.12666  6576.1221   4.0 1 1 
	       1490.32 6565.06917    6565.07   6.0 1 1 
	       1501.32  6564.4426  6564.4445   6.0 1 1 
	       1578.02 6560.04965  6560.0574   6.0 1 1 
	       1598.36 6558.87817  6558.8756   4.0 1 1 
	       1679.71 6554.16338  6554.1603   4.0 1 1 
	       1721.80 6551.70598  6551.7055   4.0 1 1 
	       1747.63 6550.19181  6550.1877   6.0 1 1 
	       1885.28 6542.04651  6542.0498   6.0 1 1 
	       1950.96 6538.11443   6538.112   6.0 1 1 
	       1959.01 6537.63066  6537.1775   6.0 1 0 
	       1983.72 6536.14255  6536.1441   6.0 1 1 
	function chebyshev
	order 5
	sample *
	naverage 1
	niterate 2000
	low_reject 3.
	high_reject 3.
	grow 0.
	coefficients	9
		1.
		5.
		49.9795150756836
		1983.72412109375
		6589.585578171082
		-51.80346815565416
		-1.646936915384259
		0.004182088377466426
		0.003193556069269332

# Mon 16:09:41 14-Aug-2023
begin	identify iazcomp.0036 - Ap 36
	id	iazcomp.0036
	task	identify
	image	iazcomp.0036 - Ap 36
	aperture	36
	aplow	1463.56
	aphigh	1472.14
	units	Angstroms
	features	34
	         49.97 6639.74078  6639.7403   4.0 1 1 
	         67.66 6638.91212  6638.9119   6.0 1 1 
	         82.37 6638.22149  6638.2207   4.0 1 1 
	        183.03 6633.45552  6633.4579   4.0 1 1 
	        211.73 6632.08387  6632.0837   6.0 1 1 
	        440.15 6620.96221  6620.9665   6.0 1 1 
	        460.66 6619.94564  6619.9458   4.0 1 1 
	        496.41 6618.16667  6618.1668   6.0 1 1 
	        509.30 6617.52266  6617.5154   4.0 1 1 
	        747.55 6605.41422  6605.4165   6.0 1 1 
	        758.40 6604.85321  6604.8534   4.0 1 1 
	        798.71 6602.76169   6602.762   4.0 1 1 
	        861.47 6599.48239  6599.4824   4.0 1 1 
	        876.75  6598.6798  6598.6778   6.0 1 1 
	        925.47 6596.10939  6596.1141   6.0 1 1 
	        966.40 6593.93719  6593.9391   4.0 1 1 
	        975.19 6593.46911  6593.4628   6.0 1 1 
	       1012.37 6591.48344  6591.4845   4.0 1 1 
	       1067.11 6588.54171  6588.5396   6.0 1 1 
	       1152.60 6583.90485   6583.906   4.0 1 1 
	       1219.74  6580.2269  6580.2299   6.0 1 1 
	       1266.39 6577.65271  6577.6552   6.0 1 1 
	       1274.25 6577.21728  6577.2146   6.0 1 1 
	       1293.92 6576.12623  6576.1221   4.0 1 1 
	       1490.56  6565.0696    6565.07   6.0 1 1 
	       1501.56 6564.44317  6564.4445   6.0 1 1 
	       1578.28 6560.04996  6560.0574   6.0 1 1 
	       1598.62 6558.87801  6558.8756   4.0 1 1 
	       1679.99 6554.16269  6554.1603   4.0 1 1 
	       1722.07 6551.70617  6551.7055   4.0 1 1 
	       1747.91 6550.19154  6550.1877   6.0 1 1 
	       1885.57 6542.04685  6542.0498   6.0 1 1 
	       1951.26 6538.11423   6538.112   6.0 1 1 
	       1984.02 6536.14262  6536.1441   6.0 1 1 
	function chebyshev
	order 5
	sample *
	naverage 1
	niterate 2000
	low_reject 3.
	high_reject 3.
	grow 0.
	coefficients	9
		1.
		5.
		49.96707534790039
		1984.0205078125
		6589.585603241433
		-51.80248659344331
		-1.64692940216478
		0.003408581536224948
		0.003025186880389995

