# Tue 22:47:27 07-Sep-2021
begin	identify iazcomp.0044 - Ap 44
	id	iazcomp.0044
	task	identify
	image	iazcomp.0044 - Ap 44
	aperture	44
	aplow	1551.42
	aphigh	1558.89
	units	Angstroms
	features	16
	        146.76 7788.93637  7788.9342   4.0 1 1 
	        264.66 7782.31074  7782.3165   4.0 1 1 
	        331.71 7778.49168  7778.4922   4.0 1 1 
	        445.02 7771.95215  7771.9468   4.0 1 1 
	        933.18 7742.56171  7742.5628   4.0 1 1 
	       1105.11 7731.74036  7731.7385   4.0 1 1 
	       1148.82 7728.95005   7728.951   4.0 1 1 
	       1379.85 7713.93835  7713.9378   4.0 1 1 
	       1403.16 7712.39865   7712.405   4.0 1 1 
	       1435.30 7710.26932  7710.2692   4.0 1 1 
	       1572.07 7701.11064  7701.1081   4.0 1 1 
	       1679.54 7693.80522  7693.8016   4.0 1 1 
	       1709.22  7691.7709  7691.7706   4.0 1 1 
	       1802.83 7685.30665  7685.3075   4.0 1 1 
	       1932.67 7676.21958  7676.2195   4.0 1 1 
	       2019.62 7670.05642  7670.0575   4.0 1 1 
	function chebyshev
	order 4
	sample *
	naverage 1
	niterate 2000
	low_reject 3.
	high_reject 3.
	grow 0.
	coefficients	8
		1.
		4.
		146.7638244628906
		2019.619750976562
		7731.314889899525
		-59.43984570451134
		-1.81849521593453
		-1.319592645891781E-4

# Fri 11:11:56 11-Mar-2022
begin	identify iazcomp.0044 - Ap 44
	id	iazcomp.0044
	task	identify
	image	iazcomp.0044 - Ap 44
	aperture	44
	aplow	1551.42
	aphigh	1558.89
	units	Angstroms
	features	21
	        130.52 7788.93407  7788.9342   4.0 1 1 
	        248.36 7782.31117  7782.3165   4.0 1 1 
	        315.31 7778.49742  7778.4922   4.0 1 1 
	        428.82 7771.94781  7771.9468   4.0 1 1 
	        894.59 7743.96084  7743.9552   4.0 1 1 
	       1089.26 7731.73302  7731.7385   4.0 1 1 
	       1132.97 7728.94424   7728.951   4.0 1 1 
	       1252.99 7721.20675  7721.2023   4.0 1 1 
	       1364.06 7713.93943  7713.9378   4.0 1 1 
	       1387.36 7712.40181   7712.405   4.0 1 1 
	       1419.58 7710.26858  7710.2692   4.0 1 1 
	       1556.41 7701.11195  7701.1081   4.0 1 1 
	       1576.21 7699.77453  7699.7794   4.0 1 1 
	       1581.65 7699.40651  7699.4034   4.0 1 1 
	       1664.04 7693.80138  7693.8016   4.0 1 1 
	       1693.69 7691.77027  7691.7706   4.0 1 1 
	       1787.33 7685.30825  7685.3075   4.0 1 1 
	       1820.19 7683.02311  7683.0189   4.0 1 1 
	       1917.27 7676.22023  7676.2195   4.0 1 1 
	       2004.29 7670.05596  7670.0575   4.0 1 1 
	       2019.69 7668.95868  7668.9608   4.0 1 1 
	function chebyshev
	order 4
	sample *
	naverage 1
	niterate 2000
	low_reject 3.
	high_reject 3.
	grow 0.
	coefficients	8
		1.
		4.
		130.5168762207031
		2019.688598632812
		7730.789625602796
		-59.98581122082402
		-1.843249932426307
		-0.00188001843516671

# Tue 15:32:39 29-Mar-2022
begin	identify iazcomp.0044 - Ap 44
	id	iazcomp.0044
	task	identify
	image	iazcomp.0044 - Ap 44
	aperture	44
	aplow	1551.42
	aphigh	1558.89
	units	Angstroms
	features	21
	        131.20  7788.9352  7788.9342   4.0 1 1 
	        248.99 7782.31443  7782.3165   4.0 1 1 
	        316.12 7778.49063  7778.4922   4.0 1 1 
	        429.47 7771.94897  7771.9468   4.0 1 1 
	        895.18 7743.96362  7743.9552   4.0 1 1 
	       1089.92 7731.73075  7731.7385   4.0 1 1 
	       1133.58 7728.94523   7728.951   4.0 1 1 
	       1253.56 7721.20923  7721.2023   4.0 1 1 
	       1364.67 7713.93835  7713.9378   4.0 1 1 
	       1387.98 7712.40017   7712.405   4.0 1 1 
	       1420.18  7710.2683  7710.2692   4.0 1 1 
	       1556.99  7701.1128  7701.1081   4.0 1 1 
	       1576.86 7699.77023  7699.7794   4.0 1 1 
	       1582.23 7699.40684  7699.4034   4.0 1 1 
	       1664.57 7693.80415  7693.8016   4.0 1 1 
	       1694.23 7691.77239  7691.7706   4.0 1 1 
	       1787.90 7685.30782  7685.3075   4.0 1 1 
	       1820.78 7683.02072  7683.0189   4.0 1 1 
	       1917.80 7676.22165  7676.2195   4.0 1 1 
	       2004.82 7670.05621  7670.0575   4.0 1 1 
	       2020.23 7668.95828  7668.9608   4.0 1 1 
	function chebyshev
	order 4
	sample *
	naverage 1
	niterate 2000
	low_reject 3.
	high_reject 3.
	grow 0.
	coefficients	8
		1.
		4.
		131.1988372802734
		2020.226684570313
		7730.790255436696
		-59.98631888416643
		-1.843511953353614
		-0.002142291256207566

# Mon 19:15:26 30-Jan-2023
begin	identify iazcomp.0044 - Ap 44
	id	iazcomp.0044
	task	identify
	image	iazcomp.0044 - Ap 44
	aperture	44
	aplow	1551.42
	aphigh	1558.89
	units	Angstroms
	features	20
	        143.95 7788.93222  7788.9342   4.0 1 1 
	        261.74 7782.31362  7782.3165   4.0 1 1 
	        328.75  7778.4975  7778.4922   4.0 1 1 
	        442.26 7771.94796  7771.9468   4.0 1 1 
	        907.96 7743.96219  7743.9552   4.0 1 1 
	        930.58 7742.55736  7742.5628   4.0 1 1 
	       1102.54 7731.73716  7731.7385   4.0 1 1 
	       1146.26 7728.94706   7728.951   4.0 1 1 
	       1377.31 7713.93915  7713.9378   4.0 1 1 
	       1400.62 7712.40016   7712.405   4.0 1 1 
	       1432.78 7710.27001  7710.2692   4.0 1 1 
	       1569.57 7701.11211  7701.1081   4.0 1 1 
	       1589.39 7699.77248  7699.7794   4.0 1 1 
	       1594.81 7699.40558  7699.4034   4.0 1 1 
	       1677.08 7693.80556  7693.8016   4.0 1 1 
	       1706.73 7691.77408  7691.7706   4.0 1 1 
	       1800.36 7685.30876  7685.3075   4.0 1 1 
	       1833.27 7683.01961  7683.0189   4.0 1 1 
	       1930.27 7676.21807  7676.2195   4.0 1 1 
	       2017.22 7670.05507  7670.0575   4.0 1 1 
	function chebyshev
	order 4
	sample *
	naverage 1
	niterate 2000
	low_reject 3.
	high_reject 3.
	grow 0.
	coefficients	8
		1.
		4.
		143.9526824951172
		2017.220581054688
		7731.312967011689
		-59.43686699036
		-1.819320571940445
		-0.0017077740312333

# Fri 11:54:36 03-Feb-2023
begin	identify iazcomp.0044 - Ap 44
	id	iazcomp.0044
	task	identify
	image	iazcomp.0044 - Ap 44
	aperture	44
	aplow	1551.42
	aphigh	1558.89
	units	Angstroms
	features	20
	        142.60 7788.93302  7788.9342   4.0 1 1 
	        260.41  7782.3138  7782.3165   4.0 1 1 
	        327.44 7778.49663  7778.4922   4.0 1 1 
	        440.97 7771.94711  7771.9468   4.0 1 1 
	        906.71  7743.9622  7743.9552   4.0 1 1 
	        929.31 7742.55808  7742.5628   4.0 1 1 
	       1101.32 7731.73612  7731.7385   4.0 1 1 
	       1145.01 7728.94839   7728.951   4.0 1 1 
	       1376.09  7713.9398  7713.9378   4.0 1 1 
	       1399.41  7712.4004   7712.405   4.0 1 1 
	       1431.58 7710.26991  7710.2692   4.0 1 1 
	       1568.39 7701.11166  7701.1081   4.0 1 1 
	       1588.22 7699.77132  7699.7794   4.0 1 1 
	       1593.58 7699.40854  7699.4034   4.0 1 1 
	       1675.93 7693.80416  7693.8016   4.0 1 1 
	       1705.58 7691.77215  7691.7706   4.0 1 1 
	       1799.22 7685.30778  7685.3075   4.0 1 1 
	       1832.11 7683.02003  7683.0189   4.0 1 1 
	       1929.11 7676.21934  7676.2195   4.0 1 1 
	       2016.09 7670.05524  7670.0575   4.0 1 1 
	function chebyshev
	order 4
	sample *
	naverage 1
	niterate 2000
	low_reject 3.
	high_reject 3.
	grow 0.
	coefficients	8
		1.
		4.
		142.5954437255859
		2016.09130859375
		7731.313361799159
		-59.43752795526316
		-1.819229166320992
		-0.001362851116907472

# Mon 14:52:06 06-Feb-2023
begin	identify iazcomp.0044 - Ap 44
	id	iazcomp.0044
	task	identify
	image	iazcomp.0044 - Ap 44
	aperture	44
	aplow	1551.42
	aphigh	1558.89
	units	Angstroms
	features	18
	        140.04 7788.93297  7788.9342   4.0 1 1 
	        257.92 7782.31356  7782.3165   4.0 1 1 
	        325.02 7778.49478  7778.4922   4.0 1 1 
	        438.50 7771.95023  7771.9468   4.0 1 1 
	        904.44 7743.96092  7743.9552   4.0 1 1 
	        927.02 7742.55923  7742.5628   4.0 1 1 
	       1099.09 7731.73511  7731.7385   4.0 1 1 
	       1142.79 7728.94741   7728.951   4.0 1 1 
	       1373.93 7713.93738  7713.9378   4.0 1 1 
	       1429.42 7710.26789  7710.2692   4.0 1 1 
	       1566.29 7701.10866  7701.1081   4.0 1 1 
	       1591.50 7699.40436  7699.4034   4.0 1 1 
	       1673.79 7693.80564  7693.8016   4.0 1 1 
	       1703.47 7691.77203  7691.7706   4.0 1 1 
	       1797.15  7685.3065  7685.3075   4.0 1 1 
	       1830.03 7683.02053  7683.0189   4.0 1 1 
	       1927.08 7676.21907  7676.2195   4.0 1 1 
	       2014.09 7670.05505  7670.0575   4.0 1 1 
	function chebyshev
	order 4
	sample *
	naverage 1
	niterate 2000
	low_reject 3.
	high_reject 3.
	grow 0.
	coefficients	8
		1.
		4.
		140.037109375
		2014.094970703125
		7731.31412000193
		-59.43920892139309
		-1.820112911579657
		2.506698889532278E-4

# Mon 15:31:40 27-Feb-2023
begin	identify iazcomp.0044 - Ap 44
	id	iazcomp.0044
	task	identify
	image	iazcomp.0044 - Ap 44
	aperture	44
	aplow	1551.42
	aphigh	1558.89
	units	Angstroms
	features	20
	        144.90 7788.93288  7788.9342   6.0 1 1 
	        262.69 7782.31205  7782.3165   4.0 1 1 
	        329.64 7778.49823  7778.4922   6.0 1 1 
	        443.11 7771.94895  7771.9468   4.0 1 1 
	        908.75 7743.95745  7743.9552   4.0 1 1 
	        931.27 7742.55813  7742.5628   6.0 1 1 
	       1103.23 7731.73484  7731.7385   6.0 1 1 
	       1146.89 7728.94756   7728.951   6.0 1 1 
	       1220.56 7724.20886  7724.2072   6.0 1 1 
	       1266.82 7721.21096  7721.2023   6.0 1 1 
	       1377.96 7713.93441  7713.9378   4.0 1 1 
	       1433.42 7710.26576  7710.2692   6.0 1 1 
	       1570.24 7701.10497  7701.1081   4.0 1 1 
	       1595.30 7699.41049  7699.4034   6.0 1 1 
	       1677.65 7693.80459  7693.8016   4.0 1 1 
	       1707.34 7691.76983  7691.7706   6.0 1 1 
	       1800.97 7685.30578  7685.3075   4.0 1 1 
	       1833.84 7683.01915  7683.0189   6.0 1 1 
	       1930.84 7676.21866  7676.2195   4.0 1 1 
	       2017.78 7670.05724  7670.0575   6.0 1 1 
	function chebyshev
	order 4
	sample *
	naverage 1
	niterate 2000
	low_reject 3.
	high_reject 3.
	grow 0.
	coefficients	8
		1.
		4.
		144.8961944580078
		2017.78369140625
		7731.310485559308
		-59.43776822704605
		-1.81542372512939
		-5.492792455842741E-5

# Tue 13:41:19 16-May-2023
begin	identify iazcomp.0044 - Ap 44
	id	iazcomp.0044
	task	identify
	image	iazcomp.0044 - Ap 44
	aperture	44
	aplow	1551.42
	aphigh	1558.89
	units	Angstroms
	features	19
	        144.03 7788.93314  7788.9342   6.0 1 1 
	        261.82  7782.3153  7782.3165   4.0 1 1 
	        328.94   7778.493  7778.4922   6.0 1 1 
	        442.33 7771.95017  7771.9468   4.0 1 1 
	        908.04 7743.95939  7743.9552   4.0 1 1 
	        930.61 7742.55729  7742.5628   6.0 1 1 
	       1102.57 7731.73508  7731.7385   6.0 1 1 
	       1146.26 7728.94669   7728.951   6.0 1 1 
	       1266.15 7721.21283  7721.2023   6.0 1 1 
	       1377.35 7713.93377  7713.9378   4.0 1 1 
	       1432.79 7710.26623  7710.2692   6.0 1 1 
	       1569.61 7701.10662  7701.1081   4.0 1 1 
	       1594.67 7699.41184  7699.4034   6.0 1 1 
	       1677.12 7693.80088  7693.8016   4.0 1 1 
	       1706.76 7691.76975  7691.7706   6.0 1 1 
	       1800.40 7685.30522  7685.3075   4.0 1 1 
	       1833.25 7683.02019  7683.0189   6.0 1 1 
	       1930.29 7676.21852  7676.2195   4.0 1 1 
	       2017.24 7670.05767  7670.0575   6.0 1 1 
	function chebyshev
	order 4
	sample *
	naverage 1
	niterate 2000
	low_reject 3.
	high_reject 3.
	grow 0.
	coefficients	8
		1.
		4.
		144.0302734375
		2017.239501953125
		7731.312328549487
		-59.43865709472465
		-1.816921570963872
		9.241149397638298E-4

# Mon 15:29:49 14-Aug-2023
begin	identify iazcomp.0044 - Ap 44
	id	iazcomp.0044
	task	identify
	image	iazcomp.0044 - Ap 44
	aperture	44
	aplow	1551.42
	aphigh	1558.89
	units	Angstroms
	features	19
	        147.71 7788.93528  7788.9342   6.0 1 1 
	        265.52  7782.3131  7782.3165   4.0 1 1 
	        332.55 7778.49394  7778.4922   6.0 1 1 
	        445.95 7771.94735  7771.9468   4.0 1 1 
	        911.39 7743.96236  7743.9552   4.0 1 1 
	        933.99 7742.55751  7742.5628   6.0 1 1 
	       1105.90 7731.73505  7731.7385   6.0 1 1 
	       1149.55 7728.94799   7728.951   6.0 1 1 
	       1269.46 7721.21127  7721.2023   6.0 1 1 
	       1380.59 7713.93379  7713.9378   4.0 1 1 
	       1436.00 7710.26757  7710.2692   6.0 1 1 
	       1572.79 7701.10688  7701.1081   4.0 1 1 
	       1592.62 7699.76631  7699.4034   6.0 1 0 
	       1680.21 7693.80469  7693.8016   4.0 1 1 
	       1709.88 7691.77097  7691.7706   6.0 1 1 
	       1803.50 7685.30556  7685.3075   4.0 1 1 
	       1836.34 7683.02085  7683.0189   6.0 1 1 
	       1933.35 7676.21892  7676.2195   4.0 1 1 
	       2020.28 7670.05711  7670.0575   6.0 1 1 
	function chebyshev
	order 4
	sample *
	naverage 1
	niterate 2000
	low_reject 3.
	high_reject 3.
	grow 0.
	coefficients	8
		1.
		4.
		147.7134399414063
		2020.283081054687
		7731.311877119144
		-59.43937458343585
		-1.815682030658287
		2.922155752910233E-4

# Mon 16:10:06 14-Aug-2023
begin	identify iazcomp.0044 - Ap 44
	id	iazcomp.0044
	task	identify
	image	iazcomp.0044 - Ap 44
	aperture	44
	aplow	1551.42
	aphigh	1558.89
	units	Angstroms
	features	18
	        147.72 7788.93547  7788.9342   6.0 1 1 
	        265.55  7782.3119  7782.3165   4.0 1 1 
	        332.58 7778.49272  7778.4922   6.0 1 1 
	        445.92 7771.95075  7771.9468   4.0 1 1 
	        911.50 7743.96161  7743.9552   4.0 1 1 
	        934.11 7742.55643  7742.5628   6.0 1 1 
	       1106.03 7731.73569  7731.7385   6.0 1 1 
	       1149.71 7728.94771   7728.951   6.0 1 1 
	       1269.64  7721.2108  7721.2023   6.0 1 1 
	       1380.78 7713.93407  7713.9378   4.0 1 1 
	       1436.20 7710.26768  7710.2692   6.0 1 1 
	       1573.02 7701.10737  7701.1081   4.0 1 1 
	       1680.49 7693.80314  7693.8016   4.0 1 1 
	       1710.12   7691.772  7691.7706   6.0 1 1 
	       1803.78 7685.30547  7685.3075   4.0 1 1 
	       1836.60 7683.02211  7683.0189   6.0 1 1 
	       1933.64 7676.21899  7676.2195   4.0 1 1 
	       2020.60 7670.05628  7670.0575   6.0 1 1 
	function chebyshev
	order 4
	sample *
	naverage 1
	niterate 2000
	low_reject 3.
	high_reject 3.
	grow 0.
	coefficients	8
		1.
		4.
		147.7213897705078
		2020.595703125
		7731.310883900595
		-59.43914171575932
		-1.815009284384686
		-4.528343812756321E-4

