# Tue 22:41:44 07-Sep-2021
begin	identify iazcomp.0022 - Ap 22
	id	iazcomp.0022
	task	identify
	image	iazcomp.0022 - Ap 22
	aperture	22
	aplow	1276.03
	aphigh	1285.65
	units	Angstroms
	features	30
	         16.87 5274.11752  5274.1188   4.0 1 1 
	         48.99 5272.92816   5272.927   4.0 1 1 
	        214.51  5266.7106  5266.7103   4.0 1 1 
	        386.14 5260.10359  5260.1041   4.0 1 1 
	        430.76 5258.35894  5258.3602   4.0 1 1 
	        529.38 5254.46346  5254.4648   4.0 1 1 
	        554.78  5253.4516  5253.4441   4.0 1 1 
	        698.62 5247.65089  5247.6547   4.0 1 1 
	        879.43 5240.19379  5240.1968   4.0 1 1 
	        912.49 5238.81042  5238.8137   4.0 1 1 
	       1023.64 5234.11344  5234.1069   4.0 1 1 
	       1092.75 5231.15776  5231.1597   4.0 1 1 
	       1142.97 5228.99338  5228.9951   4.0 1 1 
	       1160.70 5228.22561  5228.2246   4.0 1 1 
	       1327.24 5220.92813  5220.9263   4.0 1 1 
	       1368.18  5219.1107  5219.1099   4.0 1 1 
	       1381.26  5218.5279  5218.5271   4.0 1 1 
	       1496.49 5213.35281  5213.3492   4.0 1 1 
	       1543.28 5211.23024  5211.2305   4.0 1 1 
	       1576.33 5209.72367  5209.7246   4.0 1 1 
	       1618.40 5207.79749  5207.8015   4.0 1 1 
	       1675.81 5205.15285  5205.1522   4.0 1 1 
	       1704.09 5203.84336  5203.8479   4.0 1 1 
	       1743.53 5202.00984  5202.0087   4.0 1 1 
	       1804.38 5199.16418  5199.1637   4.0 1 1 
	       1812.12 5198.80101  5198.7999   4.0 1 1 
	       1875.52 5195.81215  5195.8136   4.0 1 1 
	       1904.13 5194.45605  5194.4576   4.0 1 1 
	       1917.28 5193.83144  5193.8256   4.0 1 1 
	       1979.36 5190.87015   5190.872   4.0 1 1 
	function chebyshev
	order 5
	sample *
	naverage 1
	niterate 2000
	low_reject 3.
	high_reject 3.
	grow 0.
	coefficients	9
		1.
		5.
		16.86868095397949
		1979.355346679687
		5233.843425123597
		-41.62561362704775
		-1.352325834286612
		0.001928048035882624
		0.002732108080878366

# Fri 10:56:16 11-Mar-2022
begin	identify iazcomp.0022 - Ap 22
	id	iazcomp.0022
	task	identify
	image	iazcomp.0022 - Ap 22
	aperture	22
	aplow	1276.03
	aphigh	1285.65
	units	Angstroms
	features	35
	         40.68  5272.6453  5272.6439   4.0 1 1 
	        198.95 5266.70579  5266.7103   4.0 1 1 
	        335.36 5261.47341   5261.472   4.0 1 1 
	        370.63 5260.10333  5260.1041   4.0 1 1 
	        415.26 5258.35968  5258.3602   4.0 1 1 
	        513.83   5254.469  5254.4648   4.0 1 1 
	        539.43 5253.44954  5253.4441   4.0 1 1 
	        603.77 5250.87098  5250.8727   4.0 1 1 
	        683.25 5247.65301  5247.6547   4.0 1 1 
	        864.14 5240.19615  5240.1968   4.0 1 1 
	        879.63 5239.54869   5239.552   4.0 1 1 
	        897.22 5238.81236  5238.8137   4.0 1 1 
	       1029.33 5233.22439  5233.2254   4.0 1 1 
	       1077.59 5231.15854  5231.1597   4.0 1 1 
	       1127.84 5228.99367  5228.9951   4.0 1 1 
	       1145.57 5228.22645  5228.2246   4.0 1 1 
	       1312.25 5220.92675  5220.9263   4.0 1 1 
	       1353.17 5219.11095  5219.1099   4.0 1 1 
	       1366.26 5218.52796  5218.5271   4.0 1 1 
	       1409.40 5216.60027  5216.5966   4.0 1 1 
	       1481.56 5213.35298  5213.3492   4.0 1 1 
	       1528.38 5211.23017  5211.2305   4.0 1 1 
	       1561.43 5209.72432  5209.7246   4.0 1 1 
	       1603.52 5207.79823  5207.8015   4.0 1 1 
	       1660.98 5205.15287  5205.1522   4.0 1 1 
	       1689.28 5203.84314  5203.8479   4.0 1 1 
	       1728.71 5202.01103  5202.0087   4.0 1 1 
	       1789.62 5199.16402  5199.1637   4.0 1 1 
	       1797.36 5198.80117  5198.7999   4.0 1 1 
	       1830.67 5197.23426   5197.236   4.0 1 1 
	       1860.80 5195.81175  5195.8136   4.0 1 1 
	       1889.43 5194.45551  5194.4576   4.0 1 1 
	       1902.62 5193.82901  5193.8256   4.0 1 1 
	       1964.67 5190.87017   5190.872   4.0 1 1 
	       2029.67 5187.74837  5187.7462   4.0 1 1 
	function chebyshev
	order 5
	sample *
	naverage 1
	niterate 2000
	low_reject 3.
	high_reject 3.
	grow 0.
	coefficients	9
		1.
		5.
		40.68109130859375
		2029.665649414063
		5231.584260686811
		-42.45328005714976
		-1.389113617557781
		0.004813222681736077
		0.001685234256523847

# Tue 15:08:41 29-Mar-2022
begin	identify iazcomp.0022 - Ap 22
	id	iazcomp.0022
	task	identify
	image	iazcomp.0022 - Ap 22
	aperture	22
	aplow	1276.03
	aphigh	1285.65
	units	Angstroms
	features	35
	         41.53 5272.64406  5272.6439   4.0 1 1 
	        199.62 5266.70804  5266.7103   4.0 1 1 
	        336.03 5261.47365   5261.472   4.0 1 1 
	        371.31 5260.10309  5260.1041   4.0 1 1 
	        415.92 5258.35974  5258.3602   4.0 1 1 
	        514.50 5254.46781  5254.4648   4.0 1 1 
	        540.06 5253.44995  5253.4441   4.0 1 1 
	        604.39 5250.87135  5250.8727   4.0 1 1 
	        683.88 5247.65256  5247.6547   4.0 1 1 
	        864.75 5240.19562  5240.1968   4.0 1 1 
	        880.25 5239.54794   5239.552   4.0 1 1 
	        897.84 5238.81157  5238.8137   4.0 1 1 
	       1029.93 5233.22386  5233.2254   4.0 1 1 
	       1078.18 5231.15837  5231.1597   4.0 1 1 
	       1128.38 5228.99548  5228.9951   4.0 1 1 
	       1146.14 5228.22674  5228.2246   4.0 1 1 
	       1312.78 5220.92796  5220.9263   4.0 1 1 
	       1353.72 5219.11138  5219.1099   4.0 1 1 
	       1366.81 5218.52854  5218.5271   4.0 1 1 
	       1409.95 5216.60069  5216.5966   4.0 1 1 
	       1482.12 5213.35234  5213.3492   4.0 1 1 
	       1528.92 5211.23018  5211.2305   4.0 1 1 
	       1561.99  5209.7237  5209.7246   4.0 1 1 
	       1604.07 5207.79765  5207.8015   4.0 1 1 
	       1661.52 5205.15253  5205.1522   4.0 1 1 
	       1689.83  5203.8426  5203.8479   4.0 1 1 
	       1729.25  5202.0111  5202.0087   4.0 1 1 
	       1790.17 5199.16359  5199.1637   4.0 1 1 
	       1797.88 5198.80193  5198.7999   4.0 1 1 
	       1831.22 5197.23368   5197.236   4.0 1 1 
	       1861.34  5195.8118  5195.8136   4.0 1 1 
	       1889.97 5194.45612  5194.4576   4.0 1 1 
	       1903.18 5193.82875  5193.8256   4.0 1 1 
	       1965.23 5190.87004   5190.872   4.0 1 1 
	       2030.24 5187.74876  5187.7462   4.0 1 1 
	function chebyshev
	order 5
	sample *
	naverage 1
	niterate 2000
	low_reject 3.
	high_reject 3.
	grow 0.
	coefficients	9
		1.
		5.
		41.53160095214844
		2030.235717773437
		5231.580759651072
		-42.45234288866273
		-1.386652844622181
		0.004692659955121376
		0.002306062594107126

# Mon 19:03:08 30-Jan-2023
begin	identify iazcomp.0022 - Ap 22
	id	iazcomp.0022
	task	identify
	image	iazcomp.0022 - Ap 22
	aperture	22
	aplow	1276.03
	aphigh	1285.65
	units	Angstroms
	features	34
	         53.75 5272.64287  5272.6439   4.0 1 1 
	        211.69 5266.70971  5266.7103   4.0 1 1 
	        348.07 5261.47544   5261.472   4.0 1 1 
	        383.37 5260.10357  5260.1041   4.0 1 1 
	        428.00 5258.35931  5258.3602   4.0 1 1 
	        526.55  5254.4681  5254.4648   4.0 1 1 
	        552.18 5253.44737  5253.4441   4.0 1 1 
	        616.47 5250.86986  5250.8727   4.0 1 1 
	        695.93 5247.65221  5247.6547   4.0 1 1 
	        876.75 5240.19609  5240.1968   4.0 1 1 
	        892.26 5239.54804   5239.552   4.0 1 1 
	        909.83 5238.81223  5238.8137   4.0 1 1 
	       1041.89 5233.22447  5233.2254   4.0 1 1 
	       1090.12 5231.15905  5231.1597   4.0 1 1 
	       1140.34 5228.99464  5228.9951   4.0 1 1 
	       1158.08 5228.22652  5228.2246   4.0 1 1 
	       1324.64 5220.92909  5220.9263   4.0 1 1 
	       1365.58 5219.11131  5219.1099   4.0 1 1 
	       1378.65 5218.52924  5218.5271   4.0 1 1 
	       1421.78 5216.60079  5216.5966   4.0 1 1 
	       1493.92 5213.35289  5213.3492   4.0 1 1 
	       1540.72  5211.2299  5211.2305   4.0 1 1 
	       1573.77 5209.72365  5209.7246   4.0 1 1 
	       1615.85 5207.79703  5207.8015   4.0 1 1 
	       1673.28 5205.15191  5205.1522   4.0 1 1 
	       1701.57 5203.84233  5203.8479   4.0 1 1 
	       1741.02 5202.00887  5202.0087   4.0 1 1 
	       1801.88 5199.16364  5199.1637   4.0 1 1 
	       1809.61 5198.80113  5198.7999   4.0 1 1 
	       1842.93 5197.23352   5197.236   4.0 1 1 
	       1873.05 5195.81131  5195.8136   4.0 1 1 
	       1901.65 5194.45673  5194.4576   4.0 1 1 
	       1914.82 5193.83151  5193.8256   4.0 1 1 
	       1976.88 5190.87266   5190.872   4.0 1 1 
	function chebyshev
	order 5
	sample *
	naverage 1
	niterate 2000
	low_reject 3.
	high_reject 3.
	grow 0.
	coefficients	9
		1.
		5.
		53.75489807128905
		1976.875366210938
		5233.054193025984
		-40.88879247879182
		-1.299556837706367
		0.003688487307479182
		0.003127845295677695

# Fri 11:53:51 03-Feb-2023
begin	identify iazcomp.0022 - Ap 22
	id	iazcomp.0022
	task	identify
	image	iazcomp.0022 - Ap 22
	aperture	22
	aplow	1276.03
	aphigh	1285.65
	units	Angstroms
	features	34
	         52.36 5272.64308  5272.6439   4.0 1 1 
	        210.34 5266.70922  5266.7103   4.0 1 1 
	        346.72 5261.47589   5261.472   4.0 1 1 
	        382.04 5260.10375  5260.1041   4.0 1 1 
	        426.68 5258.35955  5258.3602   4.0 1 1 
	        525.31 5254.46589  5254.4648   4.0 1 1 
	        550.87 5253.44779  5253.4441   4.0 1 1 
	        615.17  5250.8705  5250.8727   4.0 1 1 
	        694.64 5247.65313  5247.6547   4.0 1 1 
	        875.53 5240.19569  5240.1968   4.0 1 1 
	        891.03 5239.54797   5239.552   4.0 1 1 
	        908.59 5238.81246  5238.8137   4.0 1 1 
	       1040.71 5233.22337  5233.2254   4.0 1 1 
	       1088.92 5231.15923  5231.1597   4.0 1 1 
	       1139.13 5228.99554  5228.9951   4.0 1 1 
	       1156.87 5228.22755  5228.2246   4.0 1 1 
	       1323.48  5220.9286  5220.9263   4.0 1 1 
	       1364.42 5219.11152  5219.1099   4.0 1 1 
	       1377.50 5218.52856  5218.5271   4.0 1 1 
	       1420.65 5216.60009  5216.5966   4.0 1 1 
	       1492.76 5213.35313  5213.3492   4.0 1 1 
	       1539.58  5211.2298  5211.2305   4.0 1 1 
	       1572.63 5209.72365  5209.7246   4.0 1 1 
	       1614.73  5207.7961  5207.8015   4.0 1 1 
	       1672.14 5205.15225  5205.1522   4.0 1 1 
	       1700.43 5203.84274  5203.8479   4.0 1 1 
	       1739.87 5202.00944  5202.0087   4.0 1 1 
	       1800.74 5199.16397  5199.1637   4.0 1 1 
	       1808.48  5198.8008  5198.7999   4.0 1 1 
	       1841.80 5197.23356   5197.236   4.0 1 1 
	       1871.91 5195.81159  5195.8136   4.0 1 1 
	       1900.52 5194.45624  5194.4576   4.0 1 1 
	       1913.66 5193.83253  5193.8256   4.0 1 1 
	       1975.75  5190.8718   5190.872   4.0 1 1 
	function chebyshev
	order 5
	sample *
	naverage 1
	niterate 2000
	low_reject 3.
	high_reject 3.
	grow 0.
	coefficients	9
		1.
		5.
		52.35752487182617
		1975.752563476562
		5233.055184621705
		-40.88889209076337
		-1.300760089739438
		0.003256666834125576
		0.003015128870546884

# Mon 14:51:03 06-Feb-2023
begin	identify iazcomp.0022 - Ap 22
	id	iazcomp.0022
	task	identify
	image	iazcomp.0022 - Ap 22
	aperture	22
	aplow	1276.03
	aphigh	1285.65
	units	Angstroms
	features	34
	         49.79 5272.64306  5272.6439   4.0 1 1 
	        207.80 5266.70968  5266.7103   4.0 1 1 
	        344.27 5261.47471   5261.472   4.0 1 1 
	        379.55 5260.10412  5260.1041   4.0 1 1 
	        424.21 5258.35959  5258.3602   4.0 1 1 
	        522.86 5254.46651  5254.4648   4.0 1 1 
	        548.45 5253.44779  5253.4441   4.0 1 1 
	        612.78 5250.87022  5250.8727   4.0 1 1 
	        692.27 5247.65264  5247.6547   4.0 1 1 
	        873.21 5240.19546  5240.1968   4.0 1 1 
	        888.70 5239.54856   5239.552   4.0 1 1 
	        906.28 5238.81237  5238.8137   4.0 1 1 
	       1038.40 5233.22514  5233.2254   4.0 1 1 
	       1086.67 5231.15913  5231.1597   4.0 1 1 
	       1136.90 5228.99497  5228.9951   4.0 1 1 
	       1154.64 5228.22732  5228.2246   4.0 1 1 
	       1321.32 5220.92769  5220.9263   4.0 1 1 
	       1362.26  5219.1109  5219.1099   4.0 1 1 
	       1375.33  5218.5285  5218.5271   4.0 1 1 
	       1418.48 5216.60057  5216.5966   4.0 1 1 
	       1490.63  5213.3531  5213.3492   4.0 1 1 
	       1537.46 5211.22977  5211.2305   4.0 1 1 
	       1570.52  5209.7234  5209.7246   4.0 1 1 
	       1612.61 5207.79673  5207.8015   4.0 1 1 
	       1670.05 5205.15183  5205.1522   4.0 1 1 
	       1698.35 5203.84233  5203.8479   4.0 1 1 
	       1737.77 5202.01077  5202.0087   4.0 1 1 
	       1798.68 5199.16399  5199.1637   4.0 1 1 
	       1806.41 5198.80124  5198.7999   4.0 1 1 
	       1839.75 5197.23331   5197.236   4.0 1 1 
	       1869.86 5195.81192  5195.8136   4.0 1 1 
	       1898.48 5194.45668  5194.4576   4.0 1 1 
	       1911.66 5193.83078  5193.8256   4.0 1 1 
	       1973.73 5190.87222   5190.872   4.0 1 1 
	function chebyshev
	order 5
	sample *
	naverage 1
	niterate 2000
	low_reject 3.
	high_reject 3.
	grow 0.
	coefficients	9
		1.
		5.
		49.7930908203125
		1973.7255859375
		5233.055566420453
		-40.88838862577545
		-1.301033960195877
		0.002968617693871512
		0.003106330667050806

# Mon 15:28:14 27-Feb-2023
begin	identify iazcomp.0022 - Ap 22
	id	iazcomp.0022
	task	identify
	image	iazcomp.0022 - Ap 22
	aperture	22
	aplow	1276.03
	aphigh	1285.65
	units	Angstroms
	features	31
	         47.20 5272.64467  5272.6439   4.0 1 1 
	        527.36 5254.45968  5254.4648   6.0 1 1 
	        552.97 5253.44341  5253.4441   6.0 1 1 
	        617.28 5250.87259  5250.8727   6.0 1 1 
	        696.81 5247.65689  5247.6547   4.0 1 1 
	        877.63 5240.20069  5240.1968   4.0 1 1 
	        893.12 5239.55285   5239.552   4.0 1 1 
	        910.70 5238.81625  5238.8137   4.0 1 1 
	       1042.70 5233.22644  5233.2254   6.0 1 1 
	       1090.92 5231.15953  5231.1597   6.0 1 1 
	       1141.15 5228.99292  5228.9951   6.0 1 1 
	       1158.87 5228.22555  5228.2246   6.0 1 1 
	       1317.57 5221.27307   5221.271   6.0 1 1 
	       1325.51 5220.92166  5220.9263   6.0 1 1 
	       1366.38 5219.10748  5219.1099   6.0 1 1 
	       1379.45 5218.52519  5218.5271   6.0 1 1 
	       1422.55 5216.59867  5216.5966   6.0 1 1 
	       1494.73 5213.34976  5213.3492   4.0 1 1 
	       1541.51 5211.22892  5211.2305   6.0 1 1 
	       1574.55 5209.72344  5209.7246   6.0 1 1 
	       1616.66 5207.79643  5207.8015   6.0 1 1 
	       1674.05 5205.15381  5205.1522   4.0 1 1 
	       1702.33 5203.84512  5203.8479   6.0 1 1 
	       1741.74 5202.01342  5202.0087   4.0 1 1 
	       1802.62 5199.16689  5199.1637   4.0 1 1 
	       1810.31  5198.8054  5198.7999   6.0 1 1 
	       1843.66 5197.23577   5197.236   6.0 1 1 
	       1873.75 5195.81358  5195.8136   6.0 1 1 
	       1902.35 5194.45674  5194.4576   6.0 1 1 
	       1915.55 5193.82882  5193.8256   4.0 1 1 
	       1977.56 5190.86575   5190.872   6.0 1 1 
	function chebyshev
	order 5
	sample *
	naverage 1
	niterate 2000
	low_reject 3.
	high_reject 3.
	grow 0.
	coefficients	9
		1.
		5.
		47.19865417480468
		1977.559936523438
		5233.152542269204
		-40.93451541550686
		-1.381924758823328
		0.04505249632110759
		-0.01540800079215733

# Tue 13:40:21 16-May-2023
begin	identify iazcomp.0022 - Ap 22
	id	iazcomp.0022
	task	identify
	image	iazcomp.0022 - Ap 22
	aperture	22
	aplow	1276.03
	aphigh	1285.65
	units	Angstroms
	features	31
	         46.34 5272.64464  5272.6439   4.0 1 1 
	        526.63 5254.45901  5254.4648   6.0 1 1 
	        552.20 5253.44448  5253.4441   6.0 1 1 
	        616.54 5250.87293  5250.8727   6.0 1 1 
	        696.11 5247.65613  5247.6547   4.0 1 1 
	        876.93 5240.20047  5240.1968   4.0 1 1 
	        892.41 5239.55315   5239.552   4.0 1 1 
	        910.00 5238.81591  5238.8137   4.0 1 1 
	       1042.01 5233.22654  5233.2254   6.0 1 1 
	       1090.24 5231.15957  5231.1597   6.0 1 1 
	       1140.47 5228.99319  5228.9951   6.0 1 1 
	       1158.20 5228.22542  5228.2246   6.0 1 1 
	       1316.92 5221.27291   5221.271   6.0 1 1 
	       1324.86 5220.92149  5220.9263   6.0 1 1 
	       1365.73 5219.10734  5219.1099   6.0 1 1 
	       1378.80 5218.52525  5218.5271   6.0 1 1 
	       1421.89 5216.59952  5216.5966   6.0 1 1 
	       1494.09 5213.35005  5213.3492   4.0 1 1 
	       1540.88 5211.22874  5211.2305   6.0 1 1 
	       1573.94 5209.72303  5209.7246   6.0 1 1 
	       1616.05 5207.79577  5207.8015   6.0 1 1 
	       1673.42 5205.15464  5205.1522   4.0 1 1 
	       1701.71 5203.84542  5203.8479   6.0 1 1 
	       1741.16  5202.0127  5202.0087   4.0 1 1 
	       1802.03 5199.16664  5199.1637   4.0 1 1 
	       1809.72 5198.80538  5198.7999   6.0 1 1 
	       1843.06  5197.2362   5197.236   6.0 1 1 
	       1873.16 5195.81383  5195.8136   6.0 1 1 
	       1901.78 5194.45666  5194.4576   6.0 1 1 
	       1914.99 5193.82839  5193.8256   4.0 1 1 
	       1976.99 5190.86598   5190.872   6.0 1 1 
	function chebyshev
	order 5
	sample *
	naverage 1
	niterate 2000
	low_reject 3.
	high_reject 3.
	grow 0.
	coefficients	9
		1.
		5.
		46.34078216552734
		1976.99267578125
		5233.15313182181
		-40.93487210511603
		-1.382357468458549
		0.04554237287644155
		-0.01546219074629008

# Mon 15:28:40 14-Aug-2023
begin	identify iazcomp.0022 - Ap 22
	id	iazcomp.0022
	task	identify
	image	iazcomp.0022 - Ap 22
	aperture	22
	aplow	1276.03
	aphigh	1285.65
	units	Angstroms
	features	31
	         50.07 5272.64467  5272.6439   4.0 1 1 
	        530.19 5254.45835  5254.4648   6.0 1 1 
	        555.73 5253.44455  5253.4441   6.0 1 1 
	        620.04 5250.87316  5250.8727   6.0 1 1 
	        699.56 5247.65682  5247.6547   4.0 1 1 
	        880.33 5240.20059  5240.1968   4.0 1 1 
	        895.81 5239.55304   5239.552   4.0 1 1 
	        913.38   5238.816  5238.8137   4.0 1 1 
	       1045.35 5233.22614  5233.2254   6.0 1 1 
	       1093.55 5231.15949  5231.1597   6.0 1 1 
	       1143.77 5228.99272  5228.9951   6.0 1 1 
	       1161.48 5228.22541  5228.2246   6.0 1 1 
	       1320.14 5221.27323   5221.271   6.0 1 1 
	       1328.09 5220.92119  5220.9263   6.0 1 1 
	       1368.94 5219.10731  5219.1099   6.0 1 1 
	       1381.99 5218.52561  5218.5271   6.0 1 1 
	       1425.07 5216.59994  5216.5966   6.0 1 1 
	       1497.26 5213.34987  5213.3492   4.0 1 1 
	       1544.04 5211.22859  5211.2305   6.0 1 1 
	       1577.08 5209.72304  5209.7246   6.0 1 1 
	       1619.16 5207.79669  5207.8015   6.0 1 1 
	       1676.55 5205.15427  5205.1522   4.0 1 1 
	       1704.84 5203.84469  5203.8479   6.0 1 1 
	       1744.25 5202.01302  5202.0087   4.0 1 1 
	       1805.12 5199.16631  5199.1637   4.0 1 1 
	       1812.80 5198.80547  5198.7999   6.0 1 1 
	       1846.13 5197.23657   5197.236   6.0 1 1 
	       1876.23 5195.81378  5195.8136   6.0 1 1 
	       1904.84 5194.45652  5194.4576   6.0 1 1 
	       1918.05 5193.82809  5193.8256   4.0 1 1 
	       1980.03 5190.86627   5190.872   6.0 1 1 
	function chebyshev
	order 5
	sample *
	naverage 1
	niterate 2000
	low_reject 3.
	high_reject 3.
	grow 0.
	coefficients	9
		1.
		5.
		50.07291030883789
		1980.03369140625
		5233.152264216075
		-40.93527474684475
		-1.38130535486327
		0.04607585419968305
		-0.01548920110805737

# Mon 16:09:11 14-Aug-2023
begin	identify iazcomp.0022 - Ap 22
	id	iazcomp.0022
	task	identify
	image	iazcomp.0022 - Ap 22
	aperture	22
	aplow	1276.03
	aphigh	1285.65
	units	Angstroms
	features	31
	         50.00 5272.64468  5272.6439   4.0 1 1 
	        530.20 5254.45935  5254.4648   6.0 1 1 
	        555.80 5253.44375  5253.4441   6.0 1 1 
	        620.12 5250.87257  5250.8727   6.0 1 1 
	        699.64 5247.65685  5247.6547   4.0 1 1 
	        880.44 5240.20092  5240.1968   4.0 1 1 
	        895.94 5239.55275   5239.552   4.0 1 1 
	        913.52 5238.81604  5238.8137   4.0 1 1 
	       1045.49 5233.22681  5233.2254   6.0 1 1 
	       1093.73 5231.15946  5231.1597   6.0 1 1 
	       1143.95  5228.9931  5228.9951   6.0 1 1 
	       1161.68 5228.22517  5228.2246   6.0 1 1 
	       1320.37 5221.27299   5221.271   6.0 1 1 
	       1328.31 5220.92151  5220.9263   6.0 1 1 
	       1369.17 5219.10737  5219.1099   6.0 1 1 
	       1382.24 5218.52547  5218.5271   6.0 1 1 
	       1425.34 5216.59902  5216.5966   6.0 1 1 
	       1497.53 5213.34958  5213.3492   4.0 1 1 
	       1544.30 5211.22879  5211.2305   6.0 1 1 
	       1577.36 5209.72302  5209.7246   6.0 1 1 
	       1619.45 5207.79669  5207.8015   6.0 1 1 
	       1676.84 5205.15439  5205.1522   4.0 1 1 
	       1705.13 5203.84491  5203.8479   6.0 1 1 
	       1744.55 5202.01299  5202.0087   4.0 1 1 
	       1805.42 5199.16653  5199.1637   4.0 1 1 
	       1813.11 5198.80551  5198.7999   6.0 1 1 
	       1846.43 5197.23681   5197.236   6.0 1 1 
	       1876.55 5195.81353  5195.8136   6.0 1 1 
	       1905.15 5194.45675  5194.4576   6.0 1 1 
	       1918.37  5193.8282  5193.8256   4.0 1 1 
	       1980.36 5190.86587   5190.872   6.0 1 1 
	function chebyshev
	order 5
	sample *
	naverage 1
	niterate 2000
	low_reject 3.
	high_reject 3.
	grow 0.
	coefficients	9
		1.
		5.
		49.99860382080078
		1980.3583984375
		5233.152945280201
		-40.93501598352413
		-1.382084318553187
		0.04561240249697634
		-0.0155837803852755

