# Tue 22:39:41 07-Sep-2021
begin	identify iazcomp.0015 - Ap 15
	id	iazcomp.0015
	task	identify
	image	iazcomp.0015 - Ap 15
	aperture	15
	aplow	1162.
	aphigh	1170.71
	units	Angstroms
	features	39
	        125.92 4778.28988   4778.294   4.0 1 1 
	        158.25 4777.18922  4777.1915   4.0 1 1 
	        170.15 4776.78239  4776.7792   4.0 1 1 
	        199.00 4775.79403   4775.794   4.0 1 1 
	        212.92 4775.31548   4775.313   4.0 1 1 
	        272.94  4773.2406   4773.241   4.0 1 1 
	        461.42 4766.60306  4766.6006   4.0 1 1 
	        489.54 4765.59717   4765.595   4.0 1 1 
	        509.91 4764.86577  4764.8646   4.0 1 1 
	        524.31 4764.34755  4764.3463   4.0 1 1 
	        613.63 4761.10925  4761.1101   4.0 1 1 
	        719.53 4757.21636  4757.2196   4.0 1 1 
	        848.13 4752.41158  4752.4141   4.0 1 1 
	        932.92 4749.19706  4749.2002   4.0 1 1 
	       1076.00  4743.6897   4743.687   4.0 1 1 
	       1104.92 4742.56392  4742.5671   4.0 1 1 
	       1137.09 4741.30681  4741.3039   4.0 1 1 
	       1156.88 4740.53072  4740.5292   4.0 1 1 
	       1178.64 4739.67479  4739.6764   4.0 1 1 
	       1223.18 4737.91595  4737.9172   4.0 1 1 
	       1273.77 4735.90573  4735.9058   4.0 1 1 
	       1320.27 4734.04678  4734.0458   4.0 1 1 
	       1369.82 4732.05407  4732.0532   4.0 1 1 
	       1442.03  4729.1273  4729.1282   4.0 1 1 
	       1466.36  4728.1353   4728.133   4.0 1 1 
	       1497.31 4726.86891  4726.8683   4.0 1 1 
	       1572.23 4723.78393   4723.784   4.0 1 1 
	       1580.57  4723.4387  4723.4382   4.0 1 1 
	       1613.10 4722.08867  4722.0886   4.0 1 1 
	       1625.06 4721.59106   4721.591   4.0 1 1 
	       1644.48 4720.78171  4720.7811   4.0 1 1 
	       1652.23 4720.45806  4720.4586   4.0 1 1 
	       1771.76 4715.42937  4715.4308   4.0 1 1 
	       1832.61 4712.84191  4712.8408   4.0 1 1 
	       1841.14 4712.47748  4712.4814   4.0 1 1 
	       1879.70 4710.82681  4710.8238   4.0 1 1 
	       1938.52 4708.29429   4708.294   4.0 1 1 
	       1985.67 4706.25133  4706.2511   4.0 1 1 
	       1996.98 4705.75962  4705.7606   4.0 1 1 
	function chebyshev
	order 4
	sample *
	naverage 1
	niterate 2000
	low_reject 3.
	high_reject 3.
	grow 0.
	coefficients	8
		1.
		4.
		125.9169158935547
		1996.984497070313
		4743.139684447107
		-36.26921143809175
		-1.114937867551976
		0.004081795710223191

# Fri 10:53:06 11-Mar-2022
begin	identify iazcomp.0015 - Ap 15
	id	iazcomp.0015
	task	identify
	image	iazcomp.0015 - Ap 15
	aperture	15
	aplow	1162.
	aphigh	1170.71
	units	Angstroms
	features	43
	        110.60 4778.29129   4778.294   4.0 1 1 
	        142.85 4777.19316  4777.1915   4.0 1 1 
	        155.05 4776.77631  4776.7792   4.0 1 1 
	        183.68 4775.79545   4775.794   4.0 1 1 
	        197.65 4775.31521   4775.313   4.0 1 1 
	        257.67 4773.24034   4773.241   4.0 1 1 
	        446.21 4766.60274  4766.6006   4.0 1 1 
	        474.32 4765.59723   4765.595   4.0 1 1 
	        494.78 4764.86305  4764.8646   4.0 1 1 
	        509.11 4764.34753  4764.3463   4.0 1 1 
	        559.49 4762.52673  4762.5242   4.0 1 1 
	        598.47 4761.10876  4761.1101   4.0 1 1 
	        704.36   4757.218  4757.2196   4.0 1 1 
	        833.11 4752.41023  4752.4141   4.0 1 1 
	        917.94 4749.19635  4749.2002   4.0 1 1 
	       1061.12 4743.68862   4743.687   4.0 1 1 
	       1101.36 4742.12162  4742.1174   4.0 1 1 
	       1122.25 4741.30523  4741.3039   4.0 1 1 
	       1142.03 4740.52975  4740.5292   4.0 1 1 
	       1163.81 4739.67395  4739.6764   4.0 1 1 
	       1208.40 4737.91429  4737.9172   4.0 1 1 
	       1259.00 4735.90504  4735.9058   4.0 1 1 
	       1305.52 4734.04635  4734.0458   4.0 1 1 
	       1355.10 4732.05341  4732.0532   4.0 1 1 
	       1408.83 4729.87987  4729.8795   4.0 1 1 
	       1427.35 4729.12735  4729.1282   4.0 1 1 
	       1451.66 4728.13657   4728.133   4.0 1 1 
	       1482.65 4726.86941  4726.8683   4.0 1 1 
	       1557.61 4723.78462   4723.784   4.0 1 1 
	       1565.98  4723.4384  4723.4382   4.0 1 1 
	       1598.52 4722.08911  4722.0886   4.0 1 1 
	       1610.48  4721.5918   4721.591   4.0 1 1 
	       1618.05 4721.27662  4721.2765   4.0 1 1 
	       1629.94 4720.78106  4720.7811   4.0 1 1 
	       1637.67 4720.45876  4720.4586   4.0 1 1 
	       1757.30  4715.4285  4715.4308   4.0 1 1 
	       1818.20 4712.84036  4712.8408   4.0 1 1 
	       1826.69 4712.47804  4712.4814   4.0 1 1 
	       1865.33 4710.82468  4710.8238   4.0 1 1 
	       1924.13 4708.29391   4708.294   4.0 1 1 
	       1971.30 4706.25157  4706.2511   4.0 1 1 
	       1982.62 4705.75973  4705.7606   4.0 1 1 
	       2023.20 4703.99158  4703.9898   4.0 1 1 
	function chebyshev
	order 4
	sample *
	naverage 1
	niterate 2000
	low_reject 3.
	high_reject 3.
	grow 0.
	coefficients	8
		1.
		4.
		110.5976409912109
		2023.197875976563
		4742.302712947134
		-37.15309987680143
		-1.161277523691074
		0.003247251295368345

# Tue 15:08:33 29-Mar-2022
begin	identify iazcomp.0015 - Ap 15
	id	iazcomp.0015
	task	identify
	image	iazcomp.0015 - Ap 15
	aperture	15
	aplow	1162.
	aphigh	1170.71
	units	Angstroms
	features	43
	        111.29 4778.29127   4778.294   4.0 1 1 
	        143.58 4777.19219  4777.1915   4.0 1 1 
	        155.68 4776.77858  4776.7792   4.0 1 1 
	        184.42  4775.7937   4775.794   4.0 1 1 
	        198.32 4775.31581   4775.313   4.0 1 1 
	        258.37 4773.23994   4773.241   4.0 1 1 
	        446.89 4766.60217  4766.6006   4.0 1 1 
	        474.98 4765.59748   4765.595   4.0 1 1 
	        495.37 4764.86579  4764.8646   4.0 1 1 
	        509.76 4764.34802  4764.3463   4.0 1 1 
	        560.19 4762.52504  4762.5242   4.0 1 1 
	        599.15 4761.10758  4761.1101   4.0 1 1 
	        705.02  4757.2172  4757.2196   4.0 1 1 
	        833.72 4752.41076  4752.4141   4.0 1 1 
	        918.54 4749.19648  4749.2002   4.0 1 1 
	       1061.69 4743.68916   4743.687   4.0 1 1 
	       1101.95  4742.1215  4742.1174   4.0 1 1 
	       1122.85 4741.30443  4741.3039   4.0 1 1 
	       1142.60 4740.53019  4740.5292   4.0 1 1 
	       1164.38 4739.67445  4739.6764   4.0 1 1 
	       1208.96 4737.91459  4737.9172   4.0 1 1 
	       1259.56 4735.90518  4735.9058   4.0 1 1 
	       1306.07 4734.04704  4734.0458   4.0 1 1 
	       1355.65 4732.05383  4732.0532   4.0 1 1 
	       1409.37 4729.88028  4729.8795   4.0 1 1 
	       1427.90  4729.1272  4729.1282   4.0 1 1 
	       1452.24  4728.1352   4728.133   4.0 1 1 
	       1483.21 4726.86887  4726.8683   4.0 1 1 
	       1558.18 4723.78357   4723.784   4.0 1 1 
	       1566.52 4723.43852  4723.4382   4.0 1 1 
	       1599.06 4722.08884  4722.0886   4.0 1 1 
	       1611.03 4721.59147   4721.591   4.0 1 1 
	       1618.58  4721.2769  4721.2765   4.0 1 1 
	       1630.46 4720.78169  4720.7811   4.0 1 1 
	       1638.21 4720.45853  4720.4586   4.0 1 1 
	       1757.84 4715.42805  4715.4308   4.0 1 1 
	       1818.69 4712.84197  4712.8408   4.0 1 1 
	       1827.24 4712.47719  4712.4814   4.0 1 1 
	       1865.83 4710.82601  4710.8238   4.0 1 1 
	       1924.65 4708.29434   4708.294   4.0 1 1 
	       1971.86 4706.25053  4706.2511   4.0 1 1 
	       1983.17 4705.75891  4705.7606   4.0 1 1 
	       2023.72 4703.99216  4703.9898   4.0 1 1 
	function chebyshev
	order 4
	sample *
	naverage 1
	niterate 2000
	low_reject 3.
	high_reject 3.
	grow 0.
	coefficients	8
		1.
		4.
		111.2949142456055
		2023.716552734375
		4742.30249589462
		-37.15318049670123
		-1.160781469169522
		0.00362405256511485

# Mon 19:01:06 30-Jan-2023
begin	identify iazcomp.0015 - Ap 15
	id	iazcomp.0015
	task	identify
	image	iazcomp.0015 - Ap 15
	aperture	15
	aplow	1162.
	aphigh	1170.71
	units	Angstroms
	features	44
	        123.09 4778.29068   4778.294   4.0 1 1 
	        155.43 4777.18961  4777.1915   4.0 1 1 
	        167.36 4776.78224  4776.7792   4.0 1 1 
	        196.22 4775.79351   4775.794   4.0 1 1 
	        210.15 4775.31475   4775.313   4.0 1 1 
	        270.19 4773.23971   4773.241   4.0 1 1 
	        458.67 4766.60366  4766.6006   4.0 1 1 
	        486.77 4765.59853   4765.595   4.0 1 1 
	        507.16  4764.8667  4764.8646   4.0 1 1 
	        521.57  4764.3483  4764.3463   4.0 1 1 
	        572.14 4762.51992  4762.5242   4.0 1 1 
	        610.89 4761.11031  4761.1101   4.0 1 1 
	        716.81 4757.21732  4757.2196   4.0 1 1 
	        845.46 4752.41167  4752.4141   4.0 1 1 
	        930.25 4749.19761  4749.2002   4.0 1 1 
	       1073.36 4743.69033   4743.687   4.0 1 1 
	       1102.28  4742.5645  4742.5671   4.0 1 1 
	       1134.49 4741.30584  4741.3039   4.0 1 1 
	       1154.26 4740.53058  4740.5292   4.0 1 1 
	       1176.02 4739.67503  4739.6764   4.0 1 1 
	       1220.58 4737.91554  4737.9172   4.0 1 1 
	       1271.18 4735.90566  4735.9058   4.0 1 1 
	       1317.74 4734.04451  4734.0458   4.0 1 1 
	       1367.24 4732.05394  4732.0532   4.0 1 1 
	       1420.94 4729.88025  4729.8795   4.0 1 1 
	       1439.46 4729.12733  4729.1282   4.0 1 1 
	       1463.76 4728.13678   4728.133   4.0 1 1 
	       1470.92 4727.84429  4727.8491   4.0 1 1 
	       1494.74 4726.86944  4726.8683   4.0 1 1 
	       1569.67 4723.78445   4723.784   4.0 1 1 
	       1578.03 4723.43846  4723.4382   4.0 1 1 
	       1610.55 4722.08931  4722.0886   4.0 1 1 
	       1622.53 4721.59111   4721.591   4.0 1 1 
	       1630.07 4721.27712  4721.2765   4.0 1 1 
	       1641.96 4720.78114  4720.7811   4.0 1 1 
	       1649.69 4720.45858  4720.4586   4.0 1 1 
	       1661.03 4719.98468  4719.9795   4.0 1 1 
	       1769.29 4715.42775  4715.4308   4.0 1 1 
	       1830.11 4712.84193  4712.8408   4.0 1 1 
	       1838.64 4712.47791  4712.4814   4.0 1 1 
	       1877.26 4710.82469  4710.8238   4.0 1 1 
	       1936.06  4708.2934   4708.294   4.0 1 1 
	       1983.19 4706.25218  4706.2511   4.0 1 1 
	       1994.52 4705.75983  4705.7606   4.0 1 1 
	function chebyshev
	order 4
	sample *
	naverage 1
	niterate 2000
	low_reject 3.
	high_reject 3.
	grow 0.
	coefficients	8
		1.
		4.
		123.0855178833008
		1994.520141601563
		4743.140234438995
		-36.26972195583306
		-1.114978135904408
		0.004299068240894344

# Fri 11:53:40 03-Feb-2023
begin	identify iazcomp.0015 - Ap 15
	id	iazcomp.0015
	task	identify
	image	iazcomp.0015 - Ap 15
	aperture	15
	aplow	1162.
	aphigh	1170.71
	units	Angstroms
	features	44
	        121.71 4778.29055   4778.294   4.0 1 1 
	        154.03 4777.19079  4777.1915   4.0 1 1 
	        166.09 4776.77881  4776.7792   4.0 1 1 
	        194.82 4775.79465   4775.794   4.0 1 1 
	        208.75 4775.31585   4775.313   4.0 1 1 
	        268.83 4773.23927   4773.241   4.0 1 1 
	        457.34 4766.60312  4766.6006   4.0 1 1 
	        485.47 4765.59729   4765.595   4.0 1 1 
	        505.87 4764.86519  4764.8646   4.0 1 1 
	        520.26 4764.34714  4764.3463   4.0 1 1 
	        570.53 4762.53052  4762.5242   4.0 1 1 
	        609.62 4761.10852  4761.1101   4.0 1 1 
	        715.56 4757.21558  4757.2196   4.0 1 1 
	        844.19 4752.41114  4752.4141   4.0 1 1 
	        929.02  4749.1966  4749.2002   4.0 1 1 
	       1072.15 4743.68934   4743.687   4.0 1 1 
	       1101.09 4742.56322  4742.5671   4.0 1 1 
	       1133.25 4741.30649  4741.3039   4.0 1 1 
	       1153.06 4740.53004  4740.5292   4.0 1 1 
	       1174.82 4739.67458  4739.6764   4.0 1 1 
	       1219.37 4737.91589  4737.9172   4.0 1 1 
	       1269.99 4735.90536  4735.9058   4.0 1 1 
	       1316.50 4734.04652  4734.0458   4.0 1 1 
	       1366.07 4732.05359  4732.0532   4.0 1 1 
	       1419.77 4729.88002  4729.8795   4.0 1 1 
	       1438.29 4729.12715  4729.1282   4.0 1 1 
	       1462.62 4728.13566   4728.133   4.0 1 1 
	       1469.73 4727.84526  4727.8491   4.0 1 1 
	       1493.58 4726.86921  4726.8683   4.0 1 1 
	       1568.52 4723.78442   4723.784   4.0 1 1 
	       1576.88 4723.43837  4723.4382   4.0 1 1 
	       1609.41   4722.089  4722.0886   4.0 1 1 
	       1621.39  4721.5908   4721.591   4.0 1 1 
	       1628.92 4721.27731  4721.2765   4.0 1 1 
	       1640.79 4720.78225  4720.7811   4.0 1 1 
	       1648.55 4720.45835  4720.4586   4.0 1 1 
	       1659.87 4719.98536  4719.9795   4.0 1 1 
	       1768.13  4715.4293  4715.4308   4.0 1 1 
	       1829.01   4712.841  4712.8408   4.0 1 1 
	       1837.52 4712.47788  4712.4814   4.0 1 1 
	       1876.12 4710.82567  4710.8238   4.0 1 1 
	       1934.93 4708.29393   4708.294   4.0 1 1 
	       1982.10 4706.25075  4706.2511   4.0 1 1 
	       1993.41 4705.75938  4705.7606   4.0 1 1 
	function chebyshev
	order 4
	sample *
	naverage 1
	niterate 2000
	low_reject 3.
	high_reject 3.
	grow 0.
	coefficients	8
		1.
		4.
		121.7137832641602
		1993.4111328125
		4743.140187585027
		-36.26937070817212
		-1.115218359554407
		0.003786454275935839

# Mon 14:50:46 06-Feb-2023
begin	identify iazcomp.0015 - Ap 15
	id	iazcomp.0015
	task	identify
	image	iazcomp.0015 - Ap 15
	aperture	15
	aplow	1162.
	aphigh	1170.71
	units	Angstroms
	features	44
	        119.15 4778.29004   4778.294   4.0 1 1 
	        151.50 4777.18926  4777.1915   4.0 1 1 
	        163.44 4776.78168  4776.7792   4.0 1 1 
	        192.27 4775.79457   4775.794   4.0 1 1 
	        206.20 4775.31584   4775.313   4.0 1 1 
	        266.32 4773.23877   4773.241   4.0 1 1 
	        454.89 4766.60308  4766.6006   4.0 1 1 
	        482.99 4765.59821   4765.595   4.0 1 1 
	        503.42 4764.86546  4764.8646   4.0 1 1 
	        517.81 4764.34784  4764.3463   4.0 1 1 
	        568.21 4762.52671  4762.5242   4.0 1 1 
	        607.22 4761.10831  4761.1101   4.0 1 1 
	        713.15 4757.21698  4757.2196   4.0 1 1 
	        841.87 4752.41114  4752.4141   4.0 1 1 
	        926.71 4749.19699  4749.2002   4.0 1 1 
	       1069.89 4743.68973   4743.687   4.0 1 1 
	       1098.84 4742.56354  4742.5671   4.0 1 1 
	       1131.04 4741.30583  4741.3039   4.0 1 1 
	       1150.82 4740.53049  4740.5292   4.0 1 1 
	       1172.60 4739.67468  4739.6764   4.0 1 1 
	       1217.17 4737.91553  4737.9172   4.0 1 1 
	       1267.79 4735.90558  4735.9058   4.0 1 1 
	       1314.31 4734.04691  4734.0458   4.0 1 1 
	       1363.89 4732.05389  4732.0532   4.0 1 1 
	       1417.61  4729.8805  4729.8795   4.0 1 1 
	       1436.15 4729.12732  4729.1282   4.0 1 1 
	       1460.48 4728.13563   4728.133   4.0 1 1 
	       1467.65 4727.84284  4727.8491   4.0 1 1 
	       1491.45 4726.86946  4726.8683   4.0 1 1 
	       1566.41 4723.78436   4723.784   4.0 1 1 
	       1574.76 4723.43892  4723.4382   4.0 1 1 
	       1607.31 4722.08902  4722.0886   4.0 1 1 
	       1619.28 4721.59121   4721.591   4.0 1 1 
	       1626.81 4721.27765  4721.2765   4.0 1 1 
	       1638.72 4720.78162  4720.7811   4.0 1 1 
	       1646.45   4720.459  4720.4586   4.0 1 1 
	       1657.78 4719.98553  4719.9795   4.0 1 1 
	       1766.10  4715.4276  4715.4308   4.0 1 1 
	       1826.95 4712.84129  4712.8408   4.0 1 1 
	       1835.47   4712.478  4712.4814   4.0 1 1 
	       1874.09 4710.82532  4710.8238   4.0 1 1 
	       1932.90 4708.29413   4708.294   4.0 1 1 
	       1980.08 4706.25101  4706.2511   4.0 1 1 
	       1991.39 4705.75966  4705.7606   4.0 1 1 
	function chebyshev
	order 4
	sample *
	naverage 1
	niterate 2000
	low_reject 3.
	high_reject 3.
	grow 0.
	coefficients	8
		1.
		4.
		119.1515502929688
		1991.388549804687
		4743.140837069741
		-36.2688148115182
		-1.115984552630035
		0.00362363085643204

# Mon 15:26:50 27-Feb-2023
begin	identify iazcomp.0015 - Ap 15
	id	iazcomp.0015
	task	identify
	image	iazcomp.0015 - Ap 15
	aperture	15
	aplow	1162.
	aphigh	1170.71
	units	Angstroms
	features	38
	        124.10 4778.29131   4778.294   4.0 1 1 
	        156.41 4777.19086  4777.1915   4.0 1 1 
	        168.47  4776.7789  4776.7792   4.0 1 1 
	        197.18 4775.79492   4775.794   4.0 1 1 
	        211.15 4775.31457   4775.313   4.0 1 1 
	        271.16 4773.23948   4773.241   4.0 1 1 
	        459.60 4766.60301  4766.6006   4.0 1 1 
	        487.69 4765.59824   4765.595   4.0 1 1 
	        508.11 4764.86516  4764.8646   4.0 1 1 
	        522.48 4764.34806  4764.3463   4.0 1 1 
	        572.88 4762.52562  4762.5242   4.0 1 1 
	        611.80 4761.10957  4761.1101   4.0 1 1 
	        717.68 4757.21764  4757.2196   4.0 1 1 
	        846.33 4752.41105  4752.4141   4.0 1 1 
	        931.13  4749.1967  4749.2002   4.0 1 1 
	       1074.24 4743.68905   4743.687   4.0 1 1 
	       1103.15 4742.56346  4742.5671   4.0 1 1 
	       1135.34 4741.30555  4741.3039   4.0 1 1 
	       1155.11 4740.53019  4740.5292   4.0 1 1 
	       1176.89 4739.67411  4739.6764   4.0 1 1 
	       1221.40  4737.9163  4737.9172   4.0 1 1 
	       1272.03 4735.90517  4735.9058   4.0 1 1 
	       1318.51 4734.04701  4734.0458   4.0 1 1 
	       1368.07 4732.05362  4732.0532   4.0 1 1 
	       1440.28  4729.1274  4729.1282   4.0 1 1 
	       1464.59 4728.13598   4728.133   4.0 1 1 
	       1495.55 4726.86957  4726.8683   4.0 1 1 
	       1570.47 4723.78459   4723.784   4.0 1 1 
	       1578.82   4723.439  4723.4382   4.0 1 1 
	       1623.32 4721.59132   4721.591   4.0 1 1 
	       1642.72 4720.78268  4720.7811   4.0 1 1 
	       1770.05 4715.42835  4715.4308   4.0 1 1 
	       1830.88 4712.84143  4712.8408   4.0 1 1 
	       1839.39 4712.47813  4712.4814   4.0 1 1 
	       1877.97 4710.82616  4710.8238   4.0 1 1 
	       1936.76 4708.29475   4708.294   4.0 1 1 
	       1983.92 4706.25137  4706.2511   4.0 1 1 
	       1995.24 4705.75902  4705.7606   4.0 1 1 
	function chebyshev
	order 4
	sample *
	naverage 1
	niterate 2000
	low_reject 3.
	high_reject 3.
	grow 0.
	coefficients	8
		1.
		4.
		124.0979919433594
		1995.243286132813
		4743.139813710487
		-36.26941045242604
		-1.114650625090564
		0.003267603982510643

# Tue 13:40:10 16-May-2023
begin	identify iazcomp.0015 - Ap 15
	id	iazcomp.0015
	task	identify
	image	iazcomp.0015 - Ap 15
	aperture	15
	aplow	1162.
	aphigh	1170.71
	units	Angstroms
	features	38
	        123.28 4778.28965   4778.294   4.0 1 1 
	        155.54 4777.19163  4777.1915   4.0 1 1 
	        167.57 4776.78073  4776.7792   4.0 1 1 
	        196.37 4775.79409   4775.794   4.0 1 1 
	        210.30 4775.31529   4775.313   4.0 1 1 
	        270.35 4773.23986   4773.241   4.0 1 1 
	        458.86 4766.60308  4766.6006   4.0 1 1 
	        486.95 4765.59862   4765.595   4.0 1 1 
	        507.34 4764.86646  4764.8646   4.0 1 1 
	        521.74 4764.34855  4764.3463   4.0 1 1 
	        572.31 4762.52025  4762.5242   4.0 1 1 
	        611.11 4761.10881  4761.1101   4.0 1 1 
	        716.98 4757.21763  4757.2196   4.0 1 1 
	        845.63 4752.41194  4752.4141   4.0 1 1 
	        930.44 4749.19732  4749.2002   4.0 1 1 
	       1073.56 4743.68956   4743.687   4.0 1 1 
	       1102.47 4742.56415  4742.5671   4.0 1 1 
	       1134.69 4741.30513  4741.3039   4.0 1 1 
	       1154.43 4740.53088  4740.5292   4.0 1 1 
	       1176.21 4739.67487  4739.6764   4.0 1 1 
	       1220.73 4737.91692  4737.9172   4.0 1 1 
	       1271.36 4735.90561  4735.9058   4.0 1 1 
	       1317.86 4734.04666  4734.0458   4.0 1 1 
	       1367.41 4732.05392  4732.0532   4.0 1 1 
	       1439.63 4729.12765  4729.1282   4.0 1 1 
	       1463.95 4728.13598   4728.133   4.0 1 1 
	       1494.92 4726.86926  4726.8683   4.0 1 1 
	       1569.83 4723.78461   4723.784   4.0 1 1 
	       1578.20 4723.43844  4723.4382   4.0 1 1 
	       1622.69 4721.59156   4721.591   4.0 1 1 
	       1642.15 4720.78041  4720.7811   4.0 1 1 
	       1769.43 4715.42873  4715.4308   4.0 1 1 
	       1830.31 4712.84053  4712.8408   4.0 1 1 
	       1838.79 4712.47857  4712.4814   4.0 1 1 
	       1877.41 4710.82533  4710.8238   4.0 1 1 
	       1936.21 4708.29408   4708.294   4.0 1 1 
	       1983.35 4706.25195  4706.2511   4.0 1 1 
	       1994.66  4705.7606  4705.7606   4.0 1 1 
	function chebyshev
	order 4
	sample *
	naverage 1
	niterate 2000
	low_reject 3.
	high_reject 3.
	grow 0.
	coefficients	8
		1.
		4.
		123.2778930664062
		1994.657470703125
		4743.140492490432
		-36.26884653307178
		-1.115366376407685
		0.004319623792193886

# Mon 15:28:27 14-Aug-2023
begin	identify iazcomp.0015 - Ap 15
	id	iazcomp.0015
	task	identify
	image	iazcomp.0015 - Ap 15
	aperture	15
	aplow	1162.
	aphigh	1170.71
	units	Angstroms
	features	38
	        126.99 4778.29043   4778.294   4.0 1 1 
	        159.28 4777.19071  4777.1915   4.0 1 1 
	        171.32 4776.77933  4776.7792   4.0 1 1 
	        200.04 4775.79514   4775.794   4.0 1 1 
	        213.98 4775.31553   4775.313   4.0 1 1 
	        274.01 4773.24003   4773.241   4.0 1 1 
	        462.45  4766.6025  4766.6006   4.0 1 1 
	        490.52 4765.59793   4765.595   4.0 1 1 
	        510.93 4764.86504  4764.8646   4.0 1 1 
	        525.30 4764.34771  4764.3463   4.0 1 1 
	        575.67 4762.52605  4762.5242   4.0 1 1 
	        614.62 4761.10853  4761.1101   4.0 1 1 
	        720.46 4757.21703  4757.2196   4.0 1 1 
	        849.05 4752.41117  4752.4141   4.0 1 1 
	        933.82 4749.19694  4749.2002   4.0 1 1 
	       1076.88 4743.68923   4743.687   4.0 1 1 
	       1105.78 4742.56416  4742.5671   4.0 1 1 
	       1137.97 4741.30573  4741.3039   4.0 1 1 
	       1157.72 4740.53099  4740.5292   4.0 1 1 
	       1179.49 4739.67474  4739.6764   4.0 1 1 
	       1224.02 4737.91598  4737.9172   4.0 1 1 
	       1274.60 4735.90586  4735.9058   4.0 1 1 
	       1321.12 4734.04562  4734.0458   4.0 1 1 
	       1370.62 4732.05431  4732.0532   4.0 1 1 
	       1442.81 4729.12798  4729.1282   4.0 1 1 
	       1467.15 4728.13539   4728.133   4.0 1 1 
	       1498.09  4726.8693  4726.8683   4.0 1 1 
	       1572.99 4723.78428   4723.784   4.0 1 1 
	       1581.34 4723.43861  4723.4382   4.0 1 1 
	       1625.82 4721.59168   4721.591   4.0 1 1 
	       1645.24 4720.78197  4720.7811   4.0 1 1 
	       1772.54 4715.42809  4715.4308   4.0 1 1 
	       1833.36 4712.84165  4712.8408   4.0 1 1 
	       1841.88  4712.4779  4712.4814   4.0 1 1 
	       1880.44 4710.82643  4710.8238   4.0 1 1 
	       1939.26 4708.29365   4708.294   4.0 1 1 
	       1986.40 4706.25154  4706.2511   4.0 1 1 
	       1997.70 4705.76013  4705.7606   4.0 1 1 
	function chebyshev
	order 4
	sample *
	naverage 1
	niterate 2000
	low_reject 3.
	high_reject 3.
	grow 0.
	coefficients	8
		1.
		4.
		126.9878616333008
		1997.700439453125
		4743.139509243586
		-36.26947981944043
		-1.114232940345054
		0.004331106824492961

# Mon 16:08:52 14-Aug-2023
begin	identify iazcomp.0015 - Ap 15
	id	iazcomp.0015
	task	identify
	image	iazcomp.0015 - Ap 15
	aperture	15
	aplow	1162.
	aphigh	1170.71
	units	Angstroms
	features	38
	        126.94 4778.29079   4778.294   4.0 1 1 
	        159.23 4777.19113  4777.1915   4.0 1 1 
	        171.27 4776.78005  4776.7792   4.0 1 1 
	        200.06 4775.79333   4775.794   4.0 1 1 
	        213.95  4775.3156   4775.313   4.0 1 1 
	        273.99 4773.24004   4773.241   4.0 1 1 
	        462.47  4766.6024  4766.6006   4.0 1 1 
	        490.54   4765.598   4765.595   4.0 1 1 
	        510.97  4764.8647  4764.8646   4.0 1 1 
	        525.34 4764.34761  4764.3463   4.0 1 1 
	        575.72 4762.52592  4762.5242   4.0 1 1 
	        614.65 4761.10936  4761.1101   4.0 1 1 
	        720.52 4757.21744  4757.2196   4.0 1 1 
	        849.16 4752.41149  4752.4141   4.0 1 1 
	        933.96 4749.19673  4749.2002   4.0 1 1 
	       1077.05 4743.68916   4743.687   4.0 1 1 
	       1105.97 4742.56343  4742.5671   4.0 1 1 
	       1138.17 4741.30522  4741.3039   4.0 1 1 
	       1157.92 4740.53041  4740.5292   4.0 1 1 
	       1179.68  4739.6748  4739.6764   4.0 1 1 
	       1224.20 4737.91684  4737.9172   4.0 1 1 
	       1274.82 4735.90549  4735.9058   4.0 1 1 
	       1321.33 4734.04646  4734.0458   4.0 1 1 
	       1370.86 4732.05414  4732.0532   4.0 1 1 
	       1443.06 4729.12785  4729.1282   4.0 1 1 
	       1467.39 4728.13612   4728.133   4.0 1 1 
	       1498.35 4726.86943  4726.8683   4.0 1 1 
	       1573.27 4723.78423   4723.784   4.0 1 1 
	       1581.61 4723.43912  4723.4382   4.0 1 1 
	       1626.11  4721.5912   4721.591   4.0 1 1 
	       1645.55 4720.78125  4720.7811   4.0 1 1 
	       1772.85 4715.42781  4715.4308   4.0 1 1 
	       1833.66 4712.84218  4712.8408   4.0 1 1 
	       1842.18 4712.47808  4712.4814   4.0 1 1 
	       1880.78 4710.82566  4710.8238   4.0 1 1 
	       1939.57 4708.29431   4708.294   4.0 1 1 
	       1986.70 4706.25223  4706.2511   4.0 1 1 
	       1998.04 4705.75929  4705.7606   4.0 1 1 
	function chebyshev
	order 4
	sample *
	naverage 1
	niterate 2000
	low_reject 3.
	high_reject 3.
	grow 0.
	coefficients	8
		1.
		4.
		126.9372711181641
		1998.040893554688
		4743.139803246136
		-36.26953100102626
		-1.114761196397006
		0.003782684376587128

