# Tue 22:44:50 07-Sep-2021
begin	identify iazcomp.0033 - Ap 33
	id	iazcomp.0033
	task	identify
	image	iazcomp.0033 - Ap 33
	aperture	33
	aplow	1427.35
	aphigh	1436.33
	units	Angstroms
	features	29
	         67.83 6289.48896  6289.4882   4.0 1 1 
	        117.93 6287.25565  6287.2554   4.0 1 1 
	        296.45 6279.16378   6279.166   4.0 1 1 
	        460.43 6271.54378  6271.5444   4.0 1 1 
	        672.56 6261.41924  6261.4181   4.0 1 1 
	        730.34 6258.60922  6258.6068   4.0 1 1 
	        754.58  6257.4234  6257.4237   4.0 1 1 
	        936.39 6248.40479  6248.4055   4.0 1 1 
	        980.64 6246.17598  6246.1736   4.0 1 1 
	       1003.03 6245.04324  6245.0409   4.0 1 1 
	       1040.95 6243.11699  6243.1201   4.0 1 1 
	       1083.36 6240.95119  6240.9536   4.0 1 1 
	       1107.51 6239.71221  6239.7121   4.0 1 1 
	       1201.48 6234.85498  6234.8554   4.0 1 1 
	       1237.57 6232.97375  6232.9745   4.0 1 1 
	       1362.96 6226.36977  6226.3697   4.0 1 1 
	       1397.59 6224.52725  6224.5272   4.0 1 1 
	       1457.48 6221.32143  6221.3192   4.0 1 1 
	       1481.85 6220.01062  6220.0112   4.0 1 1 
	       1557.11 6215.93625  6215.9383   4.0 1 1 
	       1706.22 6207.75259  6207.7504   4.0 1 1 
	       1715.86 6207.21831  6207.2201   4.0 1 1 
	       1740.33 6205.86016  6205.8599   4.0 1 1 
	       1782.82 6203.49149  6203.4925   4.0 1 1 
	       1825.49 6201.10131  6201.1002   4.0 1 1 
	       1837.33 6200.43586  6200.4325   4.0 1 1 
	       1876.61 6198.22179  6198.2227   4.0 1 1 
	       1953.57 6193.85408  6193.8563   4.0 1 1 
	       1987.69 6191.90573  6191.9053   4.0 1 1 
	function chebyshev
	order 5
	sample *
	naverage 1
	niterate 2000
	low_reject 3.
	high_reject 3.
	grow 0.
	coefficients	9
		1.
		5.
		67.82559204101562
		1987.688232421875
		6242.240783332837
		-48.79337548265706
		-1.545392096960531
		0.001758870367440926
		0.001952148507467251

# Fri 11:01:40 11-Mar-2022
begin	identify iazcomp.0033 - Ap 33
	id	iazcomp.0033
	task	identify
	image	iazcomp.0033 - Ap 33
	aperture	33
	aplow	1427.35
	aphigh	1436.33
	units	Angstroms
	features	34
	         13.51 6291.18984  6291.1915   4.0 1 1 
	         51.90 6289.48961  6289.4882   4.0 1 1 
	        101.97  6287.2572  6287.2554   4.0 1 1 
	        280.55 6279.16272   6279.166   4.0 1 1 
	        322.31  6277.2395  6277.2385   4.0 1 1 
	        444.55 6271.54395  6271.5444   4.0 1 1 
	        588.40 6264.71403  6264.7139   4.0 1 1 
	        656.79  6261.4186  6261.4181   4.0 1 1 
	        714.59 6258.60865  6258.6068   4.0 1 1 
	        738.84  6257.4232  6257.4237   4.0 1 1 
	        920.77 6248.40346  6248.4055   4.0 1 1 
	        965.01 6246.17642  6246.1736   4.0 1 1 
	        987.42 6245.04319  6245.0409   4.0 1 1 
	       1025.32 6243.11892  6243.1201   4.0 1 1 
	       1067.77 6240.95235  6240.9536   4.0 1 1 
	       1091.98 6239.71127  6239.7121   4.0 1 1 
	       1185.98 6234.85523  6234.8554   4.0 1 1 
	       1222.13 6232.97199  6232.9745   4.0 1 1 
	       1347.54 6226.37049  6226.3697   4.0 1 1 
	       1382.20 6224.52708  6224.5272   4.0 1 1 
	       1442.13  6221.3212  6221.3192   4.0 1 1 
	       1466.50 6220.01112  6220.0112   4.0 1 1 
	       1541.79 6215.93716  6215.9383   4.0 1 1 
	       1674.11 6208.68661  6208.6869   4.0 1 1 
	       1690.99 6207.75342  6207.7504   4.0 1 1 
	       1700.65 6207.21854  6207.2201   4.0 1 1 
	       1725.13 6205.85998  6205.8599   4.0 1 1 
	       1767.65 6203.49126  6203.4925   4.0 1 1 
	       1810.33 6201.10151  6201.1002   4.0 1 1 
	       1822.21 6200.43437  6200.4325   4.0 1 1 
	       1861.49 6198.22142  6198.2227   4.0 1 1 
	       1938.51 6193.85348  6193.8563   4.0 1 1 
	       1972.64 6191.90556  6191.9053   4.0 1 1 
	       2020.76 6189.14616  6189.1449   4.0 1 1 
	function chebyshev
	order 5
	sample *
	naverage 1
	niterate 2000
	low_reject 3.
	high_reject 3.
	grow 0.
	coefficients	9
		1.
		5.
		13.51005744934082
		2020.763549804688
		6241.848668510628
		-51.02253825070218
		-1.683699669573538
		6.991059973786886E-4
		0.00303292658705787

# Tue 15:32:24 29-Mar-2022
begin	identify iazcomp.0033 - Ap 33
	id	iazcomp.0033
	task	identify
	image	iazcomp.0033 - Ap 33
	aperture	33
	aplow	1427.35
	aphigh	1436.33
	units	Angstroms
	features	34
	         14.17 6291.19014  6291.1915   4.0 1 1 
	         52.56 6289.48957  6289.4882   4.0 1 1 
	        102.65 6287.25653  6287.2554   4.0 1 1 
	        281.21 6279.16267   6279.166   4.0 1 1 
	        322.95 6277.24068  6277.2385   4.0 1 1 
	        445.22 6271.54315  6271.5444   4.0 1 1 
	        589.01 6264.71552  6264.7139   4.0 1 1 
	        657.44 6261.41795  6261.4181   4.0 1 1 
	        715.26 6258.60699  6258.6068   4.0 1 1 
	        739.48 6257.42288  6257.4237   4.0 1 1 
	        921.35 6248.40517  6248.4055   4.0 1 1 
	        965.62 6246.17594  6246.1736   4.0 1 1 
	        988.03 6245.04308  6245.0409   4.0 1 1 
	       1025.94  6243.1183  6243.1201   4.0 1 1 
	       1068.38 6240.95197  6240.9536   4.0 1 1 
	       1092.54 6239.71305  6239.7121   4.0 1 1 
	       1186.56 6234.85528  6234.8554   4.0 1 1 
	       1222.71 6232.97213  6232.9745   4.0 1 1 
	       1348.12 6226.36956  6226.3697   4.0 1 1 
	       1382.77 6224.52715  6224.5272   4.0 1 1 
	       1442.69  6221.3215  6221.3192   4.0 1 1 
	       1467.06 6220.01067  6220.0112   4.0 1 1 
	       1542.35 6215.93679  6215.9383   4.0 1 1 
	       1674.65 6208.68684  6208.6869   4.0 1 1 
	       1691.53  6207.7539  6207.7504   4.0 1 1 
	       1701.21 6207.21772  6207.2201   4.0 1 1 
	       1725.66  6205.8607  6205.8599   4.0 1 1 
	       1768.21 6203.49065  6203.4925   4.0 1 1 
	       1810.87 6201.10189  6201.1002   4.0 1 1 
	       1822.74 6200.43516  6200.4325   4.0 1 1 
	       1862.05 6198.22103  6198.2227   4.0 1 1 
	       1939.06 6193.85328  6193.8563   4.0 1 1 
	       1973.19 6191.90541  6191.9053   4.0 1 1 
	       2021.32 6189.14625  6189.1449   4.0 1 1 
	function chebyshev
	order 5
	sample *
	naverage 1
	niterate 2000
	low_reject 3.
	high_reject 3.
	grow 0.
	coefficients	9
		1.
		5.
		14.1686544418335
		2021.31787109375
		6241.848538963837
		-51.02334597261966
		-1.683442928987115
		0.00139938963493607
		0.003097020112582883

# Mon 19:05:49 30-Jan-2023
begin	identify iazcomp.0033 - Ap 33
	id	iazcomp.0033
	task	identify
	image	iazcomp.0033 - Ap 33
	aperture	33
	aplow	1427.35
	aphigh	1436.33
	units	Angstroms
	features	32
	         26.62 6291.18984  6291.1915   4.0 1 1 
	         64.98 6289.49072  6289.4882   4.0 1 1 
	        115.11 6287.25564  6287.2554   4.0 1 1 
	        293.66 6279.16241   6279.166   4.0 1 1 
	        335.38 6277.24121  6277.2385   4.0 1 1 
	        457.70  6271.5415  6271.5444   4.0 1 1 
	        601.40 6264.71789  6264.7139   4.0 1 1 
	        669.87 6261.41809  6261.4181   4.0 1 1 
	        727.68 6258.60728  6258.6068   4.0 1 1 
	        751.91 6257.42229  6257.4237   4.0 1 1 
	        933.75 6248.40484  6248.4055   4.0 1 1 
	        978.02 6246.17515  6246.1736   4.0 1 1 
	       1000.41 6245.04309  6245.0409   4.0 1 1 
	       1038.32 6243.11764  6243.1201   4.0 1 1 
	       1080.73 6240.95211  6240.9536   4.0 1 1 
	       1104.91 6239.71257  6239.7121   4.0 1 1 
	       1198.90  6234.8552  6234.8554   4.0 1 1 
	       1235.00  6232.9737  6232.9745   4.0 1 1 
	       1360.40 6226.37006  6226.3697   4.0 1 1 
	       1395.03 6224.52731  6224.5272   4.0 1 1 
	       1454.94 6221.32152  6221.3192   4.0 1 1 
	       1479.30 6220.01081  6220.0112   4.0 1 1 
	       1554.58 6215.93612  6215.9383   4.0 1 1 
	       1703.71 6207.75292  6207.7504   4.0 1 1 
	       1713.37  6207.2178  6207.2201   4.0 1 1 
	       1737.82  6205.8604  6205.8599   4.0 1 1 
	       1780.35 6203.49055  6203.4925   4.0 1 1 
	       1823.01 6201.10128  6201.1002   4.0 1 1 
	       1834.85 6200.43609  6200.4325   4.0 1 1 
	       1874.16 6198.22101  6198.2227   4.0 1 1 
	       1951.13 6193.85448  6193.8563   4.0 1 1 
	       1985.26 6191.90621  6191.9053   4.0 1 1 
	function chebyshev
	order 5
	sample *
	naverage 1
	niterate 2000
	low_reject 3.
	high_reject 3.
	grow 0.
	coefficients	9
		1.
		5.
		26.61636161804199
		1985.261840820312
		6243.15211975203
		-49.64276869030614
		-1.607334558158851
		9.533976580421807E-4
		0.003236023471092751

# Fri 11:54:07 03-Feb-2023
begin	identify iazcomp.0033 - Ap 33
	id	iazcomp.0033
	task	identify
	image	iazcomp.0033 - Ap 33
	aperture	33
	aplow	1427.35
	aphigh	1436.33
	units	Angstroms
	features	32
	         25.22 6291.19017  6291.1915   4.0 1 1 
	         63.61 6289.48978  6289.4882   4.0 1 1 
	        113.73  6287.2561  6287.2554   4.0 1 1 
	        292.31 6279.16263   6279.166   4.0 1 1 
	        334.04 6277.24133  6277.2385   4.0 1 1 
	        456.37 6271.54211  6271.5444   4.0 1 1 
	        600.13 6264.71641  6264.7139   4.0 1 1 
	        668.58 6261.41801  6261.4181   4.0 1 1 
	        726.39 6258.60793  6258.6068   4.0 1 1 
	        750.62 6257.42302  6257.4237   4.0 1 1 
	        932.54 6248.40257  6248.4055   4.0 1 1 
	        976.77 6246.17583  6246.1736   4.0 1 1 
	        999.16 6245.04359  6245.0409   4.0 1 1 
	       1037.10  6243.1169  6243.1201   4.0 1 1 
	       1079.51 6240.95184  6240.9536   4.0 1 1 
	       1103.66 6239.71354  6239.7121   4.0 1 1 
	       1197.68 6234.85551  6234.8554   4.0 1 1 
	       1233.78  6232.9743  6232.9745   4.0 1 1 
	       1359.21 6226.37008  6226.3697   4.0 1 1 
	       1393.85 6224.52719  6224.5272   4.0 1 1 
	       1453.76 6221.32173  6221.3192   4.0 1 1 
	       1478.13 6220.01066  6220.0112   4.0 1 1 
	       1553.41 6215.93618  6215.9383   4.0 1 1 
	       1702.57 6207.75218  6207.7504   4.0 1 1 
	       1712.22 6207.21773  6207.2201   4.0 1 1 
	       1736.68 6205.86016  6205.8599   4.0 1 1 
	       1779.21 6203.49044  6203.4925   4.0 1 1 
	       1821.86 6201.10179  6201.1002   4.0 1 1 
	       1833.71  6200.4361  6200.4325   4.0 1 1 
	       1873.02 6198.22125  6198.2227   4.0 1 1 
	       1950.00 6193.85442  6193.8563   4.0 1 1 
	       1984.13 6191.90622  6191.9053   4.0 1 1 
	function chebyshev
	order 5
	sample *
	naverage 1
	niterate 2000
	low_reject 3.
	high_reject 3.
	grow 0.
	coefficients	9
		1.
		5.
		25.2186164855957
		1984.131958007813
		6243.152941132418
		-49.64278601389588
		-1.60790189548587
		8.094448952425072E-4
		0.003154420274806701

# Mon 14:51:34 06-Feb-2023
begin	identify iazcomp.0033 - Ap 33
	id	iazcomp.0033
	task	identify
	image	iazcomp.0033 - Ap 33
	aperture	33
	aplow	1427.35
	aphigh	1436.33
	units	Angstroms
	features	32
	         22.61  6291.1904  6291.1915   4.0 1 1 
	         61.02 6289.49031  6289.4882   4.0 1 1 
	        111.18 6287.25536  6287.2554   4.0 1 1 
	        289.81 6279.16243   6279.166   4.0 1 1 
	        331.56 6277.24081  6277.2385   4.0 1 1 
	        453.89 6271.54301  6271.5444   4.0 1 1 
	        597.74 6264.71595  6264.7139   4.0 1 1 
	        666.20  6261.4177  6261.4181   4.0 1 1 
	        724.01 6258.60815  6258.6068   4.0 1 1 
	        748.27 6257.42257  6257.4237   4.0 1 1 
	        930.21 6248.40423  6248.4055   4.0 1 1 
	        974.47 6246.17626  6246.1736   4.0 1 1 
	        996.88 6245.04347  6245.0409   4.0 1 1 
	       1034.81 6243.11809  6243.1201   4.0 1 1 
	       1077.26 6240.95166  6240.9536   4.0 1 1 
	       1101.43 6239.71286  6239.7121   4.0 1 1 
	       1195.46 6234.85522  6234.8554   4.0 1 1 
	       1231.60 6232.97257  6232.9745   4.0 1 1 
	       1357.04 6226.36985  6226.3697   4.0 1 1 
	       1391.69 6224.52715  6224.5272   4.0 1 1 
	       1451.61 6221.32181  6221.3192   4.0 1 1 
	       1475.99 6220.01053  6220.0112   4.0 1 1 
	       1551.29 6215.93624  6215.9383   4.0 1 1 
	       1700.48 6207.75292  6207.7504   4.0 1 1 
	       1710.15 6207.21765  6207.2201   4.0 1 1 
	       1734.60 6205.86074  6205.8599   4.0 1 1 
	       1777.15 6203.49045  6203.4925   4.0 1 1 
	       1819.81 6201.10193  6201.1002   4.0 1 1 
	       1831.67 6200.43569  6200.4325   4.0 1 1 
	       1870.97  6198.2214  6198.2227   4.0 1 1 
	       1947.97 6193.85449  6193.8563   4.0 1 1 
	       1982.12 6191.90577  6191.9053   4.0 1 1 
	function chebyshev
	order 5
	sample *
	naverage 1
	niterate 2000
	low_reject 3.
	high_reject 3.
	grow 0.
	coefficients	9
		1.
		5.
		22.61316299438477
		1982.11865234375
		6243.15376373119
		-49.64287844347087
		-1.608690264951113
		5.650352924160171E-4
		0.003014171392480232

# Mon 15:29:44 27-Feb-2023
begin	identify iazcomp.0033 - Ap 33
	id	iazcomp.0033
	task	identify
	image	iazcomp.0033 - Ap 33
	aperture	33
	aplow	1427.35
	aphigh	1436.33
	units	Angstroms
	features	31
	         27.64 6291.18979  6291.1915   4.0 1 1 
	         66.01 6289.48941  6289.4882   4.0 1 1 
	        116.08 6287.25631  6287.2554   4.0 1 1 
	        336.32 6277.23954  6277.2385   4.0 1 1 
	        458.56 6271.54181  6271.5444   4.0 1 1 
	        602.28 6264.71568  6264.7139   4.0 1 1 
	        670.70 6261.41764  6261.4181   4.0 1 1 
	        728.50 6258.60697  6258.6068   4.0 1 1 
	        752.72 6257.42251  6257.4237   4.0 1 1 
	        934.56 6248.40335  6248.4055   4.0 1 1 
	        978.79 6246.17592  6246.1736   4.0 1 1 
	       1001.16 6245.04431  6245.0409   4.0 1 1 
	       1039.08 6243.11819  6243.1201   4.0 1 1 
	       1081.50 6240.95243  6240.9536   4.0 1 1 
	       1105.65 6239.71359  6239.7121   4.0 1 1 
	       1199.65 6234.85535  6234.8554   4.0 1 1 
	       1235.77 6232.97264  6232.9745   4.0 1 1 
	       1361.14 6226.36957  6226.3697   4.0 1 1 
	       1395.76 6224.52766  6224.5272   4.0 1 1 
	       1455.66 6221.32172  6221.3192   4.0 1 1 
	       1480.02 6220.01083  6220.0112   4.0 1 1 
	       1555.29 6215.93597  6215.9383   4.0 1 1 
	       1704.39 6207.75334  6207.7504   4.0 1 1 
	       1714.06 6207.21749  6207.2201   4.0 1 1 
	       1738.51 6205.86035  6205.8599   4.0 1 1 
	       1781.03 6203.49004  6203.4925   4.0 1 1 
	       1823.67 6201.10154  6201.1002   4.0 1 1 
	       1835.53 6200.43513  6200.4325   4.0 1 1 
	       1874.80 6198.22154  6198.2227   4.0 1 1 
	       1951.77 6193.85478  6193.8563   4.0 1 1 
	       1985.89 6191.90628  6191.9053   4.0 1 1 
	function chebyshev
	order 5
	sample *
	naverage 1
	niterate 2000
	low_reject 3.
	high_reject 3.
	grow 0.
	coefficients	9
		1.
		5.
		27.63851547241211
		1985.891723632813
		6243.150881567295
		-49.64181169894665
		-1.606085461982195
		5.732571142407021E-5
		0.003242003441415513

# Tue 13:40:36 16-May-2023
begin	identify iazcomp.0033 - Ap 33
	id	iazcomp.0033
	task	identify
	image	iazcomp.0033 - Ap 33
	aperture	33
	aplow	1427.35
	aphigh	1436.33
	units	Angstroms
	features	31
	         26.77 6291.18937  6291.1915   4.0 1 1 
	         65.10 6289.49117  6289.4882   4.0 1 1 
	        115.26 6287.25462  6287.2554   4.0 1 1 
	        335.51 6277.23989  6277.2385   4.0 1 1 
	        457.78 6271.54203  6271.5444   4.0 1 1 
	        601.54 6264.71568  6264.7139   4.0 1 1 
	        669.98 6261.41731  6261.4181   4.0 1 1 
	        727.78 6258.60702  6258.6068   4.0 1 1 
	        752.01  6257.4221  6257.4237   4.0 1 1 
	        933.87 6248.40379  6248.4055   4.0 1 1 
	        978.09 6246.17681  6246.1736   4.0 1 1 
	       1000.48 6245.04423  6245.0409   4.0 1 1 
	       1038.40 6243.11864  6243.1201   4.0 1 1 
	       1080.83 6240.95239  6240.9536   4.0 1 1 
	       1105.00 6239.71271  6239.7121   4.0 1 1 
	       1198.99 6234.85519  6234.8554   4.0 1 1 
	       1235.12 6232.97218  6232.9745   4.0 1 1 
	       1360.49  6226.3698  6226.3697   4.0 1 1 
	       1395.13  6224.5272  6224.5272   4.0 1 1 
	       1455.02 6221.32187  6221.3192   4.0 1 1 
	       1479.39 6220.01084  6220.0112   4.0 1 1 
	       1554.66 6215.93623  6215.9383   4.0 1 1 
	       1703.78 6207.75349  6207.7504   4.0 1 1 
	       1713.45 6207.21791  6207.2201   4.0 1 1 
	       1737.91 6205.86034  6205.8599   4.0 1 1 
	       1780.43  6203.4905  6203.4925   4.0 1 1 
	       1823.10 6201.10058  6201.1002   4.0 1 1 
	       1834.94 6200.43556  6200.4325   4.0 1 1 
	       1874.24 6198.22111  6198.2227   4.0 1 1 
	       1951.22 6193.85424  6193.8563   4.0 1 1 
	       1985.34 6191.90689  6191.9053   4.0 1 1 
	function chebyshev
	order 5
	sample *
	naverage 1
	niterate 2000
	low_reject 3.
	high_reject 3.
	grow 0.
	coefficients	9
		1.
		5.
		26.76985359191895
		1985.337890625
		6243.15140451785
		-49.64192164440991
		-1.606886137738069
		6.808789432912487E-4
		0.003614759226217158

# Mon 15:28:53 14-Aug-2023
begin	identify iazcomp.0033 - Ap 33
	id	iazcomp.0033
	task	identify
	image	iazcomp.0033 - Ap 33
	aperture	33
	aplow	1427.35
	aphigh	1436.33
	units	Angstroms
	features	31
	         30.48 6291.19059  6291.1915   4.0 1 1 
	         68.87 6289.48873  6289.4882   4.0 1 1 
	        118.93 6287.25579  6287.2554   4.0 1 1 
	        339.10 6277.24008  6277.2385   4.0 1 1 
	        461.34 6271.54155  6271.5444   4.0 1 1 
	        605.00 6264.71733  6264.7139   4.0 1 1 
	        673.46 6261.41674  6261.4181   4.0 1 1 
	        731.24 6258.60654  6258.6068   4.0 1 1 
	        755.46 6257.42194  6257.4237   4.0 1 1 
	        937.24  6248.4035  6248.4055   4.0 1 1 
	        981.45 6246.17681  6246.1736   4.0 1 1 
	       1003.84  6245.0437  6245.0409   4.0 1 1 
	       1041.73 6243.11856  6243.1201   4.0 1 1 
	       1084.15 6240.95217  6240.9536   4.0 1 1 
	       1108.31 6239.71299  6239.7121   4.0 1 1 
	       1202.26 6234.85556  6234.8554   4.0 1 1 
	       1238.38  6232.9725  6232.9745   4.0 1 1 
	       1363.70 6226.37069  6226.3697   4.0 1 1 
	       1398.34   6224.527  6224.5272   4.0 1 1 
	       1458.23 6221.32109  6221.3192   4.0 1 1 
	       1482.57 6220.01126  6220.0112   4.0 1 1 
	       1557.83 6215.93599  6215.9383   4.0 1 1 
	       1706.90 6207.75351  6207.7504   4.0 1 1 
	       1716.56 6207.21813  6207.2201   4.0 1 1 
	       1741.01 6205.86073  6205.8599   4.0 1 1 
	       1783.53 6203.49056  6203.4925   4.0 1 1 
	       1826.18 6201.10117  6201.1002   4.0 1 1 
	       1838.05 6200.43372  6200.4325   4.0 1 1 
	       1877.31 6198.22124  6198.2227   4.0 1 1 
	       1954.28  6193.8542  6193.8563   4.0 1 1 
	       1988.38 6191.90735  6191.9053   4.0 1 1 
	function chebyshev
	order 5
	sample *
	naverage 1
	niterate 2000
	low_reject 3.
	high_reject 3.
	grow 0.
	coefficients	9
		1.
		5.
		30.47923660278321
		1988.376708984375
		6243.150957429486
		-49.64247152748226
		-1.605721936434085
		8.492292234276205E-4
		0.003735450508113533

# Mon 16:09:34 14-Aug-2023
begin	identify iazcomp.0033 - Ap 33
	id	iazcomp.0033
	task	identify
	image	iazcomp.0033 - Ap 33
	aperture	33
	aplow	1427.35
	aphigh	1436.33
	units	Angstroms
	features	31
	         30.44 6291.18983  6291.1915   4.0 1 1 
	         68.82 6289.48951  6289.4882   4.0 1 1 
	        118.89 6287.25614  6287.2554   4.0 1 1 
	        339.14 6277.23927  6277.2385   4.0 1 1 
	        461.38 6271.54187  6271.5444   4.0 1 1 
	        605.07 6264.71732  6264.7139   4.0 1 1 
	        673.53  6261.4172  6261.4181   4.0 1 1 
	        731.33 6258.60641  6258.6068   4.0 1 1 
	        755.55 6257.42175  6257.4237   4.0 1 1 
	        937.35  6248.4043  6248.4055   4.0 1 1 
	        981.60 6246.17582  6246.1736   4.0 1 1 
	       1003.98 6245.04383  6245.0409   4.0 1 1 
	       1041.89 6243.11837  6243.1201   4.0 1 1 
	       1084.31 6240.95221  6240.9536   4.0 1 1 
	       1108.47 6239.71298  6239.7121   4.0 1 1 
	       1202.45 6234.85559  6234.8554   4.0 1 1 
	       1238.57 6232.97265  6232.9745   4.0 1 1 
	       1363.93 6226.37008  6226.3697   4.0 1 1 
	       1398.57 6224.52732  6224.5272   4.0 1 1 
	       1458.46 6221.32203  6221.3192   4.0 1 1 
	       1482.82 6220.01111  6220.0112   4.0 1 1 
	       1558.09 6215.93631  6215.9383   4.0 1 1 
	       1707.22 6207.75182  6207.7504   4.0 1 1 
	       1716.85 6207.21821  6207.2201   4.0 1 1 
	       1741.31 6205.86029  6205.8599   4.0 1 1 
	       1783.82 6203.49091  6203.4925   4.0 1 1 
	       1826.48 6201.10109  6201.1002   4.0 1 1 
	       1838.34 6200.43436  6200.4325   4.0 1 1 
	       1877.60 6198.22176  6198.2227   4.0 1 1 
	       1954.56  6193.8549  6193.8563   4.0 1 1 
	       1988.69 6191.90649  6191.9053   4.0 1 1 
	function chebyshev
	order 5
	sample *
	naverage 1
	niterate 2000
	low_reject 3.
	high_reject 3.
	grow 0.
	coefficients	9
		1.
		5.
		30.44480323791504
		1988.688232421875
		6243.151174173136
		-49.64191854168217
		-1.606217183649016
		2.490920841693671E-4
		0.003202434754447276

