	aplow	854.00
	aphigh	862.00
	features	36
	        225.00 3979.3615  3979.3615   4.0 1 1 
	        471.00 3972.1659  3972.1545   4.0 1 1 
	        629.20 3967.3704  3967.3921   4.0 1 1 
           1167.20 3950.3951  3950.3951   4.0 1 1
           1267.21 3948.0305  3948.0305   4.0 1 1
           1298.00 3946.0972  3946.0972   4.0 1 1
           1352.00 3944.2700  3944.2700   4.0 1 1
           1685.35 3932.9110  3932.9110   4.0 1 1
           1696.03 3932.5500  3932.5500   4.0 1 1
           1778.40 3929.6690  3929.6690   4.0 1 1
           1807.70 3928.6200  3928.6200   4.0 1 1
           1889.62 3925.7200  3925.7200   4.0 1 1
           1907.07 3925.0930  3925.0930   4.0 1 1
           1943.14 3923.7990  3923.7990   4.0 1 1
