# Tue 22:33:17 07-Sep-2021
begin	identify iazcomp.0005 - Ap 5
	id	iazcomp.0005
	task	identify
	image	iazcomp.0005 - Ap 5
	aperture	5
	aplow	968.06
	aphigh	975.85
	units	Angstroms
	features	35
	         46.75 4218.66241  4218.6649   4.0 1 1 
	         88.09 4217.43152  4217.4308   4.0 1 1 
	        123.59 4216.36855  4216.3722   4.0 1 1 
	        133.41 4216.07377  4216.0698   4.0 1 1 
	        174.62 4214.83157  4214.8285   4.0 1 1 
	        232.66 4213.06938  4213.0673   4.0 1 1 
	        302.67 4210.92486  4210.9232   4.0 1 1 
	        358.81 4209.18948  4209.1964   4.0 1 1 
	        368.53 4208.88761  4208.8907   4.0 1 1 
	        383.75 4208.41419  4208.4108   4.0 1 1 
	        409.44 4207.61259  4207.6122   4.0 1 1 
	        628.04 4200.67375  4200.6745   4.0 1 1 
	        700.82 4198.31633   4198.317   4.0 1 1 
	        803.92 4194.93568  4194.9318   4.0 1 1 
	        861.81 4193.01677  4193.0164   4.0 1 1 
	        881.44 4192.36236   4192.362   4.0 1 1 
	        921.27  4191.0298  4191.0294   4.0 1 1 
	        930.71 4190.71268  4190.7129   4.0 1 1 
	       1036.36 4187.13834   4187.141   4.0 1 1 
	       1094.70 4185.14305  4185.1447   4.0 1 1 
	       1123.92 4184.13772  4184.1376   4.0 1 1 
	       1189.03 4181.88417  4181.8836   4.0 1 1 
	       1244.21 4179.95916  4179.9601   4.0 1 1 
	       1275.84 4178.84973  4178.8481   4.0 1 1 
	       1298.29  4178.0594  4178.0597   4.0 1 1 
	       1400.35  4174.4382  4174.4396   4.0 1 1 
	       1450.89 4172.62797  4172.6257   4.0 1 1 
	       1486.50 4171.34553   4171.341   4.0 1 1 
	       1509.08 4170.52938  4170.5333   4.0 1 1 
	       1561.28 4168.63424  4168.6341   4.0 1 1 
	       1639.69 4165.76507  4165.7661   4.0 1 1 
	       1682.66 4164.18116  4164.1795   4.0 1 1 
	       1832.69  4158.5886  4158.5905   4.0 1 1 
	       1887.71 4156.51358  4156.5166   4.0 1 1 
	       1934.89 4154.72391  4154.7205   4.0 1 1 
	function chebyshev
	order 5
	sample *
	naverage 1
	niterate 2000
	low_reject 3.
	high_reject 3.
	grow 0.
	coefficients	9
		1.
		5.
		46.74795532226563
		1934.887084960938
		4187.686434895618
		-31.96970735434513
		-0.9961343667006756
		4.604640397308356E-4
		0.002859428432215811

# Fri 10:43:18 11-Mar-2022
begin	identify iazcomp.0005 - Ap 5
	id	iazcomp.0005
	task	identify
	image	iazcomp.0005 - Ap 5
	aperture	5
	aplow	968.06
	aphigh	975.85
	units	Angstroms
	features	37
	         31.74  4218.6643  4218.6649   4.0 1 1 
	         73.22 4217.43043  4217.4308   4.0 1 1 
	        108.50 4216.37475  4216.3722   4.0 1 1 
	        133.53  4215.6229  4215.6272   4.0 1 1 
	        159.83 4214.82962  4214.8285   4.0 1 1 
	        217.80 4213.07063  4213.0673   4.0 1 1 
	        287.87 4210.92491  4210.9232   4.0 1 1 
	        343.76 4209.19787  4209.1964   4.0 1 1 
	        353.78 4208.88674  4208.8907   4.0 1 1 
	        369.00 4208.41348  4208.4108   4.0 1 1 
	        394.83 4207.60781  4207.6122   4.0 1 1 
	        613.35 4200.67375  4200.6745   4.0 1 1 
	        686.16 4198.31597   4198.317   4.0 1 1 
	        789.32 4194.93496  4194.9318   4.0 1 1 
	        847.21 4193.01672  4193.0164   4.0 1 1 
	        866.90 4192.36079   4192.362   4.0 1 1 
	        906.72 4191.02918  4191.0294   4.0 1 1 
	        916.15  4190.7128  4190.7129   4.0 1 1 
	       1021.71 4187.14369   4187.141   4.0 1 1 
	       1080.19 4185.14472  4185.1447   4.0 1 1 
	       1109.51 4184.13708  4184.1376   4.0 1 1 
	       1174.64 4181.88438  4181.8836   4.0 1 1 
	       1229.88 4179.95866  4179.9601   4.0 1 1 
	       1261.51 4178.84991  4178.8481   4.0 1 1 
	       1275.37 4178.36272  4178.3658   4.0 1 1 
	       1283.94 4178.06105  4178.0597   4.0 1 1 
	       1386.17 4174.43692  4174.4396   4.0 1 1 
	       1494.89 4170.53121  4170.5333   4.0 1 1 
	       1547.11 4168.63699  4168.6341   4.0 1 1 
	       1625.57 4165.76766  4165.7661   4.0 1 1 
	       1668.59  4164.1829  4164.1795   4.0 1 1 
	       1675.00 4163.94599  4163.9479   4.0 1 1 
	       1713.84 4162.50715   4162.509   4.0 1 1 
	       1818.71 4158.58943  4158.5905   4.0 1 1 
	       1873.72 4156.51512  4156.5166   4.0 1 1 
	       1920.94 4154.72387  4154.7205   4.0 1 1 
	       2014.56 4151.14414  4151.1453   4.0 1 1 
	function chebyshev
	order 5
	sample *
	naverage 1
	niterate 2000
	low_reject 3.
	high_reject 3.
	grow 0.
	coefficients	9
		1.
		5.
		31.74147605895996
		2014.562622070312
		4185.997487447927
		-33.76055512969408
		-1.09515603836861
		4.777569412857333E-4
		0.001889937389268866

# Tue 15:05:06 29-Mar-2022
begin	identify iazcomp.0005 - Ap 5
	id	iazcomp.0005
	task	identify
	image	iazcomp.0005 - Ap 5
	aperture	5
	aplow	968.06
	aphigh	975.85
	units	Angstroms
	features	36
	         32.58 4218.66284  4218.6649   4.0 1 1 
	         73.93 4217.43201  4217.4308   4.0 1 1 
	        109.40 4216.37044  4216.3722   4.0 1 1 
	        134.11 4215.62772  4215.6272   4.0 1 1 
	        160.54 4214.83033  4214.8285   4.0 1 1 
	        218.57 4213.06895  4213.0673   4.0 1 1 
	        288.54 4210.92564  4210.9232   4.0 1 1 
	        344.51 4209.19591  4209.1964   4.0 1 1 
	        354.47  4208.8865  4208.8907   4.0 1 1 
	        369.70 4208.41296  4208.4108   4.0 1 1 
	        395.39  4207.6116  4207.6122   4.0 1 1 
	        614.02 4200.67334  4200.6745   4.0 1 1 
	        686.84 4198.31537   4198.317   4.0 1 1 
	        789.97 4194.93526  4194.9318   4.0 1 1 
	        847.90 4193.01584  4193.0164   4.0 1 1 
	        867.55 4192.36106   4192.362   4.0 1 1 
	        907.37 4191.02952  4191.0294   4.0 1 1 
	        916.81 4190.71276  4190.7129   4.0 1 1 
	       1022.46 4187.14064   4187.141   4.0 1 1 
	       1080.93 4185.14201  4185.1447   4.0 1 1 
	       1110.10 4184.13926  4184.1376   4.0 1 1 
	       1175.26 4181.88543  4181.8836   4.0 1 1 
	       1230.58 4179.95695  4179.9601   4.0 1 1 
	       1262.10 4178.85172  4178.8481   4.0 1 1 
	       1275.98 4178.36391  4178.3658   4.0 1 1 
	       1284.59  4178.0609  4178.0597   4.0 1 1 
	       1386.72 4174.43966  4174.4396   4.0 1 1 
	       1495.48 4170.53214  4170.5333   4.0 1 1 
	       1547.75 4168.63533  4168.6341   4.0 1 1 
	       1626.15 4165.76781  4165.7661   4.0 1 1 
	       1669.17 4164.18263  4164.1795   4.0 1 1 
	       1714.44 4162.50579   4162.509   4.0 1 1 
	       1819.25 4158.58904  4158.5905   4.0 1 1 
	       1874.28 4156.51352  4156.5166   4.0 1 1 
	       1921.50 4154.72156  4154.7205   4.0 1 1 
	       2014.96 4151.14697  4151.1453   4.0 1 1 
	function chebyshev
	order 5
	sample *
	naverage 1
	niterate 2000
	low_reject 3.
	high_reject 3.
	grow 0.
	coefficients	9
		1.
		5.
		32.5787239074707
		2014.961791992188
		4185.998246918442
		-33.75727789334804
		-1.095494559935275
		-6.588460975821391E-4
		0.002150965622635399

# Mon 18:56:33 30-Jan-2023
begin	identify iazcomp.0005 - Ap 5
	id	iazcomp.0005
	task	identify
	image	iazcomp.0005 - Ap 5
	aperture	5
	aplow	968.06
	aphigh	975.85
	units	Angstroms
	features	36
	         43.87 4218.66337  4218.6649   4.0 1 1 
	         85.36 4217.42917  4217.4308   4.0 1 1 
	        120.78 4216.36922  4216.3722   4.0 1 1 
	        145.41 4215.62923  4215.6272   4.0 1 1 
	        171.83 4214.83224  4214.8285   4.0 1 1 
	        229.88 4213.07078  4213.0673   4.0 1 1 
	        299.85 4210.92772  4210.9232   4.0 1 1 
	        356.04 4209.19137  4209.1964   4.0 1 1 
	        365.81 4208.88791  4208.8907   4.0 1 1 
	        381.04 4208.41436  4208.4108   4.0 1 1 
	        406.85 4207.60902  4207.6122   4.0 1 1 
	        625.37 4200.67347  4200.6745   4.0 1 1 
	        698.17  4198.3157   4198.317   4.0 1 1 
	        801.28 4194.93538  4194.9318   4.0 1 1 
	        859.18 4193.01648  4193.0164   4.0 1 1 
	        878.88 4192.36028   4192.362   4.0 1 1 
	        918.66  4191.0293  4191.0294   4.0 1 1 
	        928.12 4190.71209  4190.7129   4.0 1 1 
	       1033.69  4187.1416   4187.141   4.0 1 1 
	       1092.18 4185.14155  4185.1447   4.0 1 1 
	       1121.32 4184.13956  4184.1376   4.0 1 1 
	       1186.48  4181.8852  4181.8836   4.0 1 1 
	       1241.72 4179.95901  4179.9601   4.0 1 1 
	       1273.31 4178.85124  4178.8481   4.0 1 1 
	       1287.19 4178.36299  4178.3658   4.0 1 1 
	       1295.74 4178.06205  4178.0597   4.0 1 1 
	       1397.98 4174.43581  4174.4396   4.0 1 1 
	       1506.57 4170.53276  4170.5333   4.0 1 1 
	       1558.78 4168.63762  4168.6341   4.0 1 1 
	       1637.19  4165.7679  4165.7661   4.0 1 1 
	       1680.20 4164.18268  4164.1795   4.0 1 1 
	       1725.40  4162.5074   4162.509   4.0 1 1 
	       1830.20 4158.58812  4158.5905   4.0 1 1 
	       1885.19 4156.51238  4156.5166   4.0 1 1 
	       1932.41 4154.71927  4154.7205   4.0 1 1 
	       2025.66 4151.14906  4151.1453   4.0 1 1 
	function chebyshev
	order 5
	sample *
	naverage 1
	niterate 2000
	low_reject 3.
	high_reject 3.
	grow 0.
	coefficients	9
		1.
		5.
		43.87244796752929
		2025.656860351563
		4186.004117324808
		-33.75609565779905
		-1.099338493650012
		-0.001060148795466646
		0.001432539300613009

# Fri 11:53:22 03-Feb-2023
begin	identify iazcomp.0005 - Ap 5
	id	iazcomp.0005
	task	identify
	image	iazcomp.0005 - Ap 5
	aperture	5
	aplow	968.06
	aphigh	975.85
	units	Angstroms
	features	36
	         42.44 4218.66408  4218.6649   4.0 1 1 
	         83.94 4217.42898  4217.4308   4.0 1 1 
	        119.24 4216.37274  4216.3722   4.0 1 1 
	        144.02 4215.62801  4215.6272   4.0 1 1 
	        170.48 4214.83002  4214.8285   4.0 1 1 
	        228.52 4213.06869  4213.0673   4.0 1 1 
	        298.51 4210.92523  4210.9232   4.0 1 1 
	        354.49 4209.19541  4209.1964   4.0 1 1 
	        364.44 4208.88653  4208.8907   4.0 1 1 
	        379.68 4208.41246  4208.4108   4.0 1 1 
	        405.33 4207.61259  4207.6122   4.0 1 1 
	        624.03 4200.67288  4200.6745   4.0 1 1 
	        696.83 4198.31559   4198.317   4.0 1 1 
	        799.97 4194.93507  4194.9318   4.0 1 1 
	        857.88 4193.01613  4193.0164   4.0 1 1 
	        877.52  4192.3617   4192.362   4.0 1 1 
	        917.36  4191.0294  4191.0294   4.0 1 1 
	        926.81 4190.71235  4190.7129   4.0 1 1 
	       1032.43 4187.14044   4187.141   4.0 1 1 
	       1090.81 4185.14468  4185.1447   4.0 1 1 
	       1120.06   4184.139  4184.1376   4.0 1 1 
	       1185.22 4181.88475  4181.8836   4.0 1 1 
	       1240.44 4179.95917  4179.9601   4.0 1 1 
	       1272.03 4178.85155  4178.8481   4.0 1 1 
	       1285.99 4178.36077  4178.3658   4.0 1 1 
	       1294.51 4178.06079  4178.0597   4.0 1 1 
	       1396.65 4174.43838  4174.4396   4.0 1 1 
	       1505.37 4170.53154  4170.5333   4.0 1 1 
	       1557.60 4168.63558  4168.6341   4.0 1 1 
	       1636.01 4165.76713  4165.7661   4.0 1 1 
	       1678.98 4164.18361  4164.1795   4.0 1 1 
	       1724.21 4162.50764   4162.509   4.0 1 1 
	       1829.05 4158.58926  4158.5905   4.0 1 1 
	       1884.04 4156.51485  4156.5166   4.0 1 1 
	       1931.37 4154.71894  4154.7205   4.0 1 1 
	       2024.74 4151.14736  4151.1453   4.0 1 1 
	function chebyshev
	order 5
	sample *
	naverage 1
	niterate 2000
	low_reject 3.
	high_reject 3.
	grow 0.
	coefficients	9
		1.
		5.
		42.4395523071289
		2024.743164062501
		4186.000818561185
		-33.75836168718789
		-1.097642830731066
		4.847033505229144E-6
		0.002542651950776033

# Mon 14:50:23 06-Feb-2023
begin	identify iazcomp.0005 - Ap 5
	id	iazcomp.0005
	task	identify
	image	iazcomp.0005 - Ap 5
	aperture	5
	aplow	968.06
	aphigh	975.85
	units	Angstroms
	features	36
	         39.87 4218.66324  4218.6649   4.0 1 1 
	         81.31 4217.43024  4217.4308   4.0 1 1 
	        116.71 4216.37115  4216.3722   4.0 1 1 
	        141.39  4215.6295  4215.6272   4.0 1 1 
	        167.90 4214.83021  4214.8285   4.0 1 1 
	        225.94 4213.06953  4213.0673   4.0 1 1 
	        296.04 4210.92352  4210.9232   4.0 1 1 
	        352.00 4209.19495  4209.1964   4.0 1 1 
	        361.95 4208.88634  4208.8907   4.0 1 1 
	        377.10 4208.41533  4208.4108   4.0 1 1 
	        402.92 4207.61031  4207.6122   4.0 1 1 
	        621.64 4200.67291  4200.6745   4.0 1 1 
	        694.47 4198.31544   4198.317   4.0 1 1 
	        797.64 4194.93516  4194.9318   4.0 1 1 
	        855.56 4193.01657  4193.0164   4.0 1 1 
	        875.23 4192.36142   4192.362   4.0 1 1 
	        915.06 4191.02995  4191.0294   4.0 1 1 
	        924.50 4190.71302  4190.7129   4.0 1 1 
	       1030.18 4187.14038   4187.141   4.0 1 1 
	       1088.63 4185.14281  4185.1447   4.0 1 1 
	       1117.83 4184.13897  4184.1376   4.0 1 1 
	       1183.00 4181.88496  4181.8836   4.0 1 1 
	       1238.26 4179.95861  4179.9601   4.0 1 1 
	       1269.84 4178.85137  4178.8481   4.0 1 1 
	       1283.71 4178.36381  4178.3658   4.0 1 1 
	       1292.30 4178.06129  4178.0597   4.0 1 1 
	       1394.51 4174.43727  4174.4396   4.0 1 1 
	       1503.22 4170.53147  4170.5333   4.0 1 1 
	       1555.48 4168.63497  4168.6341   4.0 1 1 
	       1633.90 4165.76655  4165.7661   4.0 1 1 
	       1676.89 4164.18249  4164.1795   4.0 1 1 
	       1722.11 4162.50768   4162.509   4.0 1 1 
	       1826.98 4158.58912  4158.5905   4.0 1 1 
	       1882.02 4156.51357  4156.5166   4.0 1 1 
	       1929.18 4154.72453  4154.7205   4.0 1 1 
	       2022.82 4151.14464  4151.1453   4.0 1 1 
	function chebyshev
	order 5
	sample *
	naverage 1
	niterate 2000
	low_reject 3.
	high_reject 3.
	grow 0.
	coefficients	9
		1.
		5.
		39.86897277832031
		2022.821411132813
		4185.999247973249
		-33.75956436996742
		-1.098412769046337
		2.623750928557492E-4
		0.003106870367068831

# Mon 15:25:02 27-Feb-2023
begin	identify iazcomp.0005 - Ap 5
	id	iazcomp.0005
	task	identify
	image	iazcomp.0005 - Ap 5
	aperture	5
	aplow	968.06
	aphigh	975.85
	units	Angstroms
	features	33
	         44.84 4218.66265  4218.6649   4.0 1 1 
	         86.21 4217.43135  4217.4308   4.0 1 1 
	        121.58 4216.37301  4216.3722   4.0 1 1 
	        172.75 4214.83231  4214.8285   4.0 1 1 
	        230.86 4213.06895  4213.0673   4.0 1 1 
	        300.83 4210.92577  4210.9232   4.0 1 1 
	        356.96 4209.19102  4209.1964   4.0 1 1 
	        366.73 4208.88746  4208.8907   4.0 1 1 
	        381.96 4208.41392  4208.4108   4.0 1 1 
	        407.84 4207.60633  4207.6122   4.0 1 1 
	        626.22 4200.67499  4200.6745   4.0 1 1 
	        699.01 4198.31697   4198.317   4.0 1 1 
	        802.12 4194.93626  4194.9318   4.0 1 1 
	        859.99 4193.01791  4193.0164   4.0 1 1 
	        879.67 4192.36204   4192.362   4.0 1 1 
	        919.49 4191.02992  4191.0294   4.0 1 1 
	        928.93 4190.71308  4190.7129   4.0 1 1 
	       1034.49 4187.14211   4187.141   4.0 1 1 
	       1092.92 4185.14378  4185.1447   4.0 1 1 
	       1122.15 4184.13828  4184.1376   4.0 1 1 
	       1187.29 4181.88403  4181.8836   4.0 1 1 
	       1242.51 4179.95793  4179.9601   4.0 1 1 
	       1274.07 4178.85095  4178.8481   4.0 1 1 
	       1287.96 4178.36241  4178.3658   4.0 1 1 
	       1398.69 4174.43641  4174.4396   4.0 1 1 
	       1507.36 4170.53047  4170.5333   4.0 1 1 
	       1559.58 4168.63492  4168.6341   4.0 1 1 
	       1637.98 4165.76615  4165.7661   4.0 1 1 
	       1680.96 4164.18219  4164.1795   4.0 1 1 
	       1830.97    4158.59  4158.5905   4.0 1 1 
	       1885.97 4156.51537  4156.5166   4.0 1 1 
	       1933.08 4154.72793  4154.7205   4.0 1 1 
	       2026.88 4151.14054  4151.1453   4.0 1 1 
	function chebyshev
	order 5
	sample *
	naverage 1
	niterate 2000
	low_reject 3.
	high_reject 3.
	grow 0.
	coefficients	9
		1.
		5.
		44.83575820922852
		2026.8837890625
		4185.995944814492
		-33.76256685600865
		-1.096857072661022
		0.001509517737232213
		0.002506683193646386

# Tue 13:39:52 16-May-2023
begin	identify iazcomp.0005 - Ap 5
	id	iazcomp.0005
	task	identify
	image	iazcomp.0005 - Ap 5
	aperture	5
	aplow	968.06
	aphigh	975.85
	units	Angstroms
	features	33
	         44.06 4218.66171  4218.6649   4.0 1 1 
	         85.40 4217.43167  4217.4308   4.0 1 1 
	        120.77 4216.37321  4216.3722   4.0 1 1 
	        171.99 4214.83111  4214.8285   4.0 1 1 
	        230.05 4213.06902  4213.0673   4.0 1 1 
	        300.04 4210.92573  4210.9232   4.0 1 1 
	        356.03 4209.19552  4209.1964   4.0 1 1 
	        365.99 4208.88645  4208.8907   4.0 1 1 
	        381.19 4208.41349  4208.4108   4.0 1 1 
	        407.03 4207.60765  4207.6122   4.0 1 1 
	        625.53 4200.67374  4200.6745   4.0 1 1 
	        698.34 4198.31589   4198.317   4.0 1 1 
	        801.46 4194.93583  4194.9318   4.0 1 1 
	        859.36 4193.01702  4193.0164   4.0 1 1 
	        879.00 4192.36256   4192.362   4.0 1 1 
	        918.85 4191.02963  4191.0294   4.0 1 1 
	        928.28 4190.71302  4190.7129   4.0 1 1 
	       1033.93 4187.13983   4187.141   4.0 1 1 
	       1092.40 4185.14075  4185.1447   4.0 1 1 
	       1121.52 4184.13945  4184.1376   4.0 1 1 
	       1186.67 4181.88516  4181.8836   4.0 1 1 
	       1241.91 4179.95893  4179.9601   4.0 1 1 
	       1273.48 4178.85182  4178.8481   4.0 1 1 
	       1287.34 4178.36421  4178.3658   4.0 1 1 
	       1398.10 4174.43762  4174.4396   4.0 1 1 
	       1506.78 4170.53167  4170.5333   4.0 1 1 
	       1559.04 4168.63459  4168.6341   4.0 1 1 
	       1637.41 4165.76669  4165.7661   4.0 1 1 
	       1680.40 4164.18222  4164.1795   4.0 1 1 
	       1830.40 4158.58937  4158.5905   4.0 1 1 
	       1885.40 4156.51413  4156.5166   4.0 1 1 
	       1932.61 4154.72224  4154.7205   4.0 1 1 
	       2026.10 4151.14548  4151.1453   4.0 1 1 
	function chebyshev
	order 5
	sample *
	naverage 1
	niterate 2000
	low_reject 3.
	high_reject 3.
	grow 0.
	coefficients	9
		1.
		5.
		44.06259918212891
		2026.1025390625
		4185.999701504722
		-33.75815178761533
		-1.098573310446133
		3.834277018655263E-5
		0.00246584479022712

# Mon 15:28:09 14-Aug-2023
begin	identify iazcomp.0005 - Ap 5
	id	iazcomp.0005
	task	identify
	image	iazcomp.0005 - Ap 5
	aperture	5
	aplow	968.06
	aphigh	975.85
	units	Angstroms
	features	32
	         47.81 4218.66269  4218.6649   4.0 1 1 
	         89.16 4217.43079  4217.4308   4.0 1 1 
	        124.42  4216.3749  4216.3722   4.0 1 1 
	        175.70 4214.82983  4214.8285   4.0 1 1 
	        233.79 4213.06572  4213.0673   4.0 1 1 
	        303.74 4210.92251  4210.9232   4.0 1 1 
	        359.57 4209.19668  4209.1964   4.0 1 1 
	        369.64  4208.8839  4208.8907   4.0 1 0 
	        384.89  4208.4095  4208.4108   4.0 1 1 
	        410.33 4207.61565  4207.6122   4.0 1 1 
	        629.08 4200.67202  4200.6745   4.0 1 1 
	        701.87 4198.31456   4198.317   4.0 1 1 
	        804.95 4194.93491  4194.9318   4.0 1 1 
	        862.82 4193.01647  4193.0164   4.0 1 1 
	        882.46 4192.36173   4192.362   4.0 1 1 
	        922.28 4191.02937  4191.0294   4.0 1 1 
	        931.72 4190.71266  4190.7129   4.0 1 1 
	       1037.31 4187.14024   4187.141   4.0 1 1 
	       1095.68 4185.14386  4185.1447   4.0 1 1 
	       1124.92 4184.13791  4184.1376   4.0 1 1 
	       1190.00 4181.88505  4181.8836   4.0 1 1 
	       1245.19 4179.95985  4179.9601   4.0 1 1 
	       1276.81 4178.85035  4178.8481   4.0 1 1 
	       1290.61   4178.365  4178.3658   4.0 1 1 
	       1401.27 4174.44034  4174.4396   4.0 1 1 
	       1509.99 4170.53088  4170.5333   4.0 1 1 
	       1562.22 4168.63427  4168.6341   4.0 1 1 
	       1640.58 4165.76573  4165.7661   4.0 1 1 
	       1683.56 4164.18126  4164.1795   4.0 1 1 
	       1833.51 4158.58909  4158.5905   4.0 1 1 
	       1888.48 4156.51497  4156.5166   4.0 1 1 
	       1935.71 4154.72259  4154.7205   4.0 1 1 
	function chebyshev
	order 5
	sample *
	naverage 1
	niterate 2000
	low_reject 3.
	high_reject 3.
	grow 0.
	coefficients	9
		1.
		5.
		47.80588531494141
		1935.711791992188
		4187.687067361491
		-31.96917678465416
		-0.9974659783828111
		-8.747512575808291E-4
		0.003039019352642925

# Mon 16:08:19 14-Aug-2023
begin	identify iazcomp.0005 - Ap 5
	id	iazcomp.0005
	task	identify
	image	iazcomp.0005 - Ap 5
	aperture	5
	aplow	968.06
	aphigh	975.85
	units	Angstroms
	features	32
	         47.65 4218.66449  4218.6649   4.0 1 1 
	         88.98 4217.43426  4217.4308   4.0 1 1 
	        124.59 4216.36838  4216.3722   4.0 1 1 
	        175.74 4214.82823  4214.8285   4.0 1 1 
	        233.73 4213.06793  4213.0673   4.0 1 1 
	        303.73  4210.9239  4210.9232   4.0 1 1 
	        359.56 4209.19812  4209.1964   4.0 1 1 
	        369.62 4208.88595  4208.8907   4.0 1 1 
	        384.88 4208.41099  4208.4108   4.0 1 1 
	        410.38 4207.61559  4207.6122   4.0 1 1 
	        629.10  4200.6734  4200.6745   4.0 1 1 
	        701.89  4198.3156   4198.317   4.0 1 1 
	        805.01  4194.9347  4194.9318   4.0 1 1 
	        862.89 4193.01635  4193.0164   4.0 1 1 
	        882.56 4192.36073   4192.362   4.0 1 1 
	        922.35 4191.02948  4191.0294   4.0 1 1 
	        931.78 4190.71291  4190.7129   4.0 1 1 
	       1037.36 4187.14153   4187.141   4.0 1 1 
	       1095.78 4185.14385  4185.1447   4.0 1 1 
	       1125.01 4184.13863  4184.1376   4.0 1 1 
	       1190.13  4181.8849  4181.8836   4.0 1 1 
	       1245.40 4179.95721  4179.9601   4.0 1 1 
	       1276.96 4178.85023  4178.8481   4.0 1 1 
	       1290.80 4178.36354  4178.3658   4.0 1 1 
	       1401.45 4174.44035  4174.4396   4.0 1 1 
	       1510.20 4170.53144  4170.5333   4.0 1 1 
	       1562.43 4168.63519  4168.6341   4.0 1 1 
	       1640.81 4165.76654  4165.7661   4.0 1 1 
	       1683.79  4164.1823  4164.1795   4.0 1 1 
	       1833.80 4158.58862  4158.5905   4.0 1 1 
	       1888.80 4156.51326  4156.5166   4.0 1 1 
	       1935.95  4154.7235  4154.7205   4.0 1 1 
	function chebyshev
	order 5
	sample *
	naverage 1
	niterate 2000
	low_reject 3.
	high_reject 3.
	grow 0.
	coefficients	9
		1.
		5.
		47.64565658569336
		1935.94775390625
		4187.689581389257
		-31.96986432291287
		-0.9975483191433286
		-6.284678383152026E-4
		0.001962517582508725

