# Tue 22:47:58 07-Sep-2021
begin	identify iazcomp.0047 - Ap 47
	id	iazcomp.0047
	task	identify
	image	iazcomp.0047 - Ap 47
	aperture	47
	aplow	1580.34
	aphigh	1588.98
	units	Angstroms
	features	16
	         89.37 8335.70535  8335.7067   4.0 1 1 
	        177.67 8330.45051  8330.4494   4.0 1 1 
	        336.02 8320.85425  8320.8554   4.0 1 1 
	        484.87 8311.63275  8311.6306   4.0 1 1 
	        712.10 8297.17712  8297.1765   4.0 1 1 
	        846.45 8288.41585  8288.4143   4.0 1 1 
	       1038.35 8275.62471  8275.6266   4.0 1 1 
	       1251.84 8261.01027  8261.0143   4.0 1 1 
	       1273.37 8259.51401   8259.511   4.0 1 1 
	       1357.73 8253.61196  8253.6156   4.0 1 1 
	       1375.05 8252.39198  8252.3936   4.0 1 1 
	       1618.82 8234.94457  8234.9381   4.0 1 1 
	       1667.37 8231.40617  8231.4069   4.0 1 1 
	       1859.10 8217.22956  8217.2264   4.0 1 1 
	       1962.54 8209.44524  8209.4461   4.0 1 1 
	       1988.51 8207.47568  8207.4785   4.0 1 1 
	function chebyshev
	order 4
	sample *
	naverage 1
	niterate 0
	low_reject 3.
	high_reject 3.
	grow 0.
	coefficients	8
		1.
		4.
		89.36552429199219
		1988.5126953125
		8273.587563696931
		-64.11314579200267
		-1.997047775683426
		-0.001689536922923614

# Fri 11:16:13 11-Mar-2022
begin	identify iazcomp.0047 - Ap 47
	id	iazcomp.0047
	task	identify
	image	iazcomp.0047 - Ap 47
	aperture	47
	aplow	1580.34
	aphigh	1588.98
	units	Angstroms
	features	14
	         72.99  8335.7061  8335.7067   4.0 1 1 
	        161.33  8330.4499  8330.4494   4.0 1 1 
	        319.71 8320.85457  8320.8554   4.0 1 1 
	        695.88 8297.18082  8297.1765   4.0 1 1 
	       1022.35 8275.62319  8275.6266   4.0 1 1 
	       1236.06 8261.00172  8261.0143   4.0 1 1 
	       1257.45 8259.51614   8259.511   4.0 1 1 
	       1325.68 8254.75029  8254.7422   4.0 1 1 
	       1341.81 8253.61766  8253.6156   4.0 1 1 
	       1359.25  8252.3905  8252.3936   4.0 1 1 
	       1651.72 8231.40607  8231.4069   4.0 1 1 
	       1843.55 8217.23087  8217.2264   4.0 1 1 
	       1947.07 8209.44531  8209.4461   4.0 1 1 
	       1973.06 8207.47607  8207.4785   4.0 1 1 
	function chebyshev
	order 4
	sample *
	naverage 1
	niterate 0
	low_reject 3.
	high_reject 3.
	grow 0.
	coefficients	8
		1.
		4.
		72.99320983886719
		1973.056518554687
		8273.5844435413
		-64.11283584754592
		-1.993359114658199
		-0.002183506325561225

# Tue 15:32:42 29-Mar-2022
begin	identify iazcomp.0047 - Ap 47
	id	iazcomp.0047
	task	identify
	image	iazcomp.0047 - Ap 47
	aperture	47
	aplow	1580.34
	aphigh	1588.98
	units	Angstroms
	features	14
	         73.63  8335.7084  8335.7067   4.0 1 1 
	        162.07 8330.44689  8330.4494   4.0 1 1 
	        320.40 8320.85464  8320.8554   4.0 1 1 
	        696.55 8297.18126  8297.1765   4.0 1 1 
	       1022.99 8275.62438  8275.6266   4.0 1 1 
	       1236.63 8261.00619  8261.0143   4.0 1 1 
	       1258.10 8259.51493   8259.511   4.0 1 1 
	       1326.35 8254.74675  8254.7422   4.0 1 1 
	       1342.49 8253.61315  8253.6156   4.0 1 1 
	       1359.84 8252.39249  8252.3936   4.0 1 1 
	       1652.27 8231.40899  8231.4069   4.0 1 1 
	       1844.14 8217.22965  8217.2264   4.0 1 1 
	       1947.66 8209.44382  8209.4461   4.0 1 1 
	       1973.60 8207.47765  8207.4785   4.0 1 1 
	function chebyshev
	order 4
	sample *
	naverage 1
	niterate 0
	low_reject 3.
	high_reject 3.
	grow 0.
	coefficients	8
		1.
		4.
		73.63088226318359
		1973.604858398438
		8273.587420620769
		-64.1137690878206
		-1.994394917481301
		-0.001610191889292308

# Mon 19:20:35 30-Jan-2023
begin	identify iazcomp.0047 - Ap 47
	id	iazcomp.0047
	task	identify
	image	iazcomp.0047 - Ap 47
	aperture	47
	aplow	1580.34
	aphigh	1588.98
	units	Angstroms
	features	18
	         86.79 8335.69829  8335.7067   4.0 1 1 
	        174.87 8330.45622  8330.4494   4.0 1 1 
	        333.28 8320.85727  8320.8554   4.0 1 1 
	        482.11 8311.63776  8311.6306   4.0 1 1 
	        709.47 8297.17665  8297.1765   4.0 1 1 
	        734.72 8295.54217  8295.5497   4.0 1 1 
	        843.82 8288.41632  8288.4143   4.0 1 1 
	       1035.78  8275.6238  8275.6266   4.0 1 1 
	       1249.37 8261.00564  8261.0143   4.0 1 1 
	       1270.84  8259.5142   8259.511   4.0 1 1 
	       1339.09 8254.74512  8254.7422   4.0 1 1 
	       1355.19 8253.61402  8253.6156   4.0 1 1 
	       1372.54 8252.39197  8252.3936   4.0 1 1 
	       1616.36 8234.94375  8234.9381   4.0 1 1 
	       1664.86  8231.4105  8231.4069   4.0 1 1 
	       1856.67 8217.22941  8217.2264   4.0 1 1 
	       1960.15 8209.44295  8209.4461   4.0 1 1 
	       1986.10 8207.47586  8207.4785   4.0 1 1 
	function chebyshev
	order 4
	sample *
	naverage 1
	niterate 0
	low_reject 3.
	high_reject 3.
	grow 0.
	coefficients	8
		1.
		4.
		86.78593444824219
		1986.096435546875
		8273.583044086242
		-64.10857610656209
		-1.995965117987954
		-0.002639604239194775

# Fri 11:54:42 03-Feb-2023
begin	identify iazcomp.0047 - Ap 47
	id	iazcomp.0047
	task	identify
	image	iazcomp.0047 - Ap 47
	aperture	47
	aplow	1580.34
	aphigh	1588.98
	units	Angstroms
	features	18
	         85.29 8335.70064  8335.7067   4.0 1 1 
	        173.48 8330.45427  8330.4494   4.0 1 1 
	        331.89 8320.85941  8320.8554   4.0 1 1 
	        480.90 8311.63099  8311.6306   4.0 1 1 
	        708.08 8297.18411  8297.1765   4.0 1 1 
	        733.47 8295.54105  8295.5497   4.0 1 1 
	        842.65  8288.4111  8288.4143   4.0 1 1 
	       1034.53  8275.6249  8275.6266   4.0 1 1 
	       1248.08  8261.0108  8261.0143   4.0 1 1 
	       1269.62 8259.51396   8259.511   4.0 1 1 
	       1337.85 8254.74693  8254.7422   4.0 1 1 
	       1353.96 8253.61519  8253.6156   4.0 1 1 
	       1371.33 8252.39223  8252.3936   4.0 1 1 
	       1615.27 8234.93697  8234.9381   4.0 1 1 
	       1663.72 8231.40765  8231.4069   4.0 1 1 
	       1855.50 8217.23111  8217.2264   4.0 1 1 
	       1959.01  8209.4434  8209.4461   4.0 1 1 
	       1984.95 8207.47719  8207.4785   4.0 1 1 
	function chebyshev
	order 4
	sample *
	naverage 1
	niterate 0
	low_reject 3.
	high_reject 3.
	grow 0.
	coefficients	8
		1.
		4.
		85.28636169433593
		1984.948608398438
		8273.586982640998
		-64.11041092667967
		-1.998066055916278
		-0.001313493981355769

# Mon 14:52:26 06-Feb-2023
begin	identify iazcomp.0047 - Ap 47
	id	iazcomp.0047
	task	identify
	image	iazcomp.0047 - Ap 47
	aperture	47
	aplow	1580.34
	aphigh	1588.98
	units	Angstroms
	features	16
	         82.78 8335.69992  8335.7067   4.0 1 1 
	        170.97 8330.45515  8330.4494   4.0 1 1 
	        329.42 8320.85965  8320.8554   4.0 1 1 
	        705.80 8297.17891  8297.1765   4.0 1 1 
	        840.39 8288.40677  8288.4143   4.0 1 1 
	       1032.26 8275.62436  8275.6266   4.0 1 1 
	       1245.83  8261.0134  8261.0143   4.0 1 1 
	       1267.46 8259.51122   8259.511   4.0 1 1 
	       1335.63 8254.74916  8254.7422   4.0 1 1 
	       1351.76 8253.61593  8253.6156   4.0 1 1 
	       1369.16 8252.39179  8252.3936   4.0 1 1 
	       1613.15 8234.93738  8234.9381   4.0 1 1 
	       1661.63 8231.40673  8231.4069   4.0 1 1 
	       1853.48 8217.22846  8217.2264   4.0 1 1 
	       1956.92 8209.44826  8209.4461   4.0 1 1 
	       1982.96 8207.47453  8207.4785   4.0 1 1 
	function chebyshev
	order 4
	sample *
	naverage 1
	niterate 0
	low_reject 3.
	high_reject 3.
	grow 0.
	coefficients	8
		1.
		4.
		82.77960968017576
		1982.960815429687
		8273.585340544548
		-64.11110511427274
		-1.998116457305396
		-0.001589698257503061

# Mon 15:31:58 27-Feb-2023
begin	identify iazcomp.0047 - Ap 47
	id	iazcomp.0047
	task	identify
	image	iazcomp.0047 - Ap 47
	aperture	47
	aplow	1580.34
	aphigh	1588.98
	units	Angstroms
	features	12
	         87.80 8335.69956  8335.7067   4.0 1 1 
	        175.81 8330.45735  8330.4494   4.0 1 1 
	        334.13 8320.85682  8320.8554   4.0 1 1 
	        710.19 8297.17578  8297.1765   4.0 1 1 
	       1036.48 8275.62191  8275.6266   4.0 1 1 
	       1249.86 8261.01795  8261.0143   4.0 1 1 
	       1355.86 8253.61295  8253.6156   4.0 1 1 
	       1373.20 8252.39227  8252.3936   4.0 1 1 
	       1617.02 8234.94318  8234.9381   4.0 1 1 
	       1665.54 8231.40763  8231.4069   4.0 1 1 
	       1960.77 8209.44112  8209.4461   4.0 1 1 
	       1986.61 8207.48118  8207.4785   4.0 1 1 
	function chebyshev
	order 4
	sample *
	naverage 1
	niterate 0
	low_reject 3.
	high_reject 3.
	grow 0.
	coefficients	8
		1.
		4.
		87.80108642578123
		1986.609008789063
		8273.58150308925
		-64.10372318584575
		-1.99113494836656
		-0.005466845086148982

# Tue 13:41:25 16-May-2023
begin	identify iazcomp.0047 - Ap 47
	id	iazcomp.0047
	task	identify
	image	iazcomp.0047 - Ap 47
	aperture	47
	aplow	1580.34
	aphigh	1588.98
	units	Angstroms
	features	12
	         86.54 8335.70827  8335.7067   4.0 1 1 
	        174.95 8330.44857  8330.4494   4.0 1 1 
	        333.35 8320.85279  8320.8554   4.0 1 1 
	        709.46 8297.18012  8297.1765   4.0 1 1 
	       1035.81 8275.62504  8275.6266   4.0 1 1 
	       1249.28 8261.01531  8261.0143   4.0 1 1 
	       1355.23 8253.61424  8253.6156   4.0 1 1 
	       1372.59 8252.39206  8252.3936   4.0 1 1 
	       1616.45 8234.94043  8234.9381   4.0 1 1 
	       1664.95 8231.40676  8231.4069   4.0 1 1 
	       1960.19 8209.44456  8209.4461   4.0 1 1 
	       1986.11 8207.47957  8207.4785   4.0 1 1 
	function chebyshev
	order 4
	sample *
	naverage 1
	niterate 0
	low_reject 3.
	high_reject 3.
	grow 0.
	coefficients	8
		1.
		4.
		86.53920745849609
		1986.108276367187
		8273.592170767191
		-64.1129877366515
		-1.998253187946367
		-0.001361482848896242

# Mon 15:29:58 14-Aug-2023
begin	identify iazcomp.0047 - Ap 47
	id	iazcomp.0047
	task	identify
	image	iazcomp.0047 - Ap 47
	aperture	47
	aplow	1580.34
	aphigh	1588.98
	units	Angstroms
	features	12
	         90.32 8335.70654  8335.7067   4.0 1 1 
	        178.66 8330.44817  8330.4494   4.0 1 1 
	        336.90 8320.85737  8320.8554   4.0 1 1 
	        712.98 8297.17704  8297.1765   4.0 1 1 
	       1039.17 8275.62495  8275.6266   4.0 1 1 
	       1252.57 8261.01488  8261.0143   4.0 1 1 
	       1358.49 8253.61373  8253.6156   4.0 1 1 
	       1375.82 8252.39328  8252.3936   4.0 1 1 
	       1619.63 8234.94022  8234.9381   4.0 1 1 
	       1668.09 8231.40804  8231.4069   4.0 1 1 
	       1963.26 8209.44452  8209.4461   4.0 1 1 
	       1989.18 8207.47896  8207.4785   4.0 1 1 
	function chebyshev
	order 4
	sample *
	naverage 1
	niterate 0
	low_reject 3.
	high_reject 3.
	grow 0.
	coefficients	8
		1.
		4.
		90.32154846191406
		1989.180541992187
		8273.589117848698
		-64.11201532001267
		-1.996369328104027
		-0.001773514113058196

# Mon 16:10:13 14-Aug-2023
begin	identify iazcomp.0047 - Ap 47
	id	iazcomp.0047
	task	identify
	image	iazcomp.0047 - Ap 47
	aperture	47
	aplow	1580.34
	aphigh	1588.98
	units	Angstroms
	features	12
	         90.72 8335.69794  8335.7067   4.0 1 1 
	        178.69  8330.4566  8330.4494   4.0 1 1 
	        336.91 8320.86026  8320.8554   4.0 1 1 
	        712.96 8297.17756  8297.1765   4.0 1 1 
	       1039.31 8275.62024  8275.6266   4.0 1 1 
	       1252.78 8261.01077  8261.0143   4.0 1 1 
	       1358.70 8253.61207  8253.6156   4.0 1 1 
	       1375.99 8252.39481  8252.3936   4.0 1 1 
	       1619.77 8234.94846  8234.9381   4.0 1 1 
	       1668.34 8231.40869  8231.4069   4.0 1 1 
	       1963.52 8209.44393  8209.4461   4.0 1 1 
	       1989.45 8207.47637  8207.4785   4.0 1 1 
	function chebyshev
	order 4
	sample *
	naverage 1
	niterate 0
	low_reject 3.
	high_reject 3.
	grow 0.
	coefficients	8
		1.
		4.
		90.72398376464843
		1989.454956054688
		8273.577333722252
		-64.1037614014114
		-1.990176667373402
		-0.007024148868159743

