# Tue 22:33:45 07-Sep-2021
begin	identify iazcomp.0006 - Ap 6
	id	iazcomp.0006
	task	identify
	image	iazcomp.0006 - Ap 6
	aperture	6
	aplow	989.17
	aphigh	996.98
	units	Angstroms
	features	51
	        124.22 4266.52596  4266.5271   4.0 1 1 
	        132.12 4266.28615  4266.2864   4.0 1 1 
	        325.22 4260.33488   4260.333   4.0 1 1 
	        356.26 4259.36257  4259.3619   4.0 1 1 
	        382.97 4258.52235  4258.5204   4.0 1 1 
	        415.45 4257.49647  4257.4963   4.0 1 1 
	        454.65 4256.25209  4256.2537   4.0 1 1 
	        486.44 4255.23763  4255.2373   4.0 1 1 
	        539.44 4253.53657  4253.5385   4.0 1 1 
	        612.05 4251.18521  4251.1846   4.0 1 1 
	        624.63 4250.77537  4250.7749   4.0 1 1 
	        638.75 4250.31455  4250.3146   4.0 1 1 
	        658.25 4249.67672  4249.6791   4.0 1 1 
	        697.32  4248.3933  4248.3908   4.0 1 1 
	        721.49  4247.5959  4247.5988   4.0 1 1 
	        831.57 4243.93088  4243.9241   4.0 1 1 
	        851.59 4243.25841  4243.2611   4.0 1 1 
	        867.59 4242.71994  4242.7197   4.0 1 1 
	        915.69 4241.09314  4241.0948   4.0 1 1 
	        930.32 4240.59641  4240.5947   4.0 1 1 
	       1029.07 4237.21738  4237.2198   4.0 1 1 
	       1079.89 4235.46103  4235.4636   4.0 1 1 
	       1142.35  4233.2863  4233.2873   4.0 1 1 
	       1212.53 4230.82196  4230.8242   4.0 1 1 
	       1223.78  4230.4247  4230.4267   4.0 1 1 
	       1239.55  4229.8672  4229.8644   4.0 1 1 
	       1251.17 4229.45549  4229.4545   4.0 1 1 
	       1259.86 4229.14712  4229.1477   4.0 1 1 
	       1287.68   4228.158   4228.158   4.0 1 1 
	       1309.29 4227.38708  4227.3872   4.0 1 1 
	       1320.46 4226.98791  4226.9876   4.0 1 1 
	       1339.69 4226.29946  4226.2994   4.0 1 1 
	       1396.94 4224.23948  4224.2413   4.0 1 1 
	       1418.93 4223.44413  4223.4403   4.0 1 1 
	       1441.15 4222.63822  4222.6373   4.0 1 1 
	       1481.91 4221.15454   4221.153   4.0 1 1 
	       1493.48  4220.7318  4220.7323   4.0 1 1 
	       1511.55 4220.07064  4220.0651   4.0 1 1 
	       1549.86 4218.66379  4218.6649   4.0 1 1 
	       1583.24 4217.43303  4217.4308   4.0 1 1 
	       1611.89 4216.37223  4216.3722   4.0 1 1 
	       1620.06 4216.06918  4216.0698   4.0 1 1 
	       1653.38 4214.82991  4214.8285   4.0 1 1 
	       1692.44 4213.37069  4213.3779   4.0 1 1 
	       1700.50 4213.06849  4213.0673   4.0 1 1 
	       1757.51 4210.92451  4210.9232   4.0 1 1 
	       1811.35 4208.88612  4208.8907   4.0 1 1 
	       1823.83 4208.41194  4208.4108   4.0 1 1 
	       1938.00 4204.04071  4204.0413   4.0 1 1 
	       1991.65  4201.9666  4201.9715   4.0 1 1 
	       2024.74  4200.6808  4200.6745   4.0 1 1 
	function chebyshev
	order 5
	sample *
	naverage 1
	niterate 2000
	low_reject 3.
	high_reject 3.
	grow 0.
	coefficients	9
		1.
		5.
		124.2202911376953
		2024.740600585938
		4234.624885061667
		-32.92339818472025
		-1.022594562558502
		8.171888233421327E-4
		0.001087842399600991

# Fri 10:44:36 11-Mar-2022
begin	identify iazcomp.0006 - Ap 6
	id	iazcomp.0006
	task	identify
	image	iazcomp.0006 - Ap 6
	aperture	6
	aplow	989.17
	aphigh	996.98
	units	Angstroms
	features	51
	        109.30 4266.52726  4266.5271   4.0 1 1 
	        117.21 4266.28693  4266.2864   4.0 1 1 
	        213.09 4263.35314  4263.3561   4.0 1 1 
	        237.00 4262.61511  4262.6124   4.0 1 1 
	        289.55 4260.98433  4260.9845   4.0 1 1 
	        310.42 4260.33318   4260.333   4.0 1 1 
	        341.42 4259.36246  4259.3619   4.0 1 1 
	        368.17 4258.52127  4258.5204   4.0 1 1 
	        387.99 4257.89613  4257.8982   4.0 1 1 
	        400.60 4257.49752  4257.4963   4.0 1 1 
	        439.85 4256.25172  4256.2537   4.0 1 1 
	        471.66 4255.23696  4255.2373   4.0 1 1 
	        524.64 4253.53723  4253.5385   4.0 1 1 
	        597.34 4251.18403  4251.1846   4.0 1 1 
	        609.90 4250.77503  4250.7749   4.0 1 1 
	        624.00 4250.31509  4250.3146   4.0 1 1 
	        643.44 4249.67943  4249.6791   4.0 1 1 
	        682.59 4248.39404  4248.3908   4.0 1 1 
	        706.74 4247.59798  4247.5988   4.0 1 1 
	        836.91 4243.26032  4243.2611   4.0 1 1 
	        852.88 4242.72306  4242.7197   4.0 1 1 
	        901.09  4241.0935  4241.0948   4.0 1 1 
	        915.67 4240.59849  4240.5947   4.0 1 1 
	       1014.53 4237.21787  4237.2198   4.0 1 1 
	       1048.52 4236.04508  4236.0471   4.0 1 1 
	       1065.37 4235.46181  4235.4636   4.0 1 1 
	       1127.97 4233.28389  4233.2873   4.0 1 1 
	       1198.00  4230.8261  4230.8242   4.0 1 1 
	       1209.33 4230.42615  4230.4267   4.0 1 1 
	       1236.81 4229.45421  4229.4545   4.0 1 1 
	       1245.47 4229.14736  4229.1477   4.0 1 1 
	       1245.45  4229.1478  4229.1477   4.0 1 1 
	       1273.28 4228.15894   4228.158   4.0 1 1 
	       1294.93 4227.38716  4227.3872   4.0 1 1 
	       1306.09 4226.98877  4226.9876   4.0 1 1 
	       1325.34 4226.29964  4226.2994   4.0 1 1 
	       1372.19 4224.61596  4224.6151   4.0 1 1 
	       1382.64 4224.23912  4224.2413   4.0 1 1 
	       1426.87 4222.63838  4222.6373   4.0 1 1 
	       1467.68 4221.15323   4221.153   4.0 1 1 
	       1479.14  4220.7349  4220.7323   4.0 1 1 
	       1535.63 4218.66432  4218.6649   4.0 1 1 
	       1569.03 4217.43303  4217.4308   4.0 1 1 
	       1597.81  4216.3683  4216.3722   4.0 1 1 
	       1605.86 4216.06957  4216.0698   4.0 1 1 
	       1639.21 4214.82985  4214.8285   4.0 1 1 
	       1686.39 4213.06729  4213.0673   4.0 1 1 
	       1743.46 4210.92161  4210.9232   4.0 1 1 
	       1797.31 4208.88377  4208.8907   4.0 1 0 
	       1809.74 4208.41163  4208.4108   4.0 1 1 
	       2010.87 4200.67452  4200.6745   4.0 1 1 
	function chebyshev
	order 5
	sample *
	naverage 1
	niterate 2000
	low_reject 3.
	high_reject 3.
	grow 0.
	coefficients	9
		1.
		5.
		109.2960433959961
		2010.872802734375
		4234.621922160328
		-32.92603390521426
		-1.022073757611403
		-3.338937200795246E-4
		0.001040529055414665

# Tue 15:08:17 29-Mar-2022
begin	identify iazcomp.0006 - Ap 6
	id	iazcomp.0006
	task	identify
	image	iazcomp.0006 - Ap 6
	aperture	6
	aplow	989.17
	aphigh	996.98
	units	Angstroms
	features	51
	        110.02 4266.52665  4266.5271   4.0 1 1 
	        117.92 4266.28681  4266.2864   4.0 1 1 
	        213.67 4263.35751  4263.3561   4.0 1 1 
	        237.91 4262.60941  4262.6124   4.0 1 1 
	        290.41 4260.98025  4260.9845   4.0 1 1 
	        311.04 4260.33656   4260.333   4.0 1 1 
	        342.12 4259.36348  4259.3619   4.0 1 1 
	        368.87 4258.52214  4258.5204   4.0 1 1 
	        388.67 4257.89771  4257.8982   4.0 1 1 
	        401.31 4257.49803  4257.4963   4.0 1 1 
	        440.54 4256.25285  4256.2537   4.0 1 1 
	        472.37 4255.23764  4255.2373   4.0 1 1 
	        525.35 4253.53735  4253.5385   4.0 1 1 
	        597.99 4251.18588  4251.1846   4.0 1 1 
	        610.64 4250.77391  4250.7749   4.0 1 1 
	        624.68 4250.31583  4250.3146   4.0 1 1 
	        644.27 4249.67525  4249.6791   4.0 1 1 
	        683.28 4248.39432  4248.3908   4.0 1 1 
	        707.42 4247.59811  4247.5988   4.0 1 1 
	        837.62 4243.25888  4243.2611   4.0 1 1 
	        853.61 4242.72074  4242.7197   4.0 1 1 
	        901.70 4241.09515  4241.0948   4.0 1 1 
	        916.33 4240.59824  4240.5947   4.0 1 1 
	       1015.16 4237.21806  4237.2198   4.0 1 1 
	       1049.20 4236.04353  4236.0471   4.0 1 1 
	       1066.00 4235.46205  4235.4636   4.0 1 1 
	       1128.50 4233.28706  4233.2873   4.0 1 1 
	       1198.73 4230.82185  4230.8242   4.0 1 1 
	       1209.95  4230.4259  4230.4267   4.0 1 1 
	       1237.43 4229.45402  4229.4545   4.0 1 1 
	       1246.07 4229.14758  4229.1477   4.0 1 1 
	       1246.07 4229.14758  4229.1477   4.0 1 1 
	       1273.90 4228.15862   4228.158   4.0 1 1 
	       1295.54  4227.3871  4227.3872   4.0 1 1 
	       1306.70 4226.98861  4226.9876   4.0 1 1 
	       1325.88 4226.30201  4226.2994   4.0 1 1 
	       1372.70 4224.61915  4224.6151   4.0 1 1 
	       1383.17 4224.24159  4224.2413   4.0 1 1 
	       1427.46 4222.63867  4222.6373   4.0 1 1 
	       1468.02 4221.16277   4221.153   4.0 1 0 
	       1479.81 4220.73217  4220.7323   4.0 1 1 
	       1536.20 4218.66502  4218.6649   4.0 1 1 
	       1569.63  4217.4327  4217.4308   4.0 1 1 
	       1598.32 4216.37112  4216.3722   4.0 1 1 
	       1606.52 4216.06701  4216.0698   4.0 1 1 
	       1639.79 4214.83032  4214.8285   4.0 1 1 
	       1686.94 4213.06859  4213.0673   4.0 1 1 
	       1743.98 4210.92444  4210.9232   4.0 1 1 
	       1797.88 4208.88494  4208.8907   4.0 1 1 
	       1810.40 4208.40927  4208.4108   4.0 1 1 
	       2011.40 4200.67673  4200.6745   4.0 1 1 
	function chebyshev
	order 5
	sample *
	naverage 1
	niterate 2000
	low_reject 3.
	high_reject 3.
	grow 0.
	coefficients	9
		1.
		5.
		110.0200653076172
		2011.404418945312
		4234.622717414043
		-32.92525839359637
		-1.02172214398233
		2.981264753215671E-4
		6.959899710599016E-4

# Mon 18:57:20 30-Jan-2023
begin	identify iazcomp.0006 - Ap 6
	id	iazcomp.0006
	task	identify
	image	iazcomp.0006 - Ap 6
	aperture	6
	aplow	989.17
	aphigh	996.98
	units	Angstroms
	features	52
	        121.43 4266.52612  4266.5271   4.0 1 1 
	        129.32 4266.28665  4266.2864   4.0 1 1 
	        225.10 4263.35603  4263.3561   4.0 1 1 
	        301.61 4260.98595  4260.9845   4.0 1 1 
	        322.47 4260.33502   4260.333   4.0 1 1 
	        353.52 4259.36266  4259.3619   4.0 1 1 
	        380.28 4258.52128  4258.5204   4.0 1 1 
	        400.15 4257.89426  4257.8982   4.0 1 1 
	        412.70 4257.49729  4257.4963   4.0 1 1 
	        451.91 4256.25271  4256.2537   4.0 1 1 
	        483.73 4255.23774  4255.2373   4.0 1 1 
	        536.76 4253.53604  4253.5385   4.0 1 1 
	        609.38 4251.18469  4251.1846   4.0 1 1 
	        622.00 4250.77394  4250.7749   4.0 1 1 
	        636.07 4250.31456  4250.3146   4.0 1 1 
	        655.53 4249.67821  4249.6791   4.0 1 1 
	        694.65 4248.39349  4248.3908   4.0 1 1 
	        718.79 4247.59731  4247.5988   4.0 1 1 
	        829.04  4243.9276  4243.9241   4.0 1 1 
	        848.95 4243.25892  4243.2611   4.0 1 1 
	        864.84  4242.7239  4242.7197   4.0 1 1 
	        913.06 4241.09375  4241.0948   4.0 1 1 
	        927.68 4240.59705  4240.5947   4.0 1 1 
	       1026.48  4237.2171  4237.2198   4.0 1 1 
	       1060.38 4236.04704  4236.0471   4.0 1 1 
	       1077.30 4235.46105  4235.4636   4.0 1 1 
	       1139.76 4233.28683  4233.2873   4.0 1 1 
	       1209.91 4230.82376  4230.8242   4.0 1 1 
	       1221.20 4230.42532  4230.4267   4.0 1 1 
	       1236.98 4229.86731  4229.8644   4.0 1 1 
	       1248.66 4229.45351  4229.4545   4.0 1 1 
	       1257.31 4229.14671  4229.1477   4.0 1 1 
	       1257.31 4229.14671  4229.1477   4.0 1 1 
	       1285.12 4228.15801   4228.158   4.0 1 1 
	       1306.76  4227.3865  4227.3872   4.0 1 1 
	       1317.91 4226.98782  4226.9876   4.0 1 1 
	       1337.10 4226.30069  4226.2994   4.0 1 1 
	       1384.00 4224.61422  4224.6151   4.0 1 1 
	       1394.36 4224.24059  4224.2413   4.0 1 1 
	       1416.39 4223.44389  4223.4403   4.0 1 1 
	       1438.62 4222.63782  4222.6373   4.0 1 1 
	       1479.41 4221.15269   4221.153   4.0 1 1 
	       1490.89  4220.7337  4220.7323   4.0 1 1 
	       1509.07  4220.0684  4220.0651   4.0 1 1 
	       1547.34 4218.66323  4218.6649   4.0 1 1 
	       1580.74 4217.43125  4217.4308   4.0 1 1 
	       1609.38 4216.37112  4216.3722   4.0 1 1 
	       1617.55 4216.06807  4216.0698   4.0 1 1 
	       1650.88 4214.82834  4214.8285   4.0 1 1 
	       1698.04 4213.06553  4213.0673   4.0 1 1 
	       1754.96 4210.92435  4210.9232   4.0 1 1 
	       2022.29 4200.67468  4200.6745   4.0 1 1 
	function chebyshev
	order 5
	sample *
	naverage 1
	niterate 2000
	low_reject 3.
	high_reject 3.
	grow 0.
	coefficients	9
		1.
		5.
		121.4304809570313
		2022.291748046875
		4234.624039192486
		-32.92579242721289
		-1.024610162714465
		7.274981356198435E-5
		9.738430220268099E-4

# Fri 11:53:24 03-Feb-2023
begin	identify iazcomp.0006 - Ap 6
	id	iazcomp.0006
	task	identify
	image	iazcomp.0006 - Ap 6
	aperture	6
	aplow	989.17
	aphigh	996.98
	units	Angstroms
	features	52
	        120.01  4266.5267  4266.5271   4.0 1 1 
	        127.91 4266.28701  4266.2864   4.0 1 1 
	        223.78 4263.35394  4263.3561   4.0 1 1 
	        300.27 4260.98424  4260.9845   4.0 1 1 
	        321.12   4260.334   4260.333   4.0 1 1 
	        352.12  4259.3634  4259.3619   4.0 1 1 
	        378.88 4258.52193  4258.5204   4.0 1 1 
	        398.68 4257.89736  4257.8982   4.0 1 1 
	        411.34  4257.4971  4257.4963   4.0 1 1 
	        450.56 4256.25265  4256.2537   4.0 1 1 
	        482.38 4255.23782  4255.2373   4.0 1 1 
	        535.37 4253.53741  4253.5385   4.0 1 1 
	        608.00 4251.18638  4251.1846   4.0 1 1 
	        620.62 4250.77548  4250.7749   4.0 1 1 
	        634.73 4250.31535  4250.3146   4.0 1 1 
	        654.33 4249.67429  4249.6791   4.0 1 1 
	        693.34 4248.39354  4248.3908   4.0 1 1 
	        717.44 4247.59885  4247.5988   4.0 1 1 
	        827.64 4243.93157  4243.9241   4.0 1 0 
	        847.67 4243.25903  4243.2611   4.0 1 1 
	        863.69 4242.71961  4242.7197   4.0 1 1 
	        911.79  4241.0936  4241.0948   4.0 1 1 
	        926.36  4240.5992  4240.5947   4.0 1 1 
	       1025.20 4237.21803  4237.2198   4.0 1 1 
	       1059.20  4236.0449  4236.0471   4.0 1 1 
	       1076.03 4235.46197  4235.4636   4.0 1 1 
	       1138.53  4233.2867  4233.2873   4.0 1 1 
	       1208.68 4230.82405  4230.8242   4.0 1 1 
	       1219.97 4230.42533  4230.4267   4.0 1 1 
	       1235.73  4229.8681  4229.8644   4.0 1 1 
	       1247.44 4229.45334  4229.4545   4.0 1 1 
	       1256.07 4229.14736  4229.1477   4.0 1 1 
	       1256.07 4229.14736  4229.1477   4.0 1 1 
	       1283.90 4228.15825   4228.158   4.0 1 1 
	       1305.52 4227.38704  4227.3872   4.0 1 1 
	       1316.68 4226.98855  4226.9876   4.0 1 1 
	       1335.88 4226.30099  4226.2994   4.0 1 1 
	       1382.78 4224.61472  4224.6151   4.0 1 1 
	       1393.19  4224.2393  4224.2413   4.0 1 1 
	       1415.19 4223.44382  4223.4403   4.0 1 1 
	       1437.42 4222.63776  4222.6373   4.0 1 1 
	       1478.14 4221.15544   4221.153   4.0 1 1 
	       1489.72 4220.73269  4220.7323   4.0 1 1 
	       1507.88 4220.06818  4220.0651   4.0 1 1 
	       1546.16 4218.66268  4218.6649   4.0 1 1 
	       1579.56 4217.43107  4217.4308   4.0 1 1 
	       1608.18 4216.37166  4216.3722   4.0 1 1 
	       1616.37 4216.06801  4216.0698   4.0 1 1 
	       1649.72 4214.82743  4214.8285   4.0 1 1 
	       1696.85 4213.06587  4213.0673   4.0 1 1 
	       1753.85 4210.92243  4210.9232   4.0 1 1 
	       2021.18 4200.67538  4200.6745   4.0 1 1 
	function chebyshev
	order 5
	sample *
	naverage 1
	niterate 2000
	low_reject 3.
	high_reject 3.
	grow 0.
	coefficients	9
		1.
		5.
		120.011360168457
		2021.17578125
		4234.62438526796
		-32.92589500716934
		-1.024713662757194
		2.350527144042005E-4
		0.001367574002667508

# Mon 14:50:25 06-Feb-2023
begin	identify iazcomp.0006 - Ap 6
	id	iazcomp.0006
	task	identify
	image	iazcomp.0006 - Ap 6
	aperture	6
	aplow	989.17
	aphigh	996.98
	units	Angstroms
	features	52
	        117.44 4266.52636  4266.5271   4.0 1 1 
	        125.35 4266.28631  4266.2864   4.0 1 1 
	        221.11 4263.35798  4263.3561   4.0 1 1 
	        297.87 4260.98097  4260.9845   4.0 1 1 
	        318.61 4260.33418   4260.333   4.0 1 1 
	        349.65 4259.36269  4259.3619   4.0 1 1 
	        376.43 4258.52093  4258.5204   4.0 1 1 
	        396.44 4257.89014  4257.8982   4.0 1 0 
	        408.87 4257.49732  4257.4963   4.0 1 1 
	        448.11 4256.25256  4256.2537   4.0 1 1 
	        479.95 4255.23741  4255.2373   4.0 1 1 
	        532.94 4253.53762  4253.5385   4.0 1 1 
	        605.61 4251.18611  4251.1846   4.0 1 1 
	        618.24  4250.7749  4250.7749   4.0 1 1 
	        632.34  4250.3152  4250.3146   4.0 1 1 
	        651.82 4249.67854  4249.6791   4.0 1 1 
	        690.94 4248.39463  4248.3908   4.0 1 1 
	        715.13 4247.59717  4247.5988   4.0 1 1 
	        825.34 4243.93041  4243.9241   4.0 1 0 
	        845.35 4243.25873  4243.2611   4.0 1 1 
	        861.41 4242.71813  4242.7197   4.0 1 1 
	        909.44 4241.09499  4241.0948   4.0 1 1 
	        924.12 4240.59702  4240.5947   4.0 1 1 
	       1022.92 4237.21822  4237.2198   4.0 1 1 
	       1056.92  4236.0455  4236.0471   4.0 1 1 
	       1073.78 4235.46188  4235.4636   4.0 1 1 
	       1136.30 4233.28633  4233.2873   4.0 1 1 
	       1206.47 4230.82353  4230.8242   4.0 1 1 
	       1217.73 4230.42613  4230.4267   4.0 1 1 
	       1233.53 4229.86769  4229.8644   4.0 1 1 
	       1245.22 4229.45371  4229.4545   4.0 1 1 
	       1253.87 4229.14726  4229.1477   4.0 1 1 
	       1253.87 4229.14726  4229.1477   4.0 1 1 
	       1281.70 4228.15824   4228.158   4.0 1 1 
	       1303.35 4227.38644  4227.3872   4.0 1 1 
	       1314.50  4226.9881  4226.9876   4.0 1 1 
	       1333.70 4226.30073  4226.2994   4.0 1 1 
	       1380.52 4224.61798  4224.6151   4.0 1 1 
	       1391.02 4224.23912  4224.2413   4.0 1 1 
	       1413.01 4223.44408  4223.4403   4.0 1 1 
	       1435.25  4222.6379  4222.6373   4.0 1 1 
	       1476.04 4221.15377   4221.153   4.0 1 1 
	       1487.59 4220.73198  4220.7323   4.0 1 1 
	       1505.69  4220.0699  4220.0651   4.0 1 1 
	       1544.01 4218.66343  4218.6649   4.0 1 1 
	       1577.44 4217.43098  4217.4308   4.0 1 1 
	       1606.09 4216.37091  4216.3722   4.0 1 1 
	       1614.31  4216.0659  4216.0698   4.0 1 1 
	       1647.58 4214.82866  4214.8285   4.0 1 1 
	       1694.75 4213.06622  4213.0673   4.0 1 1 
	       1751.78   4210.922  4210.9232   4.0 1 1 
	       2019.17 4200.67552  4200.6745   4.0 1 1 
	function chebyshev
	order 5
	sample *
	naverage 1
	niterate 2000
	low_reject 3.
	high_reject 3.
	grow 0.
	coefficients	9
		1.
		5.
		117.4390106201172
		2019.168212890625
		4234.624849532874
		-32.92581211164395
		-1.025259013225942
		3.936514929728047E-4
		0.001348507351579024

# Mon 15:25:06 27-Feb-2023
begin	identify iazcomp.0006 - Ap 6
	id	iazcomp.0006
	task	identify
	image	iazcomp.0006 - Ap 6
	aperture	6
	aplow	989.17
	aphigh	996.98
	units	Angstroms
	features	49
	        122.41 4266.52578  4266.5271   4.0 1 1 
	        226.00 4263.35708  4263.3561   4.0 1 1 
	        323.41 4260.33394   4260.333   4.0 1 1 
	        354.43 4259.36246  4259.3619   4.0 1 1 
	        381.11  4258.5234  4258.5204   4.0 1 1 
	        400.98 4257.89643  4257.8982   4.0 1 1 
	        413.62 4257.49663  4257.4963   4.0 1 1 
	        452.78 4256.25328  4256.2537   4.0 1 1 
	        484.68 4255.23574  4255.2373   4.0 1 1 
	        537.62 4253.53656  4253.5385   4.0 1 1 
	        610.21 4251.18587  4251.1846   4.0 1 1 
	        622.87 4250.77356  4250.7749   4.0 1 1 
	        636.93 4250.31491  4250.3146   4.0 1 1 
	        656.38 4249.67857  4249.6791   4.0 1 1 
	        695.49 4248.39421  4248.3908   4.0 1 1 
	        719.69  4247.5959  4247.5988   4.0 1 1 
	        829.92 4243.92656  4243.9241   4.0 1 1 
	        849.75 4243.26046  4243.2611   4.0 1 1 
	        913.88 4241.09447  4241.0948   4.0 1 1 
	        928.54 4240.59659  4240.5947   4.0 1 1 
	       1027.30  4237.2175  4237.2198   4.0 1 1 
	       1061.23 4236.04636  4236.0471   4.0 1 1 
	       1078.12 4235.46164  4235.4636   4.0 1 1 
	       1140.55 4233.28801  4233.2873   4.0 1 1 
	       1210.74 4230.82347  4230.8242   4.0 1 1 
	       1222.02 4230.42539  4230.4267   4.0 1 1 
	       1237.79 4229.86773  4229.8644   4.0 1 1 
	       1249.43 4229.45515  4229.4545   4.0 1 1 
	       1258.14 4229.14632  4229.1477   4.0 1 1 
	       1258.14 4229.14632  4229.1477   4.0 1 1 
	       1285.94 4228.15792   4228.158   4.0 1 1 
	       1307.56 4227.38679  4227.3872   4.0 1 1 
	       1318.73 4226.98756  4226.9876   4.0 1 1 
	       1337.93  4226.3002  4226.2994   4.0 1 1 
	       1384.74  4224.6167  4224.6151   4.0 1 1 
	       1395.18 4224.24011  4224.2413   4.0 1 1 
	       1417.18 4223.44442  4223.4403   4.0 1 1 
	       1439.43 4222.63743  4222.6373   4.0 1 1 
	       1480.16 4221.15459   4221.153   4.0 1 1 
	       1491.72 4220.73262  4220.7323   4.0 1 1 
	       1509.81 4220.07066  4220.0651   4.0 1 0 
	       1548.12 4218.66361  4218.6649   4.0 1 1 
	       1581.54 4217.43125  4217.4308   4.0 1 1 
	       1610.18 4216.37088  4216.3722   4.0 1 1 
	       1618.33 4216.06854  4216.0698   4.0 1 1 
	       1651.65 4214.82888  4214.8285   4.0 1 1 
	       1698.80 4213.06623  4213.0673   4.0 1 1 
	       1755.79  4210.9226  4210.9232   4.0 1 1 
	       2023.06 4200.67512  4200.6745   4.0 1 1 
	function chebyshev
	order 5
	sample *
	naverage 1
	niterate 2000
	low_reject 3.
	high_reject 3.
	grow 0.
	coefficients	9
		1.
		5.
		122.4062347412109
		2023.06396484375
		4234.62309935694
		-32.92525418076725
		-1.023831164556983
		-7.718639278687100E-5
		0.001184132437459867

# Tue 13:39:54 16-May-2023
begin	identify iazcomp.0006 - Ap 6
	id	iazcomp.0006
	task	identify
	image	iazcomp.0006 - Ap 6
	aperture	6
	aplow	989.17
	aphigh	996.98
	units	Angstroms
	features	49
	        121.57 4266.52694  4266.5271   4.0 1 1 
	        225.32 4263.35475  4263.3561   4.0 1 1 
	        322.62 4260.33587   4260.333   4.0 1 1 
	        353.67 4259.36341  4259.3619   4.0 1 1 
	        380.41 4258.52258  4258.5204   4.0 1 1 
	        400.37 4257.89297  4257.8982   4.0 1 1 
	        412.87 4257.49769  4257.4963   4.0 1 1 
	        452.10 4256.25231  4256.2537   4.0 1 1 
	        483.92 4255.23733  4255.2373   4.0 1 1 
	        536.89 4253.53733  4253.5385   4.0 1 1 
	        609.53 4251.18568  4251.1846   4.0 1 1 
	        622.16 4250.77436  4250.7749   4.0 1 1 
	        636.24 4250.31479  4250.3146   4.0 1 1 
	        655.71 4249.67815  4249.6791   4.0 1 1 
	        694.84 4248.39328  4248.3908   4.0 1 1 
	        718.99 4247.59664  4247.5988   4.0 1 1 
	        829.14 4243.92996  4243.9241   4.0 1 1 
	        849.10  4243.2598  4243.2611   4.0 1 1 
	        913.20 4241.09468  4241.0948   4.0 1 1 
	        927.91 4240.59528  4240.5947   4.0 1 1 
	       1026.66 4237.21702  4237.2198   4.0 1 1 
	       1060.64 4236.04428  4236.0471   4.0 1 1 
	       1077.48 4235.46104  4235.4636   4.0 1 1 
	       1139.93 4233.28702  4233.2873   4.0 1 1 
	       1210.16 4230.82141  4230.8242   4.0 1 1 
	       1221.14 4230.43371  4230.4267   4.0 1 1 
	       1237.16 4229.86716  4229.8644   4.0 1 1 
	       1248.85 4229.45316  4229.4545   4.0 1 1 
	       1257.51 4229.14619  4229.1477   4.0 1 1 
	       1257.51 4229.14619  4229.1477   4.0 1 1 
	       1285.32 4228.15756   4228.158   4.0 1 1 
	       1306.93 4227.38667  4227.3872   4.0 1 1 
	       1318.11 4226.98737  4226.9876   4.0 1 1 
	       1337.31  4226.2997  4226.2994   4.0 1 1 
	       1384.10 4224.61746  4224.6151   4.0 1 1 
	       1394.59 4224.23911  4224.2413   4.0 1 1 
	       1416.60 4223.44316  4223.4403   4.0 1 1 
	       1438.83 4222.63725  4222.6373   4.0 1 1 
	       1479.53 4221.15536   4221.153   4.0 1 1 
	       1491.13 4220.73179  4220.7323   4.0 1 1 
	       1509.21 4220.07054  4220.0651   4.0 1 1 
	       1547.53 4218.66353  4218.6649   4.0 1 1 
	       1580.95 4217.43106  4217.4308   4.0 1 1 
	       1609.63 4216.36933  4216.3722   4.0 1 1 
	       1617.81 4216.06579  4216.0698   4.0 1 1 
	       1651.08  4214.8284  4214.8285   4.0 1 1 
	       1698.21 4213.06697  4213.0673   4.0 1 1 
	       1755.19  4210.9238  4210.9232   4.0 1 1 
	       2022.51 4200.67496  4200.6745   4.0 1 1 
	function chebyshev
	order 5
	sample *
	naverage 1
	niterate 2000
	low_reject 3.
	high_reject 3.
	grow 0.
	coefficients	9
		1.
		5.
		121.5655975341797
		2022.51171875
		4234.624423780422
		-32.92620729528136
		-1.024311207641845
		2.171931075920291E-4
		8.361223540269648E-4

# Mon 15:28:11 14-Aug-2023
begin	identify iazcomp.0006 - Ap 6
	id	iazcomp.0006
	task	identify
	image	iazcomp.0006 - Ap 6
	aperture	6
	aplow	989.17
	aphigh	996.98
	units	Angstroms
	features	49
	        125.31 4266.52672  4266.5271   4.0 1 1 
	        228.98 4263.35599  4263.3561   4.0 1 1 
	        326.30 4260.33554   4260.333   4.0 1 1 
	        357.34 4259.36325  4259.3619   4.0 1 1 
	        384.09 4258.52188  4258.5204   4.0 1 1 
	        404.05 4257.89179  4257.8982   4.0 1 1 
	        416.51 4257.49778  4257.4963   4.0 1 1 
	        455.72 4256.25272  4256.2537   4.0 1 1 
	        487.51 4255.23814  4255.2373   4.0 1 1 
	        540.51 4253.53681  4253.5385   4.0 1 1 
	        613.09 4251.18585  4251.1846   4.0 1 1 
	        625.71 4250.77489  4250.7749   4.0 1 1 
	        639.79 4250.31537  4250.3146   4.0 1 1 
	        659.33 4249.67598  4249.6791   4.0 1 1 
	        698.33 4248.39463  4248.3908   4.0 1 1 
	        722.52 4247.59666  4247.5988   4.0 1 1 
	        832.64 4243.92938  4243.9241   4.0 1 1 
	        852.59 4243.25918  4243.2611   4.0 1 1 
	        916.63 4241.09527  4241.0948   4.0 1 1 
	        931.33 4240.59605  4240.5947   4.0 1 1 
	       1030.04 4237.21779  4237.2198   4.0 1 1 
	       1063.99 4236.04561  4236.0471   4.0 1 1 
	       1080.85 4235.46141  4235.4636   4.0 1 1 
	       1143.26 4233.28798  4233.2873   4.0 1 1 
	       1213.49  4230.8213  4230.8242   4.0 1 1 
	       1224.68 4230.42612  4230.4267   4.0 1 1 
	       1240.46 4229.86804  4229.8644   4.0 1 1 
	       1252.13 4229.45423  4229.4545   4.0 1 1 
	       1260.79 4229.14705  4229.1477   4.0 1 1 
	       1260.79 4229.14705  4229.1477   4.0 1 1 
	       1288.60 4228.15812   4228.158   4.0 1 1 
	       1310.22 4227.38685  4227.3872   4.0 1 1 
	       1321.38 4226.98792  4226.9876   4.0 1 1 
	       1340.58 4226.30016  4226.2994   4.0 1 1 
	       1387.43 4224.61501  4224.6151   4.0 1 1 
	       1397.82 4224.23968  4224.2413   4.0 1 1 
	       1416.84 4223.55191  4223.4403   4.0 1 0 
	       1442.05  4222.6375  4222.6373   4.0 1 1 
	       1482.71 4221.15703   4221.153   4.0 1 1 
	       1494.33 4220.73231  4220.7323   4.0 1 1 
	       1512.41 4220.07072  4220.0651   4.0 1 1 
	       1550.71 4218.66374  4218.6649   4.0 1 1 
	       1584.13 4217.43099  4217.4308   4.0 1 1 
	       1612.75 4216.37092  4216.3722   4.0 1 1 
	       1621.00 4216.06503  4216.0698   4.0 1 1 
	       1654.21 4214.82911  4214.8285   4.0 1 1 
	       1701.35  4213.0666  4213.0673   4.0 1 1 
	       1758.31 4210.92355  4210.9232   4.0 1 1 
	       2025.54 4200.67481  4200.6745   4.0 1 1 
	function chebyshev
	order 5
	sample *
	naverage 1
	niterate 2000
	low_reject 3.
	high_reject 3.
	grow 0.
	coefficients	9
		1.
		5.
		125.3137359619141
		2025.54052734375
		4234.624226994105
		-32.92646862852244
		-1.024322005164873
		5.153294499297038E-4
		8.631869381445931E-4

# Mon 16:08:21 14-Aug-2023
begin	identify iazcomp.0006 - Ap 6
	id	iazcomp.0006
	task	identify
	image	iazcomp.0006 - Ap 6
	aperture	6
	aplow	989.17
	aphigh	996.98
	units	Angstroms
	features	49
	        125.26 4266.52569  4266.5271   4.0 1 1 
	        228.87 4263.35695  4263.3561   4.0 1 1 
	        326.29 4260.33409   4260.333   4.0 1 1 
	        357.32 4259.36223  4259.3619   4.0 1 1 
	        384.04  4258.5219  4258.5204   4.0 1 1 
	        404.13  4257.8879  4257.8982   4.0 1 0 
	        416.51 4257.49642  4257.4963   4.0 1 1 
	        455.69 4256.25252  4256.2537   4.0 1 1 
	        487.50 4255.23762  4255.2373   4.0 1 1 
	        540.47 4253.53742  4253.5385   4.0 1 1 
	        613.13 4251.18493  4251.1846   4.0 1 1 
	        625.71 4250.77504  4250.7749   4.0 1 1 
	        639.80 4250.31513  4250.3146   4.0 1 1 
	        659.38 4249.67484  4249.6791   4.0 1 1 
	        698.34 4248.39524  4248.3908   4.0 1 1 
	        722.55 4247.59669  4247.5988   4.0 1 1 
	        832.57 4243.93377  4243.9241   4.0 1 0 
	        852.58 4243.26171  4243.2611   4.0 1 1 
	        916.71 4241.09559  4241.0948   4.0 1 1 
	        931.42 4240.59601  4240.5947   4.0 1 1 
	       1030.14 4237.21799  4237.2198   4.0 1 1 
	       1064.16 4236.04379  4236.0471   4.0 1 1 
	       1080.97 4235.46166  4235.4636   4.0 1 1 
	       1143.38 4233.28884  4233.2873   4.0 1 1 
	       1213.60 4230.82269  4230.8242   4.0 1 1 
	       1224.84 4230.42587  4230.4267   4.0 1 1 
	       1240.61 4229.86826  4229.8644   4.0 1 1 
	       1252.29 4229.45451  4229.4545   4.0 1 1 
	       1260.94 4229.14765  4229.1477   4.0 1 1 
	       1260.94 4229.14765  4229.1477   4.0 1 1 
	       1288.76 4228.15841   4228.158   4.0 1 1 
	       1310.41 4227.38642  4227.3872   4.0 1 1 
	       1321.55 4226.98802  4226.9876   4.0 1 1 
	       1340.74 4226.30083  4226.2994   4.0 1 1 
	       1387.61 4224.61532  4224.6151   4.0 1 1 
	       1398.05 4224.23842  4224.2413   4.0 1 1 
	       1420.02  4223.4438  4223.4403   4.0 1 1 
	       1442.24 4222.63794  4222.6373   4.0 1 1 
	       1483.00 4221.15412   4221.153   4.0 1 1 
	       1494.55 4220.73202  4220.7323   4.0 1 1 
	       1512.65 4220.06976  4220.0651   4.0 1 1 
	       1550.95 4218.66346  4218.6649   4.0 1 1 
	       1584.35 4217.43125  4217.4308   4.0 1 1 
	       1613.01 4216.37039  4216.3722   4.0 1 1 
	       1621.21 4216.06595  4216.0698   4.0 1 1 
	       1654.46 4214.82916  4214.8285   4.0 1 1 
	       1701.61 4213.06635  4213.0673   4.0 1 1 
	       1758.60 4210.92264  4210.9232   4.0 1 1 
	       2025.86 4200.67531  4200.6745   4.0 1 1 
	function chebyshev
	order 5
	sample *
	naverage 1
	niterate 2000
	low_reject 3.
	high_reject 3.
	grow 0.
	coefficients	9
		1.
		5.
		125.25732421875
		2025.861938476563
		4234.623702464207
		-32.92554989963685
		-1.024288243571276
		3.630721952776527E-4
		0.001086764476970632

