# Tue 22:42:51 07-Sep-2021
begin	identify iazcomp.0025 - Ap 25
	id	iazcomp.0025
	task	identify
	image	iazcomp.0025 - Ap 25
	aperture	25
	aplow	1320.23
	aphigh	1329.96
	units	Angstroms
	features	37
	        208.14 5509.99012  5509.9938   4.0 1 1 
	        244.09 5508.55836  5508.5585   4.0 1 1 
	        269.48 5507.54276  5507.5385   4.0 1 1 
	        285.04 5506.91861  5506.9196   4.0 1 1 
	        304.97  5506.1169  5506.1128   4.0 1 1 
	        349.86 5504.30252  5504.3018   4.0 1 1 
	        407.87 5501.94027  5501.9439   4.0 1 1 
	        423.96 5501.28143  5501.2814   4.0 1 1 
	        463.76 5499.64548  5499.6478   4.0 1 1 
	        473.24 5499.25464  5499.2554   4.0 1 1 
	        499.06 5498.18653  5498.1841   4.0 1 1 
	        591.55 5494.32957  5494.3306   4.0 1 1 
	        618.35 5493.20225   5493.204   4.0 1 1 
	        631.63 5492.64197  5492.6435   4.0 1 1 
	        691.01 5490.12482  5490.1194   4.0 1 1 
	        830.12  5484.1457  5484.1467   4.0 1 1 
	        946.03 5479.07562  5479.0751   4.0 1 1 
	       1132.33 5470.76013  5470.7591   4.0 1 1 
	       1211.43  5467.1678  5467.1704   4.0 1 1 
	       1275.99 5464.20776  5464.2055   4.0 1 1 
	       1310.61 5462.61092  5462.6129   4.0 1 1 
	       1329.57 5461.73278  5461.7358   4.0 1 1 
	       1388.95 5458.97068  5458.9676   4.0 1 1 
	       1470.41 5455.14719  5455.1524   4.0 1 1 
	       1532.21  5452.2208  5452.2187   4.0 1 1 
	       1544.10 5451.65509   5451.652   4.0 1 1 
	       1589.67  5449.4798  5449.4788   4.0 1 1 
	       1614.82 5448.27421  5448.2719   4.0 1 1 
	       1638.08 5447.15582  5447.1536   4.0 1 1 
	       1773.15 5440.60007  5440.6015   4.0 1 1 
	       1785.71 5439.98487  5439.9891   4.0 1 1 
	       1838.54 5437.38871  5437.3877   4.0 1 1 
	       1868.90 5435.88952  5435.8925   4.0 1 1 
	       1884.39 5435.12251  5435.1229   4.0 1 1 
	       1903.94 5434.15247  5434.1514   4.0 1 1 
	       1921.26 5433.29129  5433.2919   4.0 1 1 
	       1964.89 5431.11466   5431.112   4.0 1 1 
	function chebyshev
	order 5
	sample *
	naverage 1
	niterate 2000
	low_reject 3.
	high_reject 3.
	grow 0.
	coefficients	9
		1.
		5.
		208.1361694335938
		1964.891235351562
		5471.687003076719
		-39.44145321650524
		-1.135986841745851
		0.003721537737505704
		0.001371188246957381

# Fri 10:57:32 11-Mar-2022
begin	identify iazcomp.0025 - Ap 25
	id	iazcomp.0025
	task	identify
	image	iazcomp.0025 - Ap 25
	aperture	25
	aplow	1320.23
	aphigh	1329.96
	units	Angstroms
	features	43
	         68.54 5514.87211  5514.8731   4.0 1 1 
	        192.46 5509.99234  5509.9938   4.0 1 1 
	        228.42 5508.55994  5508.5585   4.0 1 1 
	        253.83 5507.54298  5507.5385   4.0 1 1 
	        269.43 5506.91718  5506.9196   4.0 1 1 
	        289.30 5506.11775  5506.1128   4.0 1 1 
	        334.25 5504.30138  5504.3018   4.0 1 1 
	        392.26 5501.93938  5501.9439   4.0 1 1 
	        408.38 5501.27971  5501.2814   4.0 1 1 
	        448.17 5499.64478  5499.6478   4.0 1 1 
	        457.63 5499.25447  5499.2554   4.0 1 1 
	        483.47 5498.18631  5498.1841   4.0 1 1 
	        539.06 5495.87503  5495.8738   4.0 1 1 
	        576.01 5494.32896  5494.3306   4.0 1 1 
	        602.81 5493.20252   5493.204   4.0 1 1 
	        616.11 5492.64192  5492.6435   4.0 1 1 
	        675.55 5490.12347  5490.1194   4.0 1 1 
	        710.52 5488.63204  5488.6287   4.0 1 1 
	        814.67 5484.14732  5484.1467   4.0 1 1 
	        930.65 5479.07751  5479.0751   4.0 1 1 
	        965.29 5477.54789  5477.5522   4.0 1 1 
	       1117.10 5470.76035  5470.7591   4.0 1 1 
	       1196.25 5467.16676  5467.1704   4.0 1 1 
	       1260.83 5464.20774  5464.2055   4.0 1 1 
	       1295.44 5462.61175  5462.6129   4.0 1 1 
	       1314.45 5461.73198  5461.7358   4.0 1 1 
	       1373.81 5458.97189  5458.9676   4.0 1 1 
	       1517.19 5452.21921  5452.2187   4.0 1 1 
	       1529.08 5451.65386   5451.652   4.0 1 1 
	       1574.69 5449.47771  5449.4788   4.0 1 1 
	       1599.90 5448.26971  5448.2719   4.0 1 1 
	       1623.12 5447.15416  5447.1536   4.0 1 1 
	       1694.76 5443.69153  5443.6893   4.0 1 1 
	       1724.35 5442.25311  5442.2477   4.0 1 1 
	       1758.28 5440.59767  5440.6015   4.0 1 1 
	       1770.79 5439.98561  5439.9891   4.0 1 1 
	       1808.39 5438.14068  5438.1374   4.0 1 1 
	       1823.69 5437.38723  5437.3877   4.0 1 1 
	       1854.05 5435.88944  5435.8925   4.0 1 1 
	       1869.58 5435.12115  5435.1229   4.0 1 1 
	       1889.14 5434.15137  5434.1514   4.0 1 1 
	       1906.44 5433.29236  5433.2919   4.0 1 1 
	       1950.14 5431.11414   5431.112   4.0 1 1 
	function chebyshev
	order 5
	sample *
	naverage 1
	niterate 2000
	low_reject 3.
	high_reject 3.
	grow 0.
	coefficients	9
		1.
		5.
		68.53677368164061
		1950.138305664063
		5474.289351692143
		-41.88122867179578
		-1.299741038456145
		0.002243014944822052
		0.003511245678205609

# Tue 15:32:11 29-Mar-2022
begin	identify iazcomp.0025 - Ap 25
	id	iazcomp.0025
	task	identify
	image	iazcomp.0025 - Ap 25
	aperture	25
	aplow	1320.23
	aphigh	1329.96
	units	Angstroms
	features	43
	         69.20 5514.87201  5514.8731   4.0 1 1 
	        193.13 5509.99217  5509.9938   4.0 1 1 
	        229.09 5508.55955  5508.5585   4.0 1 1 
	        254.48  5507.5436  5507.5385   4.0 1 1 
	        270.08 5506.91789  5506.9196   4.0 1 1 
	        289.98 5506.11703  5506.1128   4.0 1 1 
	        334.90 5504.30183  5504.3018   4.0 1 1 
	        392.92 5501.93933  5501.9439   4.0 1 1 
	        409.04 5501.27972  5501.2814   4.0 1 1 
	        448.82 5499.64492  5499.6478   4.0 1 1 
	        458.30 5499.25396  5499.2554   4.0 1 1 
	        484.14 5498.18561  5498.1841   4.0 1 1 
	        539.71 5495.87542  5495.8738   4.0 1 1 
	        576.65 5494.32918  5494.3306   4.0 1 1 
	        603.46 5493.20197   5493.204   4.0 1 1 
	        616.74 5492.64229  5492.6435   4.0 1 1 
	        676.16 5490.12457  5490.1194   4.0 1 1 
	        711.15 5488.63242  5488.6287   4.0 1 1 
	        815.30 5484.14701  5484.1467   4.0 1 1 
	        931.28 5479.07669  5479.0751   4.0 1 1 
	        965.94 5477.54582  5477.5522   4.0 1 1 
	       1117.66 5470.76148  5470.7591   4.0 1 1 
	       1196.78 5467.16908  5467.1704   4.0 1 1 
	       1261.40 5464.20769  5464.2055   4.0 1 1 
	       1296.03 5462.61057  5462.6129   4.0 1 1 
	       1315.02 5461.73177  5461.7358   4.0 1 1 
	       1374.37 5458.97164  5458.9676   4.0 1 1 
	       1517.73 5452.21935  5452.2187   4.0 1 1 
	       1529.61 5451.65409   5451.652   4.0 1 1 
	       1575.25 5449.47633  5449.4788   4.0 1 1 
	       1600.39 5448.27166  5448.2719   4.0 1 1 
	       1623.64 5447.15453  5447.1536   4.0 1 1 
	       1695.31  5443.6907  5443.6893   4.0 1 1 
	       1724.86 5442.25364  5442.2477   4.0 1 1 
	       1758.80 5440.59759  5440.6015   4.0 1 1 
	       1771.31 5439.98535  5439.9891   4.0 1 1 
	       1808.90 5438.14112  5438.1374   4.0 1 1 
	       1824.23 5437.38624  5437.3877   4.0 1 1 
	       1854.57 5435.88919  5435.8925   4.0 1 1 
	       1870.12 5435.12023  5435.1229   4.0 1 1 
	       1889.65 5434.15197  5434.1514   4.0 1 1 
	       1906.96 5433.29214  5433.2919   4.0 1 1 
	       1950.64 5431.11502   5431.112   4.0 1 1 
	function chebyshev
	order 5
	sample *
	naverage 1
	niterate 2000
	low_reject 3.
	high_reject 3.
	grow 0.
	coefficients	9
		1.
		5.
		69.20388793945312
		1950.640502929688
		5474.289800809222
		-41.8812760259665
		-1.299874933258783
		0.002777113387968341
		0.003588707353063523

# Mon 19:03:49 30-Jan-2023
begin	identify iazcomp.0025 - Ap 25
	id	iazcomp.0025
	task	identify
	image	iazcomp.0025 - Ap 25
	aperture	25
	aplow	1320.23
	aphigh	1329.96
	units	Angstroms
	features	39
	         81.39 5514.87119  5514.8731   4.0 1 1 
	        205.33 5509.99151  5509.9938   4.0 1 1 
	        241.28 5508.55949  5508.5585   4.0 1 1 
	        266.66 5507.54408  5507.5385   4.0 1 1 
	        282.23 5506.91937  5506.9196   4.0 1 1 
	        302.16 5506.11759  5506.1128   4.0 1 1 
	        347.07  5504.3027  5504.3018   4.0 1 1 
	        405.12  5501.9391  5501.9439   4.0 1 1 
	        421.23  5501.2796  5501.2814   4.0 1 1 
	        460.99 5499.64547  5499.6478   4.0 1 1 
	        470.48 5499.25421  5499.2554   4.0 1 1 
	        496.30 5498.18684  5498.1841   4.0 1 1 
	        551.92 5495.87379  5495.8738   4.0 1 1 
	        588.82 5494.32948  5494.3306   4.0 1 1 
	        615.64  5493.2016   5493.204   4.0 1 1 
	        628.92 5492.64174  5492.6435   4.0 1 1 
	        723.28 5488.63302  5488.6287   4.0 1 1 
	        827.44  5484.1463  5484.1467   4.0 1 1 
	        943.38 5479.07672  5479.0751   4.0 1 1 
	       1129.71 5470.76092  5470.7591   4.0 1 1 
	       1208.81 5467.16854  5467.1704   4.0 1 1 
	       1273.40 5464.20751  5464.2055   4.0 1 1 
	       1308.01 5462.61078  5462.6129   4.0 1 1 
	       1327.01 5461.73112  5461.7358   4.0 1 1 
	       1386.36 5458.97041  5458.9676   4.0 1 1 
	       1529.65 5452.21929  5452.2187   4.0 1 1 
	       1541.54  5451.6534   5451.652   4.0 1 1 
	       1587.14 5449.47717  5449.4788   4.0 1 1 
	       1612.26 5448.27283  5448.2719   4.0 1 1 
	       1635.55 5447.15359  5447.1536   4.0 1 1 
	       1707.10  5443.6943  5443.6893   4.0 1 1 
	       1770.66  5440.5974  5440.6015   4.0 1 1 
	       1820.73  5438.1412  5438.1374   4.0 1 1 
	       1836.09 5437.38533  5437.3877   4.0 1 1 
	       1866.40 5435.88896  5435.8925   4.0 1 1 
	       1881.92 5435.12087  5435.1229   4.0 1 1 
	       1901.47 5434.15176  5434.1514   4.0 1 1 
	       1918.79 5433.29119  5433.2919   4.0 1 1 
	       1962.43 5431.11564   5431.112   4.0 1 1 
	function chebyshev
	order 5
	sample *
	naverage 1
	niterate 2000
	low_reject 3.
	high_reject 3.
	grow 0.
	coefficients	9
		1.
		5.
		81.3877182006836
		1962.430053710937
		5474.291720480974
		-41.88137440388063
		-1.301839002069885
		0.003600223007348194
		0.003536288729471304

# Fri 11:53:55 03-Feb-2023
begin	identify iazcomp.0025 - Ap 25
	id	iazcomp.0025
	task	identify
	image	iazcomp.0025 - Ap 25
	aperture	25
	aplow	1320.23
	aphigh	1329.96
	units	Angstroms
	features	39
	         80.03 5514.87141  5514.8731   4.0 1 1 
	        203.96 5509.99184  5509.9938   4.0 1 1 
	        239.94  5508.5591  5508.5585   4.0 1 1 
	        265.34   5507.543  5507.5385   4.0 1 1 
	        280.86 5506.92041  5506.9196   4.0 1 1 
	        300.82 5506.11752  5506.1128   4.0 1 1 
	        345.76 5504.30145  5504.3018   4.0 1 1 
	        403.77 5501.93983  5501.9439   4.0 1 1 
	        419.88 5501.28017  5501.2814   4.0 1 1 
	        459.68 5499.64498  5499.6478   4.0 1 1 
	        469.16 5499.25382  5499.2554   4.0 1 1 
	        495.01  5498.1855  5498.1841   4.0 1 1 
	        550.52 5495.87745  5495.8738   4.0 1 1 
	        587.51 5494.32924  5494.3306   4.0 1 1 
	        614.34  5493.2014   5493.204   4.0 1 1 
	        627.63 5492.64128  5492.6435   4.0 1 1 
	        721.99 5488.63314  5488.6287   4.0 1 1 
	        826.20 5484.14561  5484.1467   4.0 1 1 
	        942.15 5479.07617  5479.0751   4.0 1 1 
	       1128.51 5470.76081  5470.7591   4.0 1 1 
	       1207.62 5467.16825  5467.1704   4.0 1 1 
	       1272.22 5464.20757  5464.2055   4.0 1 1 
	       1306.83 5462.61099  5462.6129   4.0 1 1 
	       1325.81 5461.73265  5461.7358   4.0 1 1 
	       1385.18 5458.97074  5458.9676   4.0 1 1 
	       1528.50 5452.21912  5452.2187   4.0 1 1 
	       1540.39 5451.65376   5451.652   4.0 1 1 
	       1586.00 5449.47697  5449.4788   4.0 1 1 
	       1611.19 5448.26979  5448.2719   4.0 1 1 
	       1634.41 5447.15335  5447.1536   4.0 1 1 
	       1705.95 5443.69511  5443.6893   4.0 1 1 
	       1769.51 5440.59818  5440.6015   4.0 1 1 
	       1819.60 5438.14177  5438.1374   4.0 1 1 
	       1834.95 5437.38599  5437.3877   4.0 1 1 
	       1865.29 5435.88843  5435.8925   4.0 1 1 
	       1880.79 5435.12163  5435.1229   4.0 1 1 
	       1900.34 5434.15192  5434.1514   4.0 1 1 
	       1917.69 5433.29032  5433.2919   4.0 1 1 
	       1961.32 5431.11533   5431.112   4.0 1 1 
	function chebyshev
	order 5
	sample *
	naverage 1
	niterate 2000
	low_reject 3.
	high_reject 3.
	grow 0.
	coefficients	9
		1.
		5.
		80.02569580078124
		1961.316040039063
		5474.291911388492
		-41.88099322676742
		-1.302165061052384
		0.00295364651911912
		0.003624251386025127

# Mon 14:51:10 06-Feb-2023
begin	identify iazcomp.0025 - Ap 25
	id	iazcomp.0025
	task	identify
	image	iazcomp.0025 - Ap 25
	aperture	25
	aplow	1320.23
	aphigh	1329.96
	units	Angstroms
	features	39
	         77.43  5514.8714  5514.8731   4.0 1 1 
	        201.42 5509.99231  5509.9938   4.0 1 1 
	        237.42 5508.55882  5508.5585   4.0 1 1 
	        262.82 5507.54344  5507.5385   4.0 1 1 
	        278.36 5506.92002  5506.9196   4.0 1 1 
	        298.33 5506.11709  5506.1128   4.0 1 1 
	        343.26 5504.30203  5504.3018   4.0 1 1 
	        401.33 5501.93898  5501.9439   4.0 1 1 
	        417.44 5501.27984  5501.2814   4.0 1 1 
	        457.24 5499.64504  5499.6478   4.0 1 1 
	        466.72 5499.25435  5499.2554   4.0 1 1 
	        492.57 5498.18619  5498.1841   4.0 1 1 
	        548.16 5495.87554  5495.8738   4.0 1 1 
	        585.10 5494.33011  5494.3306   4.0 1 1 
	        611.95 5493.20182   5493.204   4.0 1 1 
	        625.24 5492.64171  5492.6435   4.0 1 1 
	        719.66 5488.63238  5488.6287   4.0 1 1 
	        823.85 5484.14647  5484.1467   4.0 1 1 
	        939.85 5479.07638  5479.0751   4.0 1 1 
	       1126.28 5470.76058  5470.7591   4.0 1 1 
	       1205.43  5467.1672  5467.1704   4.0 1 1 
	       1270.02 5464.20759  5464.2055   4.0 1 1 
	       1304.64 5462.61134  5462.6129   4.0 1 1 
	       1323.64 5461.73229  5461.7358   4.0 1 1 
	       1383.01 5458.97112  5458.9676   4.0 1 1 
	       1526.38   5452.219  5452.2187   4.0 1 1 
	       1538.27 5451.65359   5451.652   4.0 1 1 
	       1583.88 5449.47766  5449.4788   4.0 1 1 
	       1609.05 5448.27138  5448.2719   4.0 1 1 
	       1632.32 5447.15336  5447.1536   4.0 1 1 
	       1703.92 5443.69258  5443.6893   4.0 1 1 
	       1767.44 5440.59865  5440.6015   4.0 1 1 
	       1817.56 5438.14085  5438.1374   4.0 1 1 
	       1832.88 5437.38693  5437.3877   4.0 1 1 
	       1863.24 5435.88838  5435.8925   4.0 1 1 
	       1878.73   5435.122  5435.1229   4.0 1 1 
	       1898.31 5434.15177  5434.1514   4.0 1 1 
	       1915.63 5433.29117  5433.2919   4.0 1 1 
	       1959.30 5431.11465   5431.112   4.0 1 1 
	function chebyshev
	order 5
	sample *
	naverage 1
	niterate 2000
	low_reject 3.
	high_reject 3.
	grow 0.
	coefficients	9
		1.
		5.
		77.43152618408203
		1959.296752929687
		5474.292848224242
		-41.88134597565608
		-1.30321913434528
		0.002971318392763028
		0.003394966718343349

# Mon 15:28:46 27-Feb-2023
begin	identify iazcomp.0025 - Ap 25
	id	iazcomp.0025
	task	identify
	image	iazcomp.0025 - Ap 25
	aperture	25
	aplow	1320.23
	aphigh	1329.96
	units	Angstroms
	features	33
	         82.40 5514.87098  5514.8731   4.0 1 1 
	        206.29  5509.9925  5509.9938   4.0 1 1 
	        242.24 5508.56026  5508.5585   4.0 1 1 
	        267.66 5507.54312  5507.5385   4.0 1 1 
	        283.22 5506.91856  5506.9196   4.0 1 1 
	        303.15 5506.11666  5506.1128   4.0 1 1 
	        348.03 5504.30253  5504.3018   4.0 1 1 
	        406.05 5501.93975  5501.9439   4.0 1 1 
	        422.13 5501.28118  5501.2814   4.0 1 1 
	        461.91 5499.64611  5499.6478   4.0 1 1 
	        471.39 5499.25492  5499.2554   4.0 1 1 
	        589.71 5494.33005  5494.3306   4.0 1 1 
	        616.51 5493.20299   5493.204   4.0 1 1 
	        629.79  5492.6429  5492.6435   4.0 1 1 
	        828.30 5484.14703  5484.1467   4.0 1 1 
	        944.24 5479.07672  5479.0751   4.0 1 1 
	       1130.55 5470.76146  5470.7591   4.0 1 1 
	       1274.22  5464.2081  5464.2055   4.0 1 1 
	       1308.84  5462.6109  5462.6129   4.0 1 1 
	       1327.83 5461.73183  5461.7358   4.0 1 1 
	       1530.45 5452.21941  5452.2187   4.0 1 1 
	       1542.34 5451.65364   5451.652   4.0 1 1 
	       1587.92 5449.47755  5449.4788   4.0 1 1 
	       1613.10 5448.27036  5448.2719   4.0 1 1 
	       1636.31 5447.15418  5447.1536   4.0 1 1 
	       1707.88 5443.69325  5443.6893   4.0 1 1 
	       1771.38 5440.59829  5440.6015   4.0 1 1 
	       1821.46 5438.14086  5438.1374   4.0 1 1 
	       1867.12 5435.88844  5435.8925   4.0 1 1 
	       1882.60 5435.12205  5435.1229   4.0 1 1 
	       1902.17 5434.15103  5434.1514   4.0 1 1 
	       1919.45 5433.29217  5433.2919   4.0 1 1 
	       1963.12 5431.11394   5431.112   4.0 1 1 
	function chebyshev
	order 5
	sample *
	naverage 1
	niterate 2000
	low_reject 3.
	high_reject 3.
	grow 0.
	coefficients	9
		1.
		5.
		82.40214538574217
		1963.123046875
		5474.291708557788
		-41.88106332306159
		-1.302387734490138
		0.002546662771518146
		0.003137926671011383

# Tue 13:40:25 16-May-2023
begin	identify iazcomp.0025 - Ap 25
	id	iazcomp.0025
	task	identify
	image	iazcomp.0025 - Ap 25
	aperture	25
	aplow	1320.23
	aphigh	1329.96
	units	Angstroms
	features	33
	         81.56 5514.87077  5514.8731   4.0 1 1 
	        205.48 5509.99235  5509.9938   4.0 1 1 
	        241.45 5508.55995  5508.5585   4.0 1 1 
	        266.83 5507.54432  5507.5385   4.0 1 1 
	        282.44 5506.91833  5506.9196   4.0 1 1 
	        302.36 5506.11681  5506.1128   4.0 1 1 
	        347.25 5504.30242  5504.3018   4.0 1 1 
	        405.29 5501.93933  5501.9439   4.0 1 1 
	        421.35 5501.28185  5501.2814   4.0 1 1 
	        461.17 5499.64571  5499.6478   4.0 1 1 
	        470.64 5499.25501  5499.2554   4.0 1 1 
	        588.98  5494.3298  5494.3306   4.0 1 1 
	        615.78  5493.2029   5493.204   4.0 1 1 
	        629.07 5492.64272  5492.6435   4.0 1 1 
	        827.59 5484.14709  5484.1467   4.0 1 1 
	        943.53 5479.07715  5479.0751   4.0 1 1 
	       1129.87 5470.76126  5470.7591   4.0 1 1 
	       1273.55 5464.20833  5464.2055   4.0 1 1 
	       1308.19 5462.61043  5462.6129   4.0 1 1 
	       1327.19 5461.73101  5461.7358   4.0 1 1 
	       1529.81 5452.21967  5452.2187   4.0 1 1 
	       1541.69 5451.65432   5451.652   4.0 1 1 
	       1587.30 5449.47741  5449.4788   4.0 1 1 
	       1612.43 5448.27284  5448.2719   4.0 1 1 
	       1635.69 5447.15468  5447.1536   4.0 1 1 
	       1707.34 5443.69033  5443.6893   4.0 1 1 
	       1770.78 5440.59864  5440.6015   4.0 1 1 
	       1820.89 5438.14031  5438.1374   4.0 1 1 
	       1866.53 5435.88909  5435.8925   4.0 1 1 
	       1882.06 5435.12057  5435.1229   4.0 1 1 
	       1901.59 5434.15198  5434.1514   4.0 1 1 
	       1918.90 5433.29136  5433.2919   4.0 1 1 
	       1962.55 5431.11498   5431.112   4.0 1 1 
	function chebyshev
	order 5
	sample *
	naverage 1
	niterate 2000
	low_reject 3.
	high_reject 3.
	grow 0.
	coefficients	9
		1.
		5.
		81.56481933593748
		1962.54736328125
		5474.292339569581
		-41.88103801616571
		-1.302588252978569
		0.003142088486615244
		0.003120152873155996

# Mon 15:28:43 14-Aug-2023
begin	identify iazcomp.0025 - Ap 25
	id	iazcomp.0025
	task	identify
	image	iazcomp.0025 - Ap 25
	aperture	25
	aplow	1320.23
	aphigh	1329.96
	units	Angstroms
	features	33
	         85.26 5514.87122  5514.8731   4.0 1 1 
	        209.14 5509.99225  5509.9938   4.0 1 1 
	        245.12 5508.55901  5508.5585   4.0 1 1 
	        270.49 5507.54336  5507.5385   4.0 1 1 
	        286.05 5506.91902  5506.9196   4.0 1 1 
	        305.99 5506.11665  5506.1128   4.0 1 1 
	        350.85 5504.30271  5504.3018   4.0 1 1 
	        408.86 5501.93966  5501.9439   4.0 1 1 
	        424.92 5501.28234  5501.2814   4.0 1 1 
	        464.71 5499.64637  5499.6478   4.0 1 1 
	        474.20 5499.25467  5499.2554   4.0 1 1 
	        592.48 5494.33017  5494.3306   4.0 1 1 
	        619.29 5493.20251   5493.204   4.0 1 1 
	        632.56 5492.64247  5492.6435   4.0 1 1 
	        831.01 5484.14687  5484.1467   4.0 1 1 
	        946.90 5479.07713  5479.0751   4.0 1 1 
	       1133.17  5470.7612  5470.7591   4.0 1 1 
	       1276.80 5464.20832  5464.2055   4.0 1 1 
	       1311.41 5462.61093  5462.6129   4.0 1 1 
	       1330.41 5461.73113  5461.7358   4.0 1 1 
	       1532.97 5452.21959  5452.2187   4.0 1 1 
	       1544.86 5451.65409   5451.652   4.0 1 1 
	       1590.44 5449.47737  5449.4788   4.0 1 1 
	       1615.59 5448.27154  5448.2719   4.0 1 1 
	       1638.81 5447.15482  5447.1536   4.0 1 1 
	       1710.43 5443.69143  5443.6893   4.0 1 1 
	       1773.88 5440.59827  5440.6015   4.0 1 1 
	       1823.95 5438.14126  5438.1374   4.0 1 1 
	       1869.61 5435.88862  5435.8925   4.0 1 1 
	       1885.12  5435.1207  5435.1229   4.0 1 1 
	       1904.65 5434.15185  5434.1514   4.0 1 1 
	       1921.96 5433.29133  5433.2919   4.0 1 1 
	       1965.60 5431.11484   5431.112   4.0 1 1 
	function chebyshev
	order 5
	sample *
	naverage 1
	niterate 2000
	low_reject 3.
	high_reject 3.
	grow 0.
	coefficients	9
		1.
		5.
		85.26036834716796
		1965.597045898438
		5474.291589085824
		-41.88166848539945
		-1.301654136382781
		0.003477561358961497
		0.003093592404503225

# Mon 16:09:18 14-Aug-2023
begin	identify iazcomp.0025 - Ap 25
	id	iazcomp.0025
	task	identify
	image	iazcomp.0025 - Ap 25
	aperture	25
	aplow	1320.23
	aphigh	1329.96
	units	Angstroms
	features	33
	         85.23 5514.87074  5514.8731   4.0 1 1 
	        209.13 5509.99184  5509.9938   4.0 1 1 
	        245.07 5508.56023  5508.5585   4.0 1 1 
	        270.49 5507.54305  5507.5385   4.0 1 1 
	        286.00 5506.92081  5506.9196   4.0 1 1 
	        306.00 5506.11613  5506.1128   4.0 1 1 
	        350.87 5504.30221  5504.3018   4.0 1 1 
	        408.88 5501.93988  5501.9439   4.0 1 1 
	        424.95 5501.28193  5501.2814   4.0 1 1 
	        464.75 5499.64568  5499.6478   4.0 1 1 
	        474.23 5499.25456  5499.2554   4.0 1 1 
	        592.55 5494.32977  5494.3306   4.0 1 1 
	        619.35 5493.20264   5493.204   4.0 1 1 
	        632.63 5492.64237  5492.6435   4.0 1 1 
	        831.10 5484.14763  5484.1467   4.0 1 1 
	        947.04 5479.07709  5479.0751   4.0 1 1 
	       1133.36  5470.7608  5470.7591   4.0 1 1 
	       1277.03 5464.20769  5464.2055   4.0 1 1 
	       1311.62 5462.61144  5462.6129   4.0 1 1 
	       1330.62 5461.73196  5461.7358   4.0 1 1 
	       1533.25  5452.2191  5452.2187   4.0 1 1 
	       1545.14 5451.65345   5451.652   4.0 1 1 
	       1590.72 5449.47728  5449.4788   4.0 1 1 
	       1615.84 5448.27313  5448.2719   4.0 1 1 
	       1639.11 5447.15401  5447.1536   4.0 1 1 
	       1710.71 5443.69185  5443.6893   4.0 1 1 
	       1774.19 5440.59787  5440.6015   4.0 1 1 
	       1824.28 5438.14018  5438.1374   4.0 1 1 
	       1869.92 5435.88863  5435.8925   4.0 1 1 
	       1885.40 5435.12209  5435.1229   4.0 1 1 
	       1904.97 5434.15144  5434.1514   4.0 1 1 
	       1922.27 5433.29176  5433.2919   4.0 1 1 
	       1965.92 5431.11446   5431.112   4.0 1 1 
	function chebyshev
	order 5
	sample *
	naverage 1
	niterate 2000
	low_reject 3.
	high_reject 3.
	grow 0.
	coefficients	9
		1.
		5.
		85.23458862304688
		1965.924560546875
		5474.291550087044
		-41.88113839040707
		-1.302074546100472
		0.002995878008702263
		0.003124100744820285

