# Tue 22:44:38 07-Sep-2021
begin	identify iazcomp.0032 - Ap 32
	id	iazcomp.0032
	task	identify
	image	iazcomp.0032 - Ap 32
	aperture	32
	aplow	1415.01
	aphigh	1423.91
	units	Angstroms
	features	33
	         32.10 6182.61983  6182.6217   4.0 1 1 
	         76.08 6180.70412   6180.705   4.0 1 1 
	        127.84 6178.43371  6178.4315   4.0 1 1 
	        266.18 6172.27974  6172.2778   4.0 1 1 
	        320.62 6169.82398  6169.8221   4.0 1 1 
	        437.61 6164.48102  6164.4796   4.0 1 1 
	        505.25 6161.35066  6161.3534   4.0 1 1 
	        596.47 6157.08152  6157.0878   4.0 1 1 
	        660.16 6154.06862  6154.0682   4.0 1 1 
	        703.72 6151.99231  6151.9929   4.0 1 1 
	        730.96 6150.68738   6150.683   4.0 1 1 
	        839.52 6145.43858   6145.441   4.0 1 1 
	        977.59 6138.65071  6138.6465   4.0 1 1 
	        992.19  6137.9256   6137.926   4.0 1 1 
	       1233.46 6125.73677  6125.7396   4.0 1 1 
	       1257.90 6124.48104  6124.4805   4.0 1 1 
	       1270.45 6123.83436  6123.8331   4.0 1 1 
	       1279.68 6123.35839  6123.3619   4.0 1 1 
	       1333.78 6120.55588  6120.5564   4.0 1 1 
	       1417.76 6116.16769  6116.1661   4.0 1 1 
	       1441.38 6114.92491  6114.9234   4.0 1 1 
	       1468.98 6113.46844  6113.4657   4.0 1 1 
	       1480.90 6112.83782  6112.8375   4.0 1 1 
	       1580.45 6107.53516  6107.5337   4.0 1 1 
	       1615.78 6105.63768  6105.6351   4.0 1 1 
	       1688.15 6101.72536  6101.7251   4.0 1 1 
	       1720.20 6099.98154  6099.9886   4.0 1 1 
	       1736.67 6099.08294  6099.0831   4.0 1 1 
	       1754.28 6098.12047  6098.1205   4.0 1 1 
	       1771.25 6097.19114  6097.1945   4.0 1 1 
	       1936.64  6088.0344  6088.0305   4.0 1 1 
	       1950.37 6087.26626  6087.2622   4.0 1 1 
	       1984.16 6085.37076  6085.3748   4.0 1 1 
	function chebyshev
	order 5
	sample *
	naverage 1
	niterate 2000
	low_reject 3.
	high_reject 3.
	grow 0.
	coefficients	9
		1.
		5.
		32.10428237915039
		1984.163452148437
		6135.561285252549
		-48.62596390163574
		-1.568258642285852
		0.001429221594955302
		0.002268988707733704

# Fri 11:01:23 11-Mar-2022
begin	identify iazcomp.0032 - Ap 32
	id	iazcomp.0032
	task	identify
	image	iazcomp.0032 - Ap 32
	aperture	32
	aplow	1415.01
	aphigh	1423.91
	units	Angstroms
	features	33
	         16.14   6182.621  6182.6217   4.0 1 1 
	         60.16 6180.70282   6180.705   4.0 1 1 
	        111.90 6178.43322  6178.4315   4.0 1 1 
	        231.99 6173.09892  6173.0964   4.0 1 1 
	        250.26 6172.27945  6172.2778   4.0 1 1 
	        304.75 6169.82247  6169.8221   4.0 1 1 
	        421.77 6164.48016  6164.4796   4.0 1 1 
	        454.53 6162.96867  6162.9699   4.0 1 1 
	        489.48 6161.34858  6161.3534   4.0 1 1 
	        619.75 6155.23859  6155.2385   4.0 1 1 
	        644.41 6154.06932  6154.0682   4.0 1 1 
	        687.99 6151.99319  6151.9929   4.0 1 1 
	        823.85 6145.44076   6145.441   4.0 1 1 
	        976.62 6137.92686   6137.926   4.0 1 1 
	       1218.02 6125.73757  6125.7396   4.0 1 1 
	       1242.47 6124.48141  6124.4805   4.0 1 1 
	       1255.02 6123.83505  6123.8331   4.0 1 1 
	       1264.24 6123.35947  6123.3619   4.0 1 1 
	       1318.39  6120.5558  6120.5564   4.0 1 1 
	       1402.42 6116.16668  6116.1661   4.0 1 1 
	       1426.06 6114.92397  6114.9234   4.0 1 1 
	       1433.29 6114.54309  6114.5392   4.0 1 1 
	       1453.68 6113.46682  6113.4657   4.0 1 1 
	       1465.59 6112.83703  6112.8375   4.0 1 1 
	       1565.20 6107.53322  6107.5337   4.0 1 1 
	       1600.55 6105.63523  6105.6351   4.0 1 1 
	       1672.97 6101.72271  6101.7251   4.0 1 1 
	       1721.53 6099.08004  6099.0831   4.0 1 1 
	       1726.56 6098.80514  6098.8031   4.0 1 1 
	       1739.14 6098.11795  6098.1205   4.0 1 1 
	       1921.59 6088.03374  6088.0305   4.0 1 1 
	       1935.33 6087.26596  6087.2622   4.0 1 1 
	       1969.16  6085.3706  6085.3748   4.0 1 1 
	function chebyshev
	order 5
	sample *
	naverage 1
	niterate 2000
	low_reject 3.
	high_reject 3.
	grow 0.
	coefficients	9
		1.
		5.
		16.13614082336426
		1969.1572265625
		6135.558796682556
		-48.62643542940452
		-1.566779170649988
		0.001234146955654047
		0.00378160218759081

# Tue 15:32:23 29-Mar-2022
begin	identify iazcomp.0032 - Ap 32
	id	iazcomp.0032
	task	identify
	image	iazcomp.0032 - Ap 32
	aperture	32
	aplow	1415.01
	aphigh	1423.91
	units	Angstroms
	features	33
	         16.82 6182.62066  6182.6217   4.0 1 1 
	         60.82  6180.7037   6180.705   4.0 1 1 
	        112.59 6178.43259  6178.4315   4.0 1 1 
	        232.66 6173.09927  6173.0964   4.0 1 1 
	        250.94 6172.27924  6172.2778   4.0 1 1 
	        305.42 6169.82248  6169.8221   4.0 1 1 
	        422.44 6164.48028  6164.4796   4.0 1 1 
	        455.23 6162.96731  6162.9699   4.0 1 1 
	        490.12 6161.34942  6161.3534   4.0 1 1 
	        620.39 6155.23886  6155.2385   4.0 1 1 
	        645.05 6154.06973  6154.0682   4.0 1 1 
	        688.63 6151.99324  6151.9929   4.0 1 1 
	        824.48 6145.44063   6145.441   4.0 1 1 
	        977.22  6137.9267   6137.926   4.0 1 1 
	       1218.61 6125.73694  6125.7396   4.0 1 1 
	       1243.05 6124.48108  6124.4805   4.0 1 1 
	       1255.59  6123.8352  6123.8331   4.0 1 1 
	       1264.82 6123.35946  6123.3619   4.0 1 1 
	       1318.96 6120.55556  6120.5564   4.0 1 1 
	       1402.98   6116.167  6116.1661   4.0 1 1 
	       1426.61 6114.92444  6114.9234   4.0 1 1 
	       1433.84 6114.54337  6114.5392   4.0 1 1 
	       1454.22 6113.46734  6113.4657   4.0 1 1 
	       1466.15  6112.8366  6112.8375   4.0 1 1 
	       1565.74 6107.53366  6107.5337   4.0 1 1 
	       1601.11  6105.6348  6105.6351   4.0 1 1 
	       1673.49 6101.72351  6101.7251   4.0 1 1 
	       1722.08 6099.07886  6099.0831   4.0 1 1 
	       1727.11 6098.80468  6098.8031   4.0 1 1 
	       1739.66 6098.11884  6098.1205   4.0 1 1 
	       1922.15 6088.03243  6088.0305   4.0 1 1 
	       1935.86 6087.26598  6087.2622   4.0 1 1 
	       1969.66 6085.37166  6085.3748   4.0 1 1 
	function chebyshev
	order 5
	sample *
	naverage 1
	niterate 2000
	low_reject 3.
	high_reject 3.
	grow 0.
	coefficients	9
		1.
		5.
		16.81671142578125
		1969.664428710937
		6135.559327826437
		-48.62627761707787
		-1.566842975845502
		0.001782179686882644
		0.00367527713748336

# Mon 19:05:31 30-Jan-2023
begin	identify iazcomp.0032 - Ap 32
	id	iazcomp.0032
	task	identify
	image	iazcomp.0032 - Ap 32
	aperture	32
	aplow	1415.01
	aphigh	1423.91
	units	Angstroms
	features	27
	         29.24 6182.62067  6182.6217   4.0 1 1 
	         73.24 6180.70356   6180.705   4.0 1 1 
	        124.98 6178.43337  6178.4315   4.0 1 1 
	        245.07 6173.09897  6173.0964   4.0 1 1 
	        263.37 6172.27807  6172.2778   4.0 1 1 
	        317.83 6169.82191  6169.8221   4.0 1 1 
	        434.85 6164.47926  6164.4796   4.0 1 1 
	        467.60 6162.96818  6162.9699   4.0 1 1 
	        632.77 6155.23884  6155.2385   4.0 1 1 
	        657.45 6154.06863  6154.0682   4.0 1 1 
	        701.03 6151.99202  6151.9929   4.0 1 1 
	        836.87 6145.43905   6145.441   4.0 1 1 
	        989.54 6137.92766   6137.926   4.0 1 1 
	       1255.32  6124.4813  6124.4805   4.0 1 1 
	       1267.87 6123.83491  6123.8331   4.0 1 1 
	       1277.08 6123.35947  6123.3619   4.0 1 1 
	       1331.22 6120.55542  6120.5564   4.0 1 1 
	       1415.23 6116.16599  6116.1661   4.0 1 1 
	       1438.83 6114.92421  6114.9234   4.0 1 1 
	       1466.42 6113.46843  6113.4657   4.0 1 1 
	       1478.36 6112.83702  6112.8375   4.0 1 1 
	       1577.92 6107.53379  6107.5337   4.0 1 1 
	       1613.26 6105.63611  6105.6351   4.0 1 1 
	       1685.64 6101.72445  6101.7251   4.0 1 1 
	       1734.20  6099.0809  6099.0831   4.0 1 1 
	       1751.80 6098.11939  6098.1205   4.0 1 1 
	       1981.72 6085.37592  6085.3748   4.0 1 1 
	function chebyshev
	order 5
	sample *
	naverage 1
	niterate 2000
	low_reject 3.
	high_reject 3.
	grow 0.
	coefficients	9
		1.
		5.
		29.23894882202148
		1981.7177734375
		6135.562037046999
		-48.62463213011412
		-1.568058739886448
		0.002256293309915766
		0.004317515392948351

# Fri 11:54:05 03-Feb-2023
begin	identify iazcomp.0032 - Ap 32
	id	iazcomp.0032
	task	identify
	image	iazcomp.0032 - Ap 32
	aperture	32
	aplow	1415.01
	aphigh	1423.91
	units	Angstroms
	features	27
	         27.87 6182.62096  6182.6217   4.0 1 1 
	         71.87 6180.70371   6180.705   4.0 1 1 
	        123.64 6178.43267  6178.4315   4.0 1 1 
	        243.72 6173.09922  6173.0964   4.0 1 1 
	        262.03 6172.27807  6172.2778   4.0 1 1 
	        316.50 6169.82162  6169.8221   4.0 1 1 
	        433.53 6164.47924  6164.4796   4.0 1 1 
	        466.27 6162.96885  6162.9699   4.0 1 1 
	        631.51 6155.23781  6155.2385   4.0 1 1 
	        656.17 6154.06867  6154.0682   4.0 1 1 
	        699.74 6151.99283  6151.9929   4.0 1 1 
	        835.61 6145.43931   6145.441   4.0 1 1 
	        988.32 6137.92703   6137.926   4.0 1 1 
	       1254.12 6124.48159  6124.4805   4.0 1 1 
	       1266.68 6123.83499  6123.8331   4.0 1 1 
	       1275.91 6123.35863  6123.3619   4.0 1 1 
	       1330.03 6120.55595  6120.5564   4.0 1 1 
	       1414.03 6116.16706  6116.1661   4.0 1 1 
	       1437.66  6114.9245  6114.9234   4.0 1 1 
	       1465.27 6113.46747  6113.4657   4.0 1 1 
	       1477.19   6112.837  6112.8375   4.0 1 1 
	       1576.77 6107.53366  6107.5337   4.0 1 1 
	       1612.11 6105.63569  6105.6351   4.0 1 1 
	       1684.49  6101.7243  6101.7251   4.0 1 1 
	       1733.06 6099.08078  6099.0831   4.0 1 1 
	       1750.64 6098.12007  6098.1205   4.0 1 1 
	       1980.58 6085.37583  6085.3748   4.0 1 1 
	function chebyshev
	order 5
	sample *
	naverage 1
	niterate 2000
	low_reject 3.
	high_reject 3.
	grow 0.
	coefficients	9
		1.
		5.
		27.86586761474609
		1980.580932617188
		6135.562810155731
		-48.62436570140498
		-1.568796921589606
		0.001799415100295653
		0.004382203480800823

# Mon 14:51:30 06-Feb-2023
begin	identify iazcomp.0032 - Ap 32
	id	iazcomp.0032
	task	identify
	image	iazcomp.0032 - Ap 32
	aperture	32
	aplow	1415.01
	aphigh	1423.91
	units	Angstroms
	features	27
	         25.26 6182.62093  6182.6217   4.0 1 1 
	         69.29 6180.70377   6180.705   4.0 1 1 
	        121.08 6178.43282  6178.4315   4.0 1 1 
	        241.22 6173.09859  6173.0964   4.0 1 1 
	        259.52 6172.27822  6172.2778   4.0 1 1 
	        314.00 6169.82214  6169.8221   4.0 1 1 
	        431.08 6164.47944  6164.4796   4.0 1 1 
	        463.86 6162.96775  6162.9699   4.0 1 1 
	        629.11 6155.23835  6155.2385   4.0 1 1 
	        653.77  6154.0694  6154.0682   4.0 1 1 
	        697.38 6151.99255  6151.9929   4.0 1 1 
	        833.28 6145.43953   6145.441   4.0 1 1 
	        986.05 6137.92623   6137.926   4.0 1 1 
	       1251.92  6124.4813  6124.4805   4.0 1 1 
	       1264.47 6123.83501  6123.8331   4.0 1 1 
	       1273.70 6123.35915  6123.3619   4.0 1 1 
	       1327.84  6120.5561  6120.5564   4.0 1 1 
	       1411.87 6116.16711  6116.1661   4.0 1 1 
	       1435.51 6114.92432  6114.9234   4.0 1 1 
	       1463.12 6113.46754  6113.4657   4.0 1 1 
	       1475.05 6112.83683  6112.8375   4.0 1 1 
	       1574.64 6107.53411  6107.5337   4.0 1 1 
	       1610.02 6105.63524  6105.6351   4.0 1 1 
	       1682.40  6101.7245  6101.7251   4.0 1 1 
	       1730.98 6099.08067  6099.0831   4.0 1 1 
	       1748.56 6098.12008  6098.1205   4.0 1 1 
	       1978.55 6085.37583  6085.3748   4.0 1 1 
	function chebyshev
	order 5
	sample *
	naverage 1
	niterate 2000
	low_reject 3.
	high_reject 3.
	grow 0.
	coefficients	9
		1.
		5.
		25.26251983642578
		1978.554321289063
		6135.563906329701
		-48.62436332490264
		-1.569648681419193
		0.001810657015230058
		0.004121467460581171

# Mon 15:29:41 27-Feb-2023
begin	identify iazcomp.0032 - Ap 32
	id	iazcomp.0032
	task	identify
	image	iazcomp.0032 - Ap 32
	aperture	32
	aplow	1415.01
	aphigh	1423.91
	units	Angstroms
	features	23
	         30.25 6182.62126  6182.6217   4.0 1 1 
	         74.25 6180.70351   6180.705   4.0 1 1 
	        125.97 6178.43314  6178.4315   4.0 1 1 
	        246.05 6173.09757  6173.0964   4.0 1 1 
	        264.31 6172.27813  6172.2778   4.0 1 1 
	        318.76 6169.82184  6169.8221   4.0 1 1 
	        435.75 6164.47925  6164.4796   4.0 1 1 
	        701.87 6151.99276  6151.9929   4.0 1 1 
	        837.69 6145.43929   6145.441   4.0 1 1 
	       1256.08 6124.48151  6124.4805   4.0 1 1 
	       1268.62 6123.83549  6123.8331   4.0 1 1 
	       1277.84 6123.35967  6123.3619   4.0 1 1 
	       1331.97 6120.55597  6120.5564   4.0 1 1 
	       1415.95 6116.16689  6116.1661   4.0 1 1 
	       1439.57  6114.9245  6114.9234   4.0 1 1 
	       1467.19 6113.46657  6113.4657   4.0 1 1 
	       1479.09 6112.83686  6112.8375   4.0 1 1 
	       1578.64 6107.53388  6107.5337   4.0 1 1 
	       1613.98  6105.6354  6105.6351   4.0 1 1 
	       1686.34  6101.7242  6101.7251   4.0 1 1 
	       1734.88 6099.08149  6099.0831   4.0 1 1 
	       1752.47 6098.12002  6098.1205   4.0 1 1 
	       1982.36  6085.3757  6085.3748   4.0 1 1 
	function chebyshev
	order 5
	sample *
	naverage 1
	niterate 2000
	low_reject 3.
	high_reject 3.
	grow 0.
	coefficients	9
		1.
		5.
		30.25042915344238
		1982.35986328125
		6135.561476313726
		-48.62440214634367
		-1.567427884602359
		0.001618682773753459
		0.004431440583824804

# Tue 13:40:35 16-May-2023
begin	identify iazcomp.0032 - Ap 32
	id	iazcomp.0032
	task	identify
	image	iazcomp.0032 - Ap 32
	aperture	32
	aplow	1415.01
	aphigh	1423.91
	units	Angstroms
	features	23
	         29.37 6182.62141  6182.6217   4.0 1 1 
	         73.38 6180.70351   6180.705   4.0 1 1 
	        125.14 6178.43248  6178.4315   4.0 1 1 
	        245.23 6173.09797  6173.0964   4.0 1 1 
	        263.50 6172.27826  6172.2778   4.0 1 1 
	        317.96 6169.82201  6169.8221   4.0 1 1 
	        434.98 6164.47941  6164.4796   4.0 1 1 
	        701.16  6151.9922  6151.9929   4.0 1 1 
	        836.99 6145.43933   6145.441   4.0 1 1 
	       1255.42 6124.48195  6124.4805   4.0 1 1 
	       1267.97 6123.83543  6123.8331   4.0 1 1 
	       1277.21 6123.35894  6123.3619   4.0 1 1 
	       1331.32 6120.55604  6120.5564   4.0 1 1 
	       1415.32 6116.16718  6116.1661   4.0 1 1 
	       1438.94 6114.92447  6114.9234   4.0 1 1 
	       1466.56 6113.46674  6113.4657   4.0 1 1 
	       1478.46 6112.83743  6112.8375   4.0 1 1 
	       1578.03 6107.53369  6107.5337   4.0 1 1 
	       1613.37 6105.63573  6105.6351   4.0 1 1 
	       1685.74 6101.72444  6101.7251   4.0 1 1 
	       1734.30 6099.08057  6099.0831   4.0 1 1 
	       1751.88 6098.11973  6098.1205   4.0 1 1 
	       1981.79 6085.37599  6085.3748   4.0 1 1 
	function chebyshev
	order 5
	sample *
	naverage 1
	niterate 2000
	low_reject 3.
	high_reject 3.
	grow 0.
	coefficients	9
		1.
		5.
		29.36690521240234
		1981.790771484375
		6135.562850676653
		-48.62468076675742
		-1.568461908014271
		0.001968431953174625
		0.004313680349277016

# Mon 15:28:52 14-Aug-2023
begin	identify iazcomp.0032 - Ap 32
	id	iazcomp.0032
	task	identify
	image	iazcomp.0032 - Ap 32
	aperture	32
	aplow	1415.01
	aphigh	1423.91
	units	Angstroms
	features	23
	         33.10 6182.62107  6182.6217   4.0 1 1 
	         77.09 6180.70345   6180.705   4.0 1 1 
	        128.82 6178.43309  6178.4315   4.0 1 1 
	        248.86 6173.09827  6173.0964   4.0 1 1 
	        267.13 6172.27821  6172.2778   4.0 1 1 
	        321.58 6169.82164  6169.8221   4.0 1 1 
	        438.55 6164.47917  6164.4796   4.0 1 1 
	        704.62 6151.99238  6151.9929   4.0 1 1 
	        840.40 6145.43925   6145.441   4.0 1 1 
	       1258.67 6124.48194  6124.4805   4.0 1 1 
	       1271.23 6123.83465  6123.8331   4.0 1 1 
	       1280.44 6123.35975  6123.3619   4.0 1 1 
	       1334.54 6120.55618  6120.5564   4.0 1 1 
	       1418.51 6116.16741  6116.1661   4.0 1 1 
	       1442.13 6114.92411  6114.9234   4.0 1 1 
	       1469.73 6113.46741  6113.4657   4.0 1 1 
	       1481.64 6112.83716  6112.8375   4.0 1 1 
	       1581.19 6107.53306  6107.5337   4.0 1 1 
	       1616.51 6105.63564  6105.6351   4.0 1 1 
	       1688.85 6101.72445  6101.7251   4.0 1 1 
	       1737.39 6099.08122  6099.0831   4.0 1 1 
	       1754.99 6098.11939  6098.1205   4.0 1 1 
	       1984.85 6085.37598  6085.3748   4.0 1 1 
	function chebyshev
	order 5
	sample *
	naverage 1
	niterate 2000
	low_reject 3.
	high_reject 3.
	grow 0.
	coefficients	9
		1.
		5.
		33.10118865966797
		1984.848388671875
		6135.561296319144
		-48.62510284747182
		-1.567201221569587
		0.002555701261745069
		0.004432499386741999

# Mon 16:09:33 14-Aug-2023
begin	identify iazcomp.0032 - Ap 32
	id	iazcomp.0032
	task	identify
	image	iazcomp.0032 - Ap 32
	aperture	32
	aplow	1415.01
	aphigh	1423.91
	units	Angstroms
	features	23
	         33.07 6182.62089  6182.6217   4.0 1 1 
	         77.05 6180.70417   6180.705   4.0 1 1 
	        128.81 6178.43253  6178.4315   4.0 1 1 
	        248.85 6173.09847  6173.0964   4.0 1 1 
	        267.14 6172.27797  6172.2778   4.0 1 1 
	        321.59 6169.82155  6169.8221   4.0 1 1 
	        438.58 6164.47918  6164.4796   4.0 1 1 
	        704.69 6151.99245  6151.9929   4.0 1 1 
	        840.50 6145.43954   6145.441   4.0 1 1 
	       1258.88 6124.48154  6124.4805   4.0 1 1 
	       1271.43 6123.83484  6123.8331   4.0 1 1 
	       1280.64 6123.35976  6123.3619   4.0 1 1 
	       1334.76 6120.55605  6120.5564   4.0 1 1 
	       1418.74 6116.16736  6116.1661   4.0 1 1 
	       1442.37 6114.92431  6114.9234   4.0 1 1 
	       1469.97 6113.46746  6113.4657   4.0 1 1 
	       1481.90 6112.83644  6112.8375   4.0 1 1 
	       1581.44 6107.53369  6107.5337   4.0 1 1 
	       1616.78 6105.63582  6105.6351   4.0 1 1 
	       1689.14 6101.72396  6101.7251   4.0 1 1 
	       1737.67  6099.0819  6099.0831   4.0 1 1 
	       1755.29 6098.11912  6098.1205   4.0 1 1 
	       1985.17 6085.37589  6085.3748   4.0 1 1 
	function chebyshev
	order 5
	sample *
	naverage 1
	niterate 2000
	low_reject 3.
	high_reject 3.
	grow 0.
	coefficients	9
		1.
		5.
		33.06879425048828
		1985.171264648438
		6135.56128222459
		-48.62459082593807
		-1.56722467012704
		0.002090983023383597
		0.004331591966593568

