# Tue 22:43:34 07-Sep-2021
begin	identify iazcomp.0028 - Ap 28
	id	iazcomp.0028
	task	identify
	image	iazcomp.0028 - Ap 28
	aperture	28
	aplow	1362.33
	aphigh	1371.85
	units	Angstroms
	features	29
	        187.84 5777.39623  5777.4006   4.0 1 1 
	        217.43 5776.16557  5776.1678   4.0 1 1 
	        270.40 5773.94883  5773.9463   4.0 1 1 
	        322.27 5771.76103  5771.7601   4.0 1 1 
	        406.27 5768.18216  5768.1812   4.0 1 1 
	        415.62 5767.78107  5767.7785   4.0 1 1 
	        513.96 5763.52978   5763.529   4.0 1 1 
	        530.72 5762.79891  5762.7941   4.0 1 1 
	        581.97 5760.55398  5760.5508   4.0 1 1 
	        751.19 5753.02563  5753.0265   4.0 1 1 
	        822.92 5749.78107  5749.7862   4.0 1 1 
	        831.59 5749.38644  5749.3883   4.0 1 1 
	        845.78 5748.73994  5748.7412   4.0 1 1 
	        995.85 5741.82658   5741.829   4.0 1 1 
	       1010.01 5741.16705  5741.1705   4.0 1 1 
	       1045.30 5739.51841  5739.5196   4.0 1 1 
	       1119.45 5736.02851  5736.0297   4.0 1 1 
	       1293.30 5727.71303  5727.7103   4.0 1 1 
	       1341.19 5725.38985  5725.3885   4.0 1 1 
	       1447.34 5720.18985  5720.1828   4.0 1 1 
	       1458.79 5719.62521  5719.6227   4.0 1 1 
	       1508.32 5717.17185  5717.1711   4.0 1 1 
	       1537.43 5715.72271  5715.7244   4.0 1 1 
	       1677.54 5708.67617  5708.6794   4.0 1 1 
	       1708.45 5707.10563  5707.1033   4.0 1 1 
	       1795.49 5702.65137  5702.6511   4.0 1 1 
	       1829.22 5700.91263  5700.9176   4.0 1 1 
	       1916.36 5696.38942  5696.3904   4.0 1 1 
	       2006.47  5691.6633  5691.6612   4.0 1 1 
	function chebyshev
	order 4
	sample *
	naverage 1
	niterate 2000
	low_reject 3.
	high_reject 3.
	grow 0.
	coefficients	8
		1.
		4.
		187.8414764404297
		2006.4677734375
		5735.805510557505
		-42.86992361064121
		-1.275746022283082
		0.003459974959982747

# Fri 10:58:51 11-Mar-2022
begin	identify iazcomp.0028 - Ap 28
	id	iazcomp.0028
	task	identify
	image	iazcomp.0028 - Ap 28
	aperture	28
	aplow	1362.33
	aphigh	1371.85
	units	Angstroms
	features	28
	        254.62 5773.94488  5773.9463   4.0 1 1 
	        298.06 5772.11527  5772.1143   4.0 1 1 
	        306.50  5771.7587  5771.7601   4.0 1 1 
	        390.55 5768.18056  5768.1812   4.0 1 1 
	        399.90 5767.77961  5767.7785   4.0 1 1 
	        498.29 5763.52922   5763.529   4.0 1 1 
	        515.07 5762.79812  5762.7941   4.0 1 1 
	        566.41 5760.55089  5760.5508   4.0 1 1 
	        735.63  5753.0266  5753.0265   4.0 1 1 
	        807.37  5749.7832  5749.7862   4.0 1 1 
	        816.05 5749.38826  5749.3883   4.0 1 1 
	        830.26 5748.74128  5748.7412   4.0 1 1 
	        980.40 5741.82813   5741.829   4.0 1 1 
	        994.56 5741.16892  5741.1705   4.0 1 1 
	       1029.88 5739.51946  5739.5196   4.0 1 1 
	       1104.07 5736.02943  5736.0297   4.0 1 1 
	       1278.04 5727.71221  5727.7103   4.0 1 1 
	       1325.95 5725.38926  5725.3885   4.0 1 1 
	       1443.61 5719.62445  5719.6227   4.0 1 1 
	       1493.17  5717.1708  5717.1711   4.0 1 1 
	       1522.26 5715.72363  5715.7244   4.0 1 1 
	       1693.41 5707.10527  5707.1033   4.0 1 1 
	       1722.22 5705.63717  5705.6371   4.0 1 1 
	       1780.50 5702.65152  5702.6511   4.0 1 1 
	       1814.24 5700.91379  5700.9176   4.0 1 1 
	       1901.47 5696.38895  5696.3904   4.0 1 1 
	       1991.59 5691.66606  5691.6612   4.0 1 1 
	       2010.09 5690.69075  5690.6934   4.0 1 1 
	function chebyshev
	order 4
	sample *
	naverage 1
	niterate 2000
	low_reject 3.
	high_reject 3.
	grow 0.
	coefficients	8
		1.
		4.
		254.6200103759765
		2010.088989257812
		5733.503786816055
		-41.63168886048735
		-1.185968358998356
		0.00462319328292283

# Tue 15:32:17 29-Mar-2022
begin	identify iazcomp.0028 - Ap 28
	id	iazcomp.0028
	task	identify
	image	iazcomp.0028 - Ap 28
	aperture	28
	aplow	1362.33
	aphigh	1371.85
	units	Angstroms
	features	28
	        255.29 5773.94454  5773.9463   4.0 1 1 
	        298.68 5772.11685  5772.1143   4.0 1 1 
	        307.18 5771.75774  5771.7601   4.0 1 1 
	        391.22 5768.18005  5768.1812   4.0 1 1 
	        400.58 5767.77905  5767.7785   4.0 1 1 
	        498.94 5763.52951   5763.529   4.0 1 1 
	        515.70 5762.79917  5762.7941   4.0 1 1 
	        567.07 5760.55061  5760.5508   4.0 1 1 
	        736.26 5753.02679  5753.0265   4.0 1 1 
	        808.00 5749.78309  5749.7862   4.0 1 1 
	        816.68 5749.38838  5749.3883   4.0 1 1 
	        830.89 5748.74129  5748.7412   4.0 1 1 
	        981.02 5741.82778   5741.829   4.0 1 1 
	        995.19 5741.16795  5741.1705   4.0 1 1 
	       1030.48 5739.51959  5739.5196   4.0 1 1 
	       1104.66  5736.0292  5736.0297   4.0 1 1 
	       1278.58 5727.71333  5727.7103   4.0 1 1 
	       1326.50 5725.38953  5725.3885   4.0 1 1 
	       1444.16 5719.62399  5719.6227   4.0 1 1 
	       1493.71 5717.17073  5717.1711   4.0 1 1 
	       1522.78  5715.7245  5715.7244   4.0 1 1 
	       1693.95 5707.10481  5707.1033   4.0 1 1 
	       1722.77 5705.63608  5705.6371   4.0 1 1 
	       1781.03 5702.65159  5702.6511   4.0 1 1 
	       1814.77 5700.91381  5700.9176   4.0 1 1 
	       1901.98 5696.38994  5696.3904   4.0 1 1 
	       1992.13  5691.6659  5691.6612   4.0 1 1 
	       2010.63 5690.69059  5690.6934   4.0 1 1 
	function chebyshev
	order 4
	sample *
	naverage 1
	niterate 2000
	low_reject 3.
	high_reject 3.
	grow 0.
	coefficients	8
		1.
		4.
		255.285873413086
		2010.625732421875
		5733.503265869714
		-41.63225557128417
		-1.185701770167389
		0.00527852116872168

# Mon 19:04:36 30-Jan-2023
begin	identify iazcomp.0028 - Ap 28
	id	iazcomp.0028
	task	identify
	image	iazcomp.0028 - Ap 28
	aperture	28
	aplow	1362.33
	aphigh	1371.85
	units	Angstroms
	features	32
	        267.59 5773.94512  5773.9463   4.0 1 1 
	        311.03  5772.1154  5772.1143   4.0 1 1 
	        319.49 5771.75767  5771.7601   4.0 1 1 
	        403.50 5768.18084  5768.1812   4.0 1 1 
	        412.86 5767.77962  5767.7785   4.0 1 1 
	        511.23 5763.52939   5763.529   4.0 1 1 
	        527.99 5762.79898  5762.7941   4.0 1 1 
	        579.34 5760.55102  5760.5508   4.0 1 1 
	        748.51 5753.02705  5753.0265   4.0 1 1 
	        820.26 5749.78222  5749.7862   4.0 1 1 
	        828.93 5749.38786  5749.3883   4.0 1 1 
	        843.12 5748.74159  5748.7412   4.0 1 1 
	        993.22 5741.82798   5741.829   4.0 1 1 
	       1007.39 5741.16812  5741.1705   4.0 1 1 
	       1042.67 5739.51962  5739.5196   4.0 1 1 
	       1116.83 5736.02956  5736.0297   4.0 1 1 
	       1243.78 5729.97633  5729.9823   4.0 1 1 
	       1290.68 5727.71521  5727.7103   4.0 1 1 
	       1338.59 5725.39089  5725.3885   4.0 1 1 
	       1444.83 5720.18731  5720.1828   4.0 1 1 
	       1456.23 5719.62504  5719.6227   4.0 1 1 
	       1505.77 5717.17157  5717.1711   4.0 1 1 
	       1534.84  5715.7248  5715.7244   4.0 1 1 
	       1675.08 5708.67282  5708.6794   4.0 1 1 
	       1705.93 5707.10553  5707.1033   4.0 1 1 
	       1734.75  5705.6361  5705.6371   4.0 1 1 
	       1792.99  5702.6514  5702.6511   4.0 1 1 
	       1826.73 5700.91311  5700.9176   4.0 1 1 
	       1877.26 5698.29652  5698.2937   4.0 1 1 
	       1913.90 5696.38942  5696.3904   4.0 1 1 
	       2004.02 5691.66479  5691.6612   4.0 1 1 
	       2022.47 5690.69172  5690.6934   4.0 1 1 
	function chebyshev
	order 4
	sample *
	naverage 1
	niterate 2000
	low_reject 3.
	high_reject 3.
	grow 0.
	coefficients	8
		1.
		4.
		267.588623046875
		2022.46826171875
		5733.506038658012
		-41.63170520804334
		-1.187618558169531
		0.005003195599865528

# Fri 11:54:00 03-Feb-2023
begin	identify iazcomp.0028 - Ap 28
	id	iazcomp.0028
	task	identify
	image	iazcomp.0028 - Ap 28
	aperture	28
	aplow	1362.33
	aphigh	1371.85
	units	Angstroms
	features	32
	        266.27 5773.94459  5773.9463   4.0 1 1 
	        309.74 5772.11401  5772.1143   4.0 1 1 
	        318.13 5771.75922  5771.7601   4.0 1 1 
	        402.18 5768.18128  5768.1812   4.0 1 1 
	        411.54 5767.78011  5767.7785   4.0 1 1 
	        509.91 5763.53028   5763.529   4.0 1 1 
	        526.72 5762.79781  5762.7941   4.0 1 1 
	        578.05 5760.55068  5760.5508   4.0 1 1 
	        747.25  5753.0267  5753.0265   4.0 1 1 
	        819.00 5749.78207  5749.7862   4.0 1 1 
	        827.66 5749.38845  5749.3883   4.0 1 1 
	        841.86 5748.74152  5748.7412   4.0 1 1 
	        991.99  5741.8278   5741.829   4.0 1 1 
	       1006.16 5741.16802  5741.1705   4.0 1 1 
	       1041.44 5739.51984  5739.5196   4.0 1 1 
	       1115.61  5736.0301  5736.0297   4.0 1 1 
	       1242.56 5729.97767  5729.9823   4.0 1 1 
	       1289.51  5727.7144  5727.7103   4.0 1 1 
	       1337.43 5725.39009  5725.3885   4.0 1 1 
	       1443.68 5720.18645  5720.1828   4.0 1 1 
	       1455.06 5719.62486  5719.6227   4.0 1 1 
	       1504.59 5717.17224  5717.1711   4.0 1 1 
	       1533.71   5715.723  5715.7244   4.0 1 1 
	       1673.88 5708.67589  5708.6794   4.0 1 1 
	       1704.80 5707.10519  5707.1033   4.0 1 1 
	       1733.61 5705.63634  5705.6371   4.0 1 1 
	       1791.87 5702.65045  5702.6511   4.0 1 1 
	       1825.60 5700.91275  5700.9176   4.0 1 1 
	       1876.12 5698.29662  5698.2937   4.0 1 1 
	       1912.75 5696.39043  5696.3904   4.0 1 1 
	       2002.91 5691.66388  5691.6612   4.0 1 1 
	       2021.33 5690.69184  5690.6934   4.0 1 1 
	function chebyshev
	order 4
	sample *
	naverage 1
	niterate 2000
	low_reject 3.
	high_reject 3.
	grow 0.
	coefficients	8
		1.
		4.
		266.2691650390625
		2021.333740234375
		5733.506367334024
		-41.63100920685994
		-1.188152198333027
		0.00463339565668675

# Mon 14:51:17 06-Feb-2023
begin	identify iazcomp.0028 - Ap 28
	id	iazcomp.0028
	task	identify
	image	iazcomp.0028 - Ap 28
	aperture	28
	aplow	1362.33
	aphigh	1371.85
	units	Angstroms
	features	32
	        263.74 5773.94465  5773.9463   4.0 1 1 
	        307.21 5772.11431  5772.1143   4.0 1 1 
	        315.61 5771.75951  5771.7601   4.0 1 1 
	        399.70 5768.18102  5768.1812   4.0 1 1 
	        409.08 5767.77919  5767.7785   4.0 1 1 
	        507.48 5763.52969   5763.529   4.0 1 1 
	        524.29 5762.79765  5762.7941   4.0 1 1 
	        575.62 5760.55148  5760.5508   4.0 1 1 
	        744.88 5753.02708  5753.0265   4.0 1 1 
	        816.64 5749.78308  5749.7862   4.0 1 1 
	        825.33 5749.38834  5749.3883   4.0 1 1 
	        839.54 5748.74137  5748.7412   4.0 1 1 
	        989.70 5741.82835   5741.829   4.0 1 1 
	       1003.87 5741.16891  5741.1705   4.0 1 1 
	       1039.19 5739.51946  5739.5196   4.0 1 1 
	       1113.37 5736.02969  5736.0297   4.0 1 1 
	       1240.40 5729.97539  5729.9823   4.0 1 1 
	       1287.33 5727.71373  5727.7103   4.0 1 1 
	       1335.25 5725.38989  5725.3885   4.0 1 1 
	       1441.51 5720.18754  5720.1828   4.0 1 1 
	       1452.92  5719.6249  5719.6227   4.0 1 1 
	       1502.46 5717.17184  5717.1711   4.0 1 1 
	       1531.56 5715.72431  5715.7244   4.0 1 1 
	       1671.80 5708.67504  5708.6794   4.0 1 1 
	       1702.71 5707.10552  5707.1033   4.0 1 1 
	       1731.55 5705.63545  5705.6371   4.0 1 1 
	       1789.77 5702.65236  5702.6511   4.0 1 1 
	       1823.54 5700.91293  5700.9176   4.0 1 1 
	       1874.08 5698.29643  5698.2937   4.0 1 1 
	       1910.72 5696.39012  5696.3904   4.0 1 1 
	       2000.87 5691.66487  5691.6612   4.0 1 1 
	       2019.35 5690.69051  5690.6934   4.0 1 1 
	function chebyshev
	order 4
	sample *
	naverage 1
	niterate 2000
	low_reject 3.
	high_reject 3.
	grow 0.
	coefficients	8
		1.
		4.
		263.7378540039063
		2019.3466796875
		5733.506655129785
		-41.63166975554343
		-1.189079154981317
		0.004599934752668057

# Mon 15:29:26 27-Feb-2023
begin	identify iazcomp.0028 - Ap 28
	id	iazcomp.0028
	task	identify
	image	iazcomp.0028 - Ap 28
	aperture	28
	aplow	1362.33
	aphigh	1371.85
	units	Angstroms
	features	31
	        185.98 5777.39339  5777.4006   6.0 1 1 
	        268.51 5773.94773  5773.9463   6.0 1 1 
	        311.91  5772.1189  5772.1143   4.0 1 1 
	        320.33 5771.76265  5771.7601   6.0 1 1 
	        404.38 5768.18249  5768.1812   6.0 1 1 
	        413.77 5767.77985  5767.7785   4.0 1 1 
	        512.12 5763.52844   5763.529   4.0 1 1 
	        528.89 5762.79742  5762.7941   4.0 1 1 
	        580.25 5760.54827  5760.5508   4.0 1 1 
	        749.37 5753.02494  5753.0265   4.0 1 1 
	        821.02 5749.78429  5749.7862   6.0 1 1 
	        829.70 5749.38934  5749.3883   6.0 1 1 
	        843.97 5748.73943  5748.7412   4.0 1 1 
	        994.05 5741.82625   5741.829   4.0 1 1 
	       1008.15 5741.16971  5741.1705   6.0 1 1 
	       1043.49 5739.51807  5739.5196   4.0 1 1 
	       1117.64 5736.02853  5736.0297   4.0 1 1 
	       1291.51 5727.71286  5727.7103   4.0 1 1 
	       1339.40 5725.38957  5725.3885   4.0 1 1 
	       1445.61 5720.18668  5720.1828   4.0 1 1 
	       1457.00 5719.62447  5719.6227   4.0 1 1 
	       1506.50  5717.1729  5717.1711   6.0 1 1 
	       1535.58 5715.72519  5715.7244   4.0 1 1 
	       1675.77 5708.67474  5708.6794   6.0 1 1 
	       1706.66 5707.10514  5707.1033   4.0 1 1 
	       1735.48 5705.63566  5705.6371   6.0 1 1 
	       1793.70 5702.65118  5702.6511   4.0 1 1 
	       1827.42 5700.91291  5700.9176   4.0 1 1 
	       1877.90 5698.29803  5698.2937   6.0 1 1 
	       1914.60 5696.38728  5696.3904   4.0 1 1 
	       2004.67 5691.66321  5691.6612   4.0 1 1 
	function chebyshev
	order 4
	sample *
	naverage 1
	niterate 2000
	low_reject 3.
	high_reject 3.
	grow 0.
	coefficients	8
		1.
		4.
		185.9774932861328
		2004.667236328125
		5735.805366435313
		-42.86866822784282
		-1.277068044736097
		0.003577277189862582

# Tue 13:40:30 16-May-2023
begin	identify iazcomp.0028 - Ap 28
	id	iazcomp.0028
	task	identify
	image	iazcomp.0028 - Ap 28
	aperture	28
	aplow	1362.33
	aphigh	1371.85
	units	Angstroms
	features	31
	        185.16 5777.39337  5777.4006   6.0 1 1 
	        267.69 5773.94853  5773.9463   6.0 1 1 
	        311.16 5772.11681  5772.1143   4.0 1 1 
	        319.52 5771.76328  5771.7601   6.0 1 1 
	        403.60 5768.18241  5768.1812   6.0 1 1 
	        413.00 5767.77962  5767.7785   4.0 1 1 
	        511.37 5763.52808   5763.529   4.0 1 1 
	        528.14 5762.79737  5762.7941   4.0 1 1 
	        579.43 5760.55129  5760.5508   4.0 1 1 
	        748.66 5753.02466  5753.0265   4.0 1 1 
	        820.31 5749.78391  5749.7862   6.0 1 1 
	        828.99 5749.38908  5749.3883   6.0 1 1 
	        843.27 5748.73897  5748.7412   4.0 1 1 
	        993.36  5741.8261   5741.829   4.0 1 1 
	       1007.46 5741.16945  5741.1705   6.0 1 1 
	       1042.82 5739.51748  5739.5196   4.0 1 1 
	       1116.97 5736.02829  5736.0297   4.0 1 1 
	       1290.86 5727.71239  5727.7103   4.0 1 1 
	       1338.74 5725.38988  5725.3885   4.0 1 1 
	       1444.92  5720.1893  5720.1828   4.0 1 1 
	       1456.36 5719.62476  5719.6227   4.0 1 1 
	       1505.87 5717.17287  5717.1711   6.0 1 1 
	       1534.98 5715.72402  5715.7244   4.0 1 1 
	       1675.17 5708.67486  5708.6794   6.0 1 1 
	       1706.07 5707.10465  5707.1033   4.0 1 1 
	       1734.89  5705.6352  5705.6371   6.0 1 1 
	       1793.12 5702.65045  5702.6511   4.0 1 1 
	       1826.83  5700.9132  5700.9176   4.0 1 1 
	       1877.32 5698.29856  5698.2937   6.0 1 1 
	       1914.02 5696.38791  5696.3904   4.0 1 1 
	       2004.13 5691.66274  5691.6612   4.0 1 1 
	function chebyshev
	order 4
	sample *
	naverage 1
	niterate 2000
	low_reject 3.
	high_reject 3.
	grow 0.
	coefficients	8
		1.
		4.
		185.1612243652344
		2004.1259765625
		5735.805189320328
		-42.8692007148176
		-1.277134135077278
		0.003887817200629228

# Mon 15:28:47 14-Aug-2023
begin	identify iazcomp.0028 - Ap 28
	id	iazcomp.0028
	task	identify
	image	iazcomp.0028 - Ap 28
	aperture	28
	aplow	1362.33
	aphigh	1371.85
	units	Angstroms
	features	29
	        188.81 5777.39474  5777.4006   6.0 1 1 
	        271.33 5773.94898  5773.9463   6.0 1 1 
	        323.14  5771.7636  5771.7601   6.0 1 1 
	        407.18  5768.1832  5768.1812   6.0 1 1 
	        416.59 5767.77959  5767.7785   4.0 1 1 
	        514.91  5763.5284   5763.529   4.0 1 1 
	        531.68  5762.7975  5762.7941   4.0 1 1 
	        583.01 5760.54864  5760.5508   4.0 1 1 
	        752.11 5753.02455  5753.0265   4.0 1 1 
	        823.73 5749.78425  5749.7862   6.0 1 1 
	        832.41 5749.38925  5749.3883   6.0 1 1 
	        846.67 5748.73944  5748.7412   4.0 1 1 
	        996.70 5741.82681   5741.829   4.0 1 1 
	       1010.80 5741.16977  5741.1705   6.0 1 1 
	       1046.15 5739.51777  5739.5196   4.0 1 1 
	       1120.26 5736.02912  5736.0297   4.0 1 1 
	       1294.08 5727.71359  5727.7103   4.0 1 1 
	       1341.96 5725.39045  5725.3885   4.0 1 1 
	       1448.04 5720.19337  5720.1828   4.0 1 0 
	       1459.54 5719.62566  5719.6227   4.0 1 1 
	       1509.04 5717.17345  5717.1711   6.0 1 1 
	       1538.12 5715.72568  5715.7244   4.0 1 1 
	       1678.29 5708.67519  5708.6794   6.0 1 1 
	       1709.18 5707.10559  5707.1033   4.0 1 1 
	       1738.01 5705.63514  5705.6371   6.0 1 1 
	       1796.21 5702.65136  5702.6511   4.0 1 1 
	       1829.92 5700.91385  5700.9176   4.0 1 1 
	       1917.09 5696.38844  5696.3904   4.0 1 1 
	       2007.15 5691.66468  5691.6612   4.0 1 1 
	function chebyshev
	order 4
	sample *
	naverage 1
	niterate 2000
	low_reject 3.
	high_reject 3.
	grow 0.
	coefficients	8
		1.
		4.
		188.8121185302734
		2007.153198242187
		5735.805516457324
		-42.86926044621387
		-1.275806997469494
		0.004234139646007158

# Mon 16:09:27 14-Aug-2023
begin	identify iazcomp.0028 - Ap 28
	id	iazcomp.0028
	task	identify
	image	iazcomp.0028 - Ap 28
	aperture	28
	aplow	1362.33
	aphigh	1371.85
	units	Angstroms
	features	29
	        188.84 5777.39369  5777.4006   6.0 1 1 
	        271.33 5773.94926  5773.9463   6.0 1 1 
	        323.17 5771.76309  5771.7601   6.0 1 1 
	        407.20 5768.18332  5768.1812   6.0 1 1 
	        416.61 5767.77969  5767.7785   4.0 1 1 
	        514.95 5763.52845   5763.529   4.0 1 1 
	        531.71 5762.79798  5762.7941   4.0 1 1 
	        582.99 5760.55212  5760.5508   4.0 1 1 
	        752.21 5753.02402  5753.0265   4.0 1 1 
	        823.83 5749.78387  5749.7862   6.0 1 1 
	        832.52 5749.38891  5749.3883   6.0 1 1 
	        846.78 5748.73898  5748.7412   4.0 1 1 
	        996.86 5741.82575   5741.829   4.0 1 1 
	       1010.95 5741.16957  5741.1705   6.0 1 1 
	       1046.32 5739.51695  5739.5196   4.0 1 1 
	       1120.44  5736.0284  5736.0297   4.0 1 1 
	       1294.30 5727.71271  5727.7103   4.0 1 1 
	       1342.20 5725.38903  5725.3885   4.0 1 1 
	       1448.35 5720.18925  5720.1828   4.0 1 1 
	       1459.80 5719.62445  5719.6227   4.0 1 1 
	       1509.29 5717.17314  5717.1711   6.0 1 1 
	       1538.39 5715.72499  5715.7244   4.0 1 1 
	       1678.58 5708.67457  5708.6794   6.0 1 1 
	       1709.46 5707.10532  5707.1033   4.0 1 1 
	       1738.26 5705.63682  5705.6371   6.0 1 1 
	       1796.50 5702.65147  5702.6511   4.0 1 1 
	       1830.23 5700.91316  5700.9176   4.0 1 1 
	       1917.40  5696.3883  5696.3904   4.0 1 1 
	       2007.47 5691.66426  5691.6612   4.0 1 1 
	function chebyshev
	order 4
	sample *
	naverage 1
	niterate 2000
	low_reject 3.
	high_reject 3.
	grow 0.
	coefficients	8
		1.
		4.
		188.8362731933594
		2007.473999023438
		5735.804846773236
		-42.86841574817511
		-1.275872120151957
		0.003698234838631098

