# Tue 22:38:38 07-Sep-2021
begin	identify iazcomp.0012 - Ap 12
	id	iazcomp.0012
	task	identify
	image	iazcomp.0012 - Ap 12
	aperture	12
	aplow	1107.77
	aphigh	1116.43
	units	Angstroms
	features	45
	         78.81 4596.09462  4596.0967   4.0 1 1 
	         99.62 4595.41873  4595.4206   4.0 1 1 
	        154.11 4593.63883  4593.6437   4.0 1 1 
	        183.63 4592.66858   4592.666   4.0 1 1 
	        267.07 4589.90219  4589.8978   4.0 1 1 
	        286.02 4589.26884  4589.2668   4.0 1 1 
	        311.07 4588.42938  4588.4261   4.0 1 1 
	        562.55 4579.82792  4579.8272   4.0 1 1 
	        576.21 4579.35177  4579.3495   4.0 1 1 
	        727.20 4574.02671  4574.0279   4.0 1 1 
	        736.21 4573.70556  4573.7038   4.0 1 1 
	        805.68 4571.21447  4571.2195   4.0 1 1 
	        812.43 4570.97137  4570.9722   4.0 1 1 
	        880.04 4568.52218  4568.5235   4.0 1 1 
	        890.46 4568.14288  4568.1426   4.0 1 1 
	        915.21 4567.23925  4567.2403   4.0 1 1 
	        980.72 4564.83353  4564.8354   4.0 1 1 
	        992.34 4564.40437  4564.4054   4.0 1 1 
	       1055.01  4562.0796  4562.0803   4.0 1 1 
	       1074.63 4561.34807  4561.3477   4.0 1 1 
	       1128.96 4559.31178   4559.312   4.0 1 1 
	       1135.76 4559.05593  4559.0571   4.0 1 1 
	       1154.63 4558.34479  4558.3458   4.0 1 1 
	       1206.44   4556.383  4556.3872   4.0 1 1 
	       1221.45  4555.8122  4555.8127   4.0 1 1 
	       1316.81 4552.16027  4552.1536   4.0 1 1 
	       1334.47 4551.47902  4551.4736   4.0 1 1 
	       1430.21 4547.75967  4547.7589   4.0 1 1 
	       1443.37 4547.24493  4547.2498   4.0 1 1 
	       1457.80 4546.67962  4546.6757   4.0 1 1 
	       1477.26 4545.91574  4545.9156   4.0 1 1 
	       1499.18 4545.05266  4545.0519   4.0 1 1 
	       1512.73 4544.51812  4544.5142   4.0 1 1 
	       1529.16   4543.869  4543.8692   4.0 1 1 
	       1540.70 4543.41217  4543.4153   4.0 1 1 
	       1601.36 4540.99971   4540.999   4.0 1 1 
	       1685.03 4537.64345  4537.6426   4.0 1 1 
	       1726.19 4535.97986  4535.9798   4.0 1 1 
	       1744.07 4535.25481  4535.2546   4.0 1 1 
	       1772.00 4534.11894  4534.1198   4.0 1 1 
	       1792.07 4533.30015  4533.3042   4.0 1 1 
	       1797.55 4533.07655   4533.077   4.0 1 1 
	       1817.55 4532.25843  4532.2577   4.0 1 1 
	       1859.10 4530.55214  4530.5523   4.0 1 1 
	       1864.74 4530.31991  4530.3191   4.0 1 1 
	function chebyshev
	order 4
	sample *
	naverage 1
	niterate 2000
	low_reject 3.
	high_reject 3.
	grow 0.
	coefficients	8
		1.
		4.
		78.8072509765625
		1864.743530273437
		4564.185218606215
		-32.89008694314931
		-0.9779530431799833
		0.002727746090223087

# Fri 10:51:28 11-Mar-2022
begin	identify iazcomp.0012 - Ap 12
	id	iazcomp.0012
	task	identify
	image	iazcomp.0012 - Ap 12
	aperture	12
	aplow	1107.77
	aphigh	1116.43
	units	Angstroms
	features	40
	         63.65  4596.0922  4596.0967   4.0 1 1 
	         84.42 4595.41786  4595.4206   4.0 1 1 
	        168.48 4592.66683   4592.666   4.0 1 1 
	        251.90 4589.90199  4589.8978   4.0 1 1 
	        270.83 4589.26987  4589.2668   4.0 1 1 
	        295.92  4588.4292  4588.4261   4.0 1 1 
	        547.53 4579.82675  4579.8272   4.0 1 1 
	        561.17 4579.35162  4579.3495   4.0 1 1 
	        712.25 4574.02574  4574.0279   4.0 1 1 
	        721.17 4573.70791  4573.7038   4.0 1 1 
	        797.50 4570.97141  4570.9722   4.0 1 1 
	        865.14  4568.5222  4568.5235   4.0 1 1 
	        875.61 4568.14137  4568.1426   4.0 1 1 
	        900.37 4567.23806  4567.2403   4.0 1 1 
	        965.92 4564.83197  4564.8354   4.0 1 1 
	        977.51 4564.40438  4564.4054   4.0 1 1 
	       1029.58 4562.47503  4562.4756   4.0 1 1 
	       1040.17 4562.08107  4562.0803   4.0 1 1 
	       1059.87 4561.34691  4561.3477   4.0 1 1 
	       1114.29  4559.3085   4559.312   4.0 1 1 
	       1121.03 4559.05496  4559.0571   4.0 1 1 
	       1139.90 4558.34412  4558.3458   4.0 1 1 
	       1206.76 4555.81131  4555.8127   4.0 1 1 
	       1319.81 4551.47965  4551.4736   4.0 1 1 
	       1415.64 4547.75924  4547.7589   4.0 1 1 
	       1443.21 4546.68048  4546.6757   4.0 1 1 
	       1462.72 4545.91503  4545.9156   4.0 1 1 
	       1484.64 4545.05261  4545.0519   4.0 1 1 
	       1498.21  4544.5176  4544.5142   4.0 1 1 
	       1514.62 4543.86977  4543.8692   4.0 1 1 
	       1586.90 4540.99928   4540.999   4.0 1 1 
	       1670.59 4537.64401  4537.6426   4.0 1 1 
	       1711.75 4535.98146  4535.9798   4.0 1 1 
	       1729.68 4535.25478  4535.2546   4.0 1 1 
	       1757.62 4534.11928  4534.1198   4.0 1 1 
	       1777.71 4533.30031  4533.3042   4.0 1 1 
	       1783.20 4533.07604   4533.077   4.0 1 1 
	       1803.26  4532.2562  4532.2577   4.0 1 1 
	       1844.79 4530.55224  4530.5523   4.0 1 1 
	       1850.45 4530.31896  4530.3191   4.0 1 1 
	function chebyshev
	order 4
	sample *
	naverage 1
	niterate 2000
	low_reject 3.
	high_reject 3.
	grow 0.
	coefficients	8
		1.
		4.
		63.65321350097656
		1850.454956054687
		4564.182048229386
		-32.8891965596204
		-0.9764704912064703
		0.002575280796499826

# Tue 15:08:29 29-Mar-2022
begin	identify iazcomp.0012 - Ap 12
	id	iazcomp.0012
	task	identify
	image	iazcomp.0012 - Ap 12
	aperture	12
	aplow	1107.77
	aphigh	1116.43
	units	Angstroms
	features	40
	         64.31 4596.09267  4596.0967   4.0 1 1 
	         85.12 4595.41703  4595.4206   4.0 1 1 
	        169.14 4592.66722   4592.666   4.0 1 1 
	        252.60 4589.90112  4589.8978   4.0 1 1 
	        271.43 4589.27208  4589.2668   4.0 1 1 
	        296.61 4588.42832  4588.4261   4.0 1 1 
	        548.18 4579.82663  4579.8272   4.0 1 1 
	        561.82 4579.35139  4579.3495   4.0 1 1 
	        712.84  4574.0273  4574.0279   4.0 1 1 
	        721.88 4573.70517  4573.7038   4.0 1 1 
	        798.14 4570.97076  4570.9722   4.0 1 1 
	        865.74 4568.52306  4568.5235   4.0 1 1 
	        876.23  4568.1411  4568.1426   4.0 1 1 
	        900.98 4567.23811  4567.2403   4.0 1 1 
	        966.50 4564.83266  4564.8354   4.0 1 1 
	        978.12 4564.40399  4564.4054   4.0 1 1 
	       1030.17 4562.47538  4562.4756   4.0 1 1 
	       1040.84 4562.07833  4562.0803   4.0 1 1 
	       1060.45  4561.3474  4561.3477   4.0 1 1 
	       1114.77 4559.31231   4559.312   4.0 1 1 
	       1121.61 4559.05531  4559.0571   4.0 1 1 
	       1140.50  4558.3437  4558.3458   4.0 1 1 
	       1207.34 4555.81165  4555.8127   4.0 1 1 
	       1320.39 4551.47963  4551.4736   4.0 1 1 
	       1416.21 4547.75882  4547.7589   4.0 1 1 
	       1443.78 4546.68019  4546.6757   4.0 1 1 
	       1463.29 4545.91481  4545.9156   4.0 1 1 
	       1485.21 4545.05215  4545.0519   4.0 1 1 
	       1498.75 4544.51842  4544.5142   4.0 1 1 
	       1515.17 4543.86973  4543.8692   4.0 1 1 
	       1587.45 4540.99943   4540.999   4.0 1 1 
	       1671.16 4537.64317  4537.6426   4.0 1 1 
	       1712.36 4535.97929  4535.9798   4.0 1 1 
	       1730.24 4535.25446  4535.2546   4.0 1 1 
	       1758.16 4534.11939  4534.1198   4.0 1 1 
	       1778.27 4533.29978  4533.3042   4.0 1 1 
	       1783.74 4533.07661   4533.077   4.0 1 1 
	       1803.76 4532.25812  4532.2577   4.0 1 1 
	       1845.32 4530.55274  4530.5523   4.0 1 1 
	       1851.01 4530.31878  4530.3191   4.0 1 1 
	function chebyshev
	order 4
	sample *
	naverage 1
	niterate 2000
	low_reject 3.
	high_reject 3.
	grow 0.
	coefficients	8
		1.
		4.
		64.30670166015625
		1851.008544921875
		4564.182193338173
		-32.8898816192766
		-0.976470581293406
		0.002937426274976736

# Mon 18:59:37 30-Jan-2023
begin	identify iazcomp.0012 - Ap 12
	id	iazcomp.0012
	task	identify
	image	iazcomp.0012 - Ap 12
	aperture	12
	aplow	1107.77
	aphigh	1116.43
	units	Angstroms
	features	45
	         75.97 4596.09468  4596.0967   4.0 1 1 
	         96.80 4595.41851  4595.4206   4.0 1 1 
	        151.31 4593.63837  4593.6437   4.0 1 1 
	        180.84 4592.66802   4592.666   4.0 1 1 
	        264.28 4589.90225  4589.8978   4.0 1 1 
	        283.20 4589.27032  4589.2668   4.0 1 1 
	        308.30 4588.42921  4588.4261   4.0 1 1 
	        559.84 4579.82745  4579.8272   4.0 1 1 
	        573.49 4579.35196  4579.3495   4.0 1 1 
	        724.47 4574.02834  4574.0279   4.0 1 1 
	        733.53 4573.70531  4573.7038   4.0 1 1 
	        803.01  4571.2146  4571.2195   4.0 1 1 
	        809.75 4570.97166  4570.9722   4.0 1 1 
	        877.39 4568.52189  4568.5235   4.0 1 1 
	        887.81 4568.14257  4568.1426   4.0 1 1 
	        912.57 4567.23878  4567.2403   4.0 1 1 
	        978.08  4564.8333  4564.8354   4.0 1 1 
	        989.69 4564.40482  4564.4054   4.0 1 1 
	       1041.74 4562.47591  4562.4756   4.0 1 1 
	       1052.38 4562.07994  4562.0803   4.0 1 1 
	       1072.01 4561.34778  4561.3477   4.0 1 1 
	       1126.33 4559.31228   4559.312   4.0 1 1 
	       1133.17 4559.05498  4559.0571   4.0 1 1 
	       1151.99 4558.34561  4558.3458   4.0 1 1 
	       1203.85 4556.38237  4556.3872   4.0 1 1 
	       1218.84 4555.81242  4555.8127   4.0 1 1 
	       1331.89 4551.47909  4551.4736   4.0 1 1 
	       1427.65 4547.75957  4547.7589   4.0 1 1 
	       1440.82 4547.24433  4547.2498   4.0 1 1 
	       1455.17 4546.68224  4546.6757   4.0 1 1 
	       1474.69 4545.91613  4545.9156   4.0 1 1 
	       1496.62 4545.05312  4545.0519   4.0 1 1 
	       1510.18 4544.51829  4544.5142   4.0 1 1 
	       1526.53 4543.87194  4543.8692   4.0 1 1 
	       1538.14 4543.41257  4543.4153   4.0 1 1 
	       1598.83 4540.99967   4540.999   4.0 1 1 
	       1682.47 4537.64491  4537.6426   4.0 1 1 
	       1723.70 4535.97893  4535.9798   4.0 1 1 
	       1741.55 4535.25489  4535.2546   4.0 1 1 
	       1769.47 4534.11955  4534.1198   4.0 1 1 
	       1789.54 4533.30117  4533.3042   4.0 1 1 
	       1795.06 4533.07567   4533.077   4.0 1 1 
	       1815.07 4532.25722  4532.2577   4.0 1 1 
	       1856.60 4530.55246  4530.5523   4.0 1 1 
	       1862.28 4530.31863  4530.3191   4.0 1 1 
	function chebyshev
	order 4
	sample *
	naverage 1
	niterate 2000
	low_reject 3.
	high_reject 3.
	grow 0.
	coefficients	8
		1.
		4.
		75.96940612792968
		1862.279296875
		4564.185097051787
		-32.8908734857891
		-0.9784433967967385
		0.002851993068029801

# Fri 11:53:36 03-Feb-2023
begin	identify iazcomp.0012 - Ap 12
	id	iazcomp.0012
	task	identify
	image	iazcomp.0012 - Ap 12
	aperture	12
	aplow	1107.77
	aphigh	1116.43
	units	Angstroms
	features	45
	         74.58 4596.09459  4596.0967   4.0 1 1 
	         95.41 4595.41848  4595.4206   4.0 1 1 
	        149.86 4593.64063  4593.6437   4.0 1 1 
	        179.45 4592.66809   4592.666   4.0 1 1 
	        262.91 4589.90232  4589.8978   4.0 1 1 
	        281.94 4589.26664  4589.2668   4.0 1 1 
	        306.92 4588.42959  4588.4261   4.0 1 1 
	        558.52 4579.82759  4579.8272   4.0 1 1 
	        572.17 4579.35175  4579.3495   4.0 1 1 
	        723.15 4574.02934  4574.0279   4.0 1 1 
	        732.24 4573.70532  4573.7038   4.0 1 1 
	        801.73 4571.21475  4571.2195   4.0 1 1 
	        808.49 4570.97137  4570.9722   4.0 1 1 
	        876.12 4568.52244  4568.5235   4.0 1 1 
	        886.55  4568.1425  4568.1426   4.0 1 1 
	        911.31 4567.23895  4567.2403   4.0 1 1 
	        976.84 4564.83347  4564.8354   4.0 1 1 
	        988.46 4564.40456  4564.4054   4.0 1 1 
	       1040.51 4562.47576  4562.4756   4.0 1 1 
	       1051.17 4562.07936  4562.0803   4.0 1 1 
	       1070.77 4561.34835  4561.3477   4.0 1 1 
	       1125.12 4559.31214   4559.312   4.0 1 1 
	       1131.95  4559.0551  4559.0571   4.0 1 1 
	       1150.79 4558.34557  4558.3458   4.0 1 1 
	       1202.63 4556.38312  4556.3872   4.0 1 1 
	       1217.65 4555.81225  4555.8127   4.0 1 1 
	       1330.69 4551.47964  4551.4736   4.0 1 1 
	       1426.46 4547.76063  4547.7589   4.0 1 1 
	       1439.65  4547.2449  4547.2498   4.0 1 1 
	       1454.06 4546.68032  4546.6757   4.0 1 1 
	       1473.52 4545.91639  4545.9156   4.0 1 1 
	       1495.45 4545.05348  4545.0519   4.0 1 1 
	       1509.02 4544.51832  4544.5142   4.0 1 1 
	       1525.43 4543.87004  4543.8692   4.0 1 1 
	       1537.02 4543.41146  4543.4153   4.0 1 1 
	       1597.67 4541.00026   4540.999   4.0 1 1 
	       1681.36  4537.6438  4537.6426   4.0 1 1 
	       1722.52 4535.98075  4535.9798   4.0 1 1 
	       1740.41 4535.25525  4535.2546   4.0 1 1 
	       1768.34 4534.11968  4534.1198   4.0 1 1 
	       1788.43 4533.30028  4533.3042   4.0 1 1 
	       1793.93 4533.07566   4533.077   4.0 1 1 
	       1813.94 4532.25727  4532.2577   4.0 1 1 
	       1855.46 4530.55295  4530.5523   4.0 1 1 
	       1861.15  4530.3186  4530.3191   4.0 1 1 
	function chebyshev
	order 4
	sample *
	naverage 1
	niterate 2000
	low_reject 3.
	high_reject 3.
	grow 0.
	coefficients	8
		1.
		4.
		74.58081817626952
		1861.152954101562
		4564.185337659013
		-32.89045339526387
		-0.9787409873004995
		0.002459822868230264

# Mon 14:50:39 06-Feb-2023
begin	identify iazcomp.0012 - Ap 12
	id	iazcomp.0012
	task	identify
	image	iazcomp.0012 - Ap 12
	aperture	12
	aplow	1107.77
	aphigh	1116.43
	units	Angstroms
	features	45
	         71.99 4596.09459  4596.0967   4.0 1 1 
	         92.83 4595.41845  4595.4206   4.0 1 1 
	        147.36 4593.63827  4593.6437   4.0 1 1 
	        176.88 4592.66854   4592.666   4.0 1 1 
	        260.39 4589.90194  4589.8978   4.0 1 1 
	        279.30 4589.27073  4589.2668   4.0 1 1 
	        304.41 4588.42968  4588.4261   4.0 1 1 
	        556.13 4579.82585  4579.8272   4.0 1 1 
	        569.75 4579.35154  4579.3495   4.0 1 1 
	        720.89 4574.02509  4574.0279   4.0 1 1 
	        729.85 4573.70597  4573.7038   4.0 1 1 
	        806.14 4570.97102  4571.2195   4.0 1 0 
	        806.15 4570.97093  4570.9722   4.0 1 1 
	        873.77 4568.52311  4568.5235   4.0 1 1 
	        884.25 4568.14172  4568.1426   4.0 1 1 
	        909.01 4567.23839  4567.2403   4.0 1 1 
	        974.56 4564.83276  4564.8354   4.0 1 1 
	        986.18 4564.40422  4564.4054   4.0 1 1 
	       1038.20 4562.47691  4562.4756   4.0 1 1 
	       1048.86  4562.0806  4562.0803   4.0 1 1 
	       1068.52 4561.34783  4561.3477   4.0 1 1 
	       1122.88 4559.31176   4559.312   4.0 1 1 
	       1129.70  4559.0553  4559.0571   4.0 1 1 
	       1148.55 4558.34505  4558.3458   4.0 1 1 
	       1200.41 4556.38274  4556.3872   4.0 1 1 
	       1215.42 4555.81246  4555.8127   4.0 1 1 
	       1328.50 4551.47955  4551.4736   4.0 1 1 
	       1424.30 4547.76022  4547.7589   4.0 1 1 
	       1437.47 4547.24527  4547.2498   4.0 1 1 
	       1451.89 4546.68081  4546.6757   4.0 1 1 
	       1471.39  4545.9158  4545.9156   4.0 1 1 
	       1493.32 4545.05298  4545.0519   4.0 1 1 
	       1506.87 4544.51881  4544.5142   4.0 1 1 
	       1523.29 4543.87001  4543.8692   4.0 1 1 
	       1534.86 4543.41222  4543.4153   4.0 1 1 
	       1595.56 4540.99993   4540.999   4.0 1 1 
	       1679.27 4537.64357  4537.6426   4.0 1 1 
	       1720.42 4535.98109  4535.9798   4.0 1 1 
	       1738.34 4535.25496  4535.2546   4.0 1 1 
	       1766.28 4534.11897  4534.1198   4.0 1 1 
	       1786.37     4533.3  4533.3042   4.0 1 1 
	       1791.84 4533.07675   4533.077   4.0 1 1 
	       1811.85 4532.25824  4532.2577   4.0 1 1 
	       1853.42  4530.5524  4530.5523   4.0 1 1 
	       1859.11 4530.31819  4530.3191   4.0 1 1 
	function chebyshev
	order 4
	sample *
	naverage 1
	niterate 2000
	low_reject 3.
	high_reject 3.
	grow 0.
	coefficients	8
		1.
		4.
		71.99344635009765
		1859.111938476563
		4564.185449366521
		-32.89054789430387
		-0.9790635806776462
		0.002348440028142138

# Mon 15:26:19 27-Feb-2023
begin	identify iazcomp.0012 - Ap 12
	id	iazcomp.0012
	task	identify
	image	iazcomp.0012 - Ap 12
	aperture	12
	aplow	1107.77
	aphigh	1116.43
	units	Angstroms
	features	43
	         76.98 4596.09441  4596.0967   6.0 1 1 
	         97.78 4595.41856  4595.4206   6.0 1 1 
	        181.79 4592.66773   4592.666   4.0 1 1 
	        265.24 4589.90076  4589.8978   4.0 1 1 
	        284.21 4589.26688  4589.2668   6.0 1 1 
	        309.24 4588.42807  4588.4261   4.0 1 1 
	        560.73 4579.82612  4579.8272   4.0 1 1 
	        574.39  4579.3502  4579.3495   4.0 1 1 
	        734.42  4573.7034  4573.7038   4.0 1 1 
	        810.56 4570.97275  4570.9722   6.0 1 1 
	        878.18 4568.52348  4568.5235   4.0 1 1 
	        888.69 4568.14095  4568.1426   4.0 1 1 
	        913.37 4567.24019  4567.2403   6.0 1 1 
	        978.88 4564.83469  4564.8354   6.0 1 1 
	        990.51 4564.40541  4564.4054   6.0 1 1 
	       1042.53 4562.47743  4562.4756   4.0 1 1 
	       1053.20 4562.08007  4562.0803   4.0 1 1 
	       1072.85 4561.34726  4561.3477   4.0 1 1 
	       1127.19 4559.31115   4559.312   4.0 1 1 
	       1152.86 4558.34423  4558.3458   4.0 1 1 
	       1204.66 4556.38279  4556.3872   6.0 1 1 
	       1219.69 4555.81155  4555.8127   4.0 1 1 
	       1332.69 4551.47954  4551.4736   4.0 1 1 
	       1428.45 4547.75957  4547.7589   4.0 1 1 
	       1441.61 4547.24474  4547.2498   4.0 1 1 
	       1456.02 4546.68028  4546.6757   4.0 1 1 
	       1475.50 4545.91542  4545.9156   4.0 1 1 
	       1497.41 4545.05281  4545.0519   4.0 1 1 
	       1510.98 4544.51752  4544.5142   4.0 1 1 
	       1527.39 4543.86922  4543.8692   4.0 1 1 
	       1538.96 4543.41105  4543.4153   4.0 1 1 
	       1599.61 4540.99936   4540.999   4.0 1 1 
	       1683.29 4537.64209  4537.6426   4.0 1 1 
	       1724.40 4535.98012  4535.9798   6.0 1 1 
	       1736.31 4535.49727  4535.4903   6.0 1 1 
	       1742.28 4535.25508  4535.2546   6.0 1 1 
	       1763.16 4534.40582  4534.4025   6.0 1 1 
	       1770.20 4534.11934  4534.1198   6.0 1 1 
	       1790.33  4533.2979  4533.3042   4.0 1 1 
	       1795.73 4533.07742   4533.077   6.0 1 1 
	       1815.81 4532.25584  4532.2577   4.0 1 1 
	       1857.34 4530.55021  4530.5523   4.0 1 1 
	       1862.94  4530.3196  4530.3191   6.0 1 1 
	function chebyshev
	order 4
	sample *
	naverage 1
	niterate 2000
	low_reject 3.
	high_reject 3.
	grow 0.
	coefficients	8
		1.
		4.
		76.97525787353515
		1862.941162109375
		4564.185224913991
		-32.88903460122147
		-0.9782181221027775
		0.001631592518884975

# Tue 13:40:06 16-May-2023
begin	identify iazcomp.0012 - Ap 12
	id	iazcomp.0012
	task	identify
	image	iazcomp.0012 - Ap 12
	aperture	12
	aplow	1107.77
	aphigh	1116.43
	units	Angstroms
	features	43
	         76.13 4596.09463  4596.0967   6.0 1 1 
	         96.94 4595.41877  4595.4206   6.0 1 1 
	        181.01 4592.66716   4592.666   4.0 1 1 
	        264.46  4589.9008  4589.8978   4.0 1 1 
	        283.43 4589.26705  4589.2668   6.0 1 1 
	        308.48 4588.42763  4588.4261   4.0 1 1 
	        560.02 4579.82583  4579.8272   4.0 1 1 
	        573.66  4579.3504  4579.3495   4.0 1 1 
	        733.69 4573.70464  4573.7038   4.0 1 1 
	        809.86 4570.97293  4570.9722   6.0 1 1 
	        877.49 4568.52395  4568.5235   4.0 1 1 
	        888.00 4568.14131  4568.1426   4.0 1 1 
	        912.69 4567.24023  4567.2403   6.0 1 1 
	        978.19 4564.83519  4564.8354   6.0 1 1 
	        989.82  4564.4059  4564.4054   6.0 1 1 
	       1041.91 4562.47546  4562.4756   4.0 1 1 
	       1052.56  4562.0791  4562.0803   4.0 1 1 
	       1072.19 4561.34695  4561.3477   4.0 1 1 
	       1126.58  4559.3089   4559.312   4.0 1 1 
	       1152.18  4558.3446  4558.3458   4.0 1 1 
	       1203.98 4556.38365  4556.3872   6.0 1 1 
	       1219.02 4555.81185  4555.8127   4.0 1 1 
	       1332.04 4551.47969  4551.4736   4.0 1 1 
	       1427.81 4547.75946  4547.7589   4.0 1 1 
	       1440.97 4547.24503  4547.2498   4.0 1 1 
	       1455.38 4546.68032  4546.6757   4.0 1 1 
	       1474.86 4545.91558  4545.9156   4.0 1 1 
	       1496.77 4545.05334  4545.0519   4.0 1 1 
	       1510.33  4544.5185  4544.5142   4.0 1 1 
	       1526.75 4543.86954  4543.8692   4.0 1 1 
	       1538.32  4543.4114  4543.4153   4.0 1 1 
	       1599.00 4540.99865   4540.999   4.0 1 1 
	       1682.66 4537.64287  4537.6426   4.0 1 1 
	       1723.81  4535.9797  4535.9798   6.0 1 1 
	       1735.72 4535.49682  4535.4903   6.0 1 1 
	       1741.67 4535.25524  4535.2546   6.0 1 1 
	       1762.63 4534.40309  4534.4025   6.0 1 1 
	       1769.60 4534.11906  4534.1198   6.0 1 1 
	       1789.72 4533.29847  4533.3042   4.0 1 1 
	       1795.11  4533.0782   4533.077   6.0 1 1 
	       1815.21 4532.25603  4532.2577   4.0 1 1 
	       1856.75 4530.55037  4530.5523   4.0 1 1 
	       1862.34    4530.32  4530.3191   6.0 1 1 
	function chebyshev
	order 4
	sample *
	naverage 1
	niterate 2000
	low_reject 3.
	high_reject 3.
	grow 0.
	coefficients	8
		1.
		4.
		76.13132476806641
		1862.3447265625
		4564.186213316089
		-32.88939100440137
		-0.9788989053857573
		0.002072938956462127

# Mon 15:28:22 14-Aug-2023
begin	identify iazcomp.0012 - Ap 12
	id	iazcomp.0012
	task	identify
	image	iazcomp.0012 - Ap 12
	aperture	12
	aplow	1107.77
	aphigh	1116.43
	units	Angstroms
	features	43
	         79.85 4596.09481  4596.0967   6.0 1 1 
	        100.66 4595.41869  4595.4206   6.0 1 1 
	        184.67 4592.66797   4592.666   4.0 1 1 
	        268.12 4589.90072  4589.8978   4.0 1 1 
	        287.12 4589.26588  4589.2668   6.0 1 1 
	        312.11 4588.42803  4588.4261   4.0 1 1 
	        563.60 4579.82479  4579.8272   4.0 1 1 
	        577.20 4579.35051  4579.3495   4.0 1 1 
	        737.15 4573.70491  4573.7038   4.0 1 1 
	        813.29 4570.97319  4570.9722   6.0 1 1 
	        880.90 4568.52357  4568.5235   4.0 1 1 
	        891.41 4568.14089  4568.1426   4.0 1 1 
	        916.07 4567.24054  4567.2403   6.0 1 1 
	        981.55 4564.83523  4564.8354   6.0 1 1 
	        993.18 4564.40612  4564.4054   6.0 1 1 
	       1045.24 4562.47576  4562.4756   4.0 1 1 
	       1055.90 4562.07872  4562.0803   4.0 1 1 
	       1075.51 4561.34717  4561.3477   4.0 1 1 
	       1129.83 4559.31093   4559.312   4.0 1 1 
	       1155.49 4558.34423  4558.3458   4.0 1 1 
	       1207.26 4556.38341  4556.3872   6.0 1 1 
	       1222.29 4555.81192  4555.8127   4.0 1 1 
	       1335.24 4551.48055  4551.4736   4.0 1 1 
	       1431.02 4547.75905  4547.7589   4.0 1 1 
	       1444.17 4547.24451  4547.2498   4.0 1 1 
	       1458.57 4546.68041  4546.6757   4.0 1 1 
	       1478.06 4545.91495  4545.9156   4.0 1 1 
	       1499.95 4545.05302  4545.0519   4.0 1 1 
	       1513.50 4544.51858  4544.5142   4.0 1 1 
	       1529.92 4543.86936  4543.8692   4.0 1 1 
	       1541.52 4543.41017  4543.4153   4.0 1 1 
	       1602.14 4540.99888   4540.999   4.0 1 1 
	       1685.77 4537.64338  4537.6426   4.0 1 1 
	       1726.92 4535.97983  4535.9798   6.0 1 1 
	       1738.83  4535.4971  4535.4903   6.0 1 1 
	       1744.78 4535.25546  4535.2546   6.0 1 1 
	       1765.75 4534.40263  4534.4025   6.0 1 1 
	       1772.70 4534.11968  4534.1198   6.0 1 1 
	       1792.82 4533.29886  4533.3042   4.0 1 1 
	       1792.83 4533.29837   4533.077   6.0 1 1 
	       1818.33 4532.25548  4532.2577   4.0 1 1 
	       1859.83 4530.55103  4530.5523   4.0 1 1 
	       1859.81   4530.552  4530.3191   6.0 1 1 
	function chebyshev
	order 4
	sample *
	naverage 1
	niterate 2000
	low_reject 3.
	high_reject 3.
	grow 0.
	coefficients	8
		1.
		4.
		79.84719848632811
		1818.32568359375
		4565.102778318028
		-31.92214808804991
		-0.9276329727155548
		0.002484539603877808

# Mon 16:08:44 14-Aug-2023
begin	identify iazcomp.0012 - Ap 12
	id	iazcomp.0012
	task	identify
	image	iazcomp.0012 - Ap 12
	aperture	12
	aplow	1107.77
	aphigh	1116.43
	units	Angstroms
	features	41
	         79.80 4596.09476  4596.0967   6.0 1 1 
	        100.62  4595.4186  4595.4206   6.0 1 1 
	        184.66 4592.66724   4592.666   4.0 1 1 
	        268.10 4589.90077  4589.8978   4.0 1 1 
	        287.07 4589.26695  4589.2668   6.0 1 1 
	        312.10 4588.42796  4588.4261   4.0 1 1 
	        563.62 4579.82535  4579.8272   4.0 1 1 
	        577.24 4579.35055  4579.3495   4.0 1 1 
	        737.24 4573.70459  4573.7038   4.0 1 1 
	        813.39 4570.97329  4570.9722   6.0 1 1 
	        881.07 4568.52171  4568.5235   4.0 1 1 
	        891.52 4568.14102  4568.1426   4.0 1 1 
	        916.19 4567.24073  4567.2403   6.0 1 1 
	        981.69 4564.83541  4564.8354   6.0 1 1 
	        993.31 4564.40629  4564.4054   6.0 1 1 
	       1045.34 4562.47766  4562.4756   4.0 1 1 
	       1056.08 4562.07822  4562.0803   4.0 1 1 
	       1075.68 4561.34727  4561.3477   4.0 1 1 
	       1130.06 4559.30893   4559.312   4.0 1 1 
	       1155.65 4558.34492  4558.3458   4.0 1 1 
	       1207.44 4556.38412  4556.3872   6.0 1 1 
	       1222.49 4555.81185  4555.8127   4.0 1 1 
	       1335.49 4551.47974  4551.4736   4.0 1 1 
	       1431.26 4547.75931  4547.7589   4.0 1 1 
	       1444.40 4547.24509  4547.2498   4.0 1 1 
	       1458.83 4546.68003  4546.6757   4.0 1 1 
	       1478.31 4545.91524  4545.9156   4.0 1 1 
	       1500.22 4545.05254  4545.0519   4.0 1 1 
	       1513.77 4544.51821  4544.5142   4.0 1 1 
	       1530.18 4543.86928  4543.8692   4.0 1 1 
	       1541.77 4543.41066  4543.4153   4.0 1 1 
	       1602.41 4540.99918   4540.999   4.0 1 1 
	       1686.09 4537.64206  4537.6426   4.0 1 1 
	       1727.20 4535.98049  4535.9798   6.0 1 1 
	       1739.11 4535.49742  4535.4903   6.0 1 1 
	       1745.06 4535.25584  4535.2546   6.0 1 1 
	       1766.03  4534.4032  4534.4025   6.0 1 1 
	       1772.99 4534.11989  4534.1198   6.0 1 1 
	       1793.11   4533.299  4533.3042   4.0 1 1 
	       1818.60 4532.25636  4532.2577   4.0 1 1 
	       1860.15 4530.55049  4530.5523   4.0 1 1 
	function chebyshev
	order 4
	sample *
	naverage 1
	niterate 2000
	low_reject 3.
	high_reject 3.
	grow 0.
	coefficients	8
		1.
		4.
		79.80402374267578
		1860.145751953125
		4564.294867612221
		-32.774290037083
		-0.9722394595050063
		0.002154535268111688

