# Tue 22:35:50 07-Sep-2021
begin	identify iazcomp.0011 - Ap 11
	id	iazcomp.0011
	task	identify
	image	iazcomp.0011 - Ap 11
	aperture	11
	aplow	1089.06
	aphigh	1097.54
	units	Angstroms
	features	36
	        139.53 4535.97823  4535.9798   4.0 1 1 
	        161.89 4535.25438  4535.2546   4.0 1 1 
	        196.75 4534.12083  4534.1198   4.0 1 1 
	        305.28 4530.55412  4530.5523   4.0 1 1 
	        496.54 4524.12908  4524.1289   4.0 1 1 
	        549.37 4522.32325   4522.323   4.0 1 1 
	        638.13 4519.25826  4519.2592   4.0 1 1 
	        756.34 4515.11692  4515.1182   4.0 1 1 
	        796.96 4513.67819  4513.6799   4.0 1 1 
	        809.78 4513.22251  4513.2231   4.0 1 1 
	        830.42 4512.48713  4512.4832   4.0 1 1 
	        879.46 4510.73127  4510.7332   4.0 1 1 
	       1031.47 4505.21515  4505.2167   4.0 1 1 
	       1093.62 4502.92746  4502.9268   4.0 1 1 
	       1172.90 4499.98213  4499.9832   4.0 1 1 
	       1200.69 4498.94251  4498.9401   4.0 1 1 
	       1211.41 4498.54022  4498.5384   4.0 1 1 
	       1270.51 4496.31376  4496.3155   4.0 1 1 
	       1313.29 4494.69173  4494.6907   4.0 1 1 
	       1348.93 4493.33348  4493.3337   4.0 1 1 
	       1410.24 4490.98277  4490.9816   4.0 1 1 
	       1418.24 4490.67458  4490.6715   4.0 1 1 
	       1444.42 4489.66447  4489.6645   4.0 1 1 
	       1469.88 4488.67847  4488.6803   4.0 1 1 
	       1479.37 4488.31029  4488.3123   4.0 1 1 
	       1500.32 4487.49583  4487.4955   4.0 1 1 
	       1515.68  4486.8977  4486.8973   4.0 1 1 
	       1606.25 4483.34613  4483.3468   4.0 1 1 
	       1636.07 4482.16816  4482.1693   4.0 1 1 
	       1645.11 4481.81028  4481.8107   4.0 1 1 
	       1699.76 4479.63829  4479.6376   4.0 1 1 
	       1725.88 4478.59493  4478.5958   4.0 1 1 
	       1809.78 4475.22203  4475.2214   4.0 1 1 
	       1821.23 4474.75945  4474.7594   4.0 1 1 
	       1949.64 4469.52554  4469.5253   4.0 1 1 
	       1978.93 4468.32087  4468.3208   4.0 1 1 
	function chebyshev
	order 5
	sample *
	naverage 1
	niterate 2000
	low_reject 3.
	high_reject 3.
	grow 0.
	coefficients	9
		1.
		5.
		139.5346832275391
		1978.933837890625
		4503.171751159613
		-33.8311297080042
		-1.022926562635945
		0.002451228669714219
		7.270612913694918E-4

# Fri 10:50:14 11-Mar-2022
begin	identify iazcomp.0011 - Ap 11
	id	iazcomp.0011
	task	identify
	image	iazcomp.0011 - Ap 11
	aperture	11
	aplow	1089.06
	aphigh	1097.54
	units	Angstroms
	features	44
	         72.77 4537.64195  4537.6426   4.0 1 1 
	        124.44 4535.97766  4535.9798   4.0 1 1 
	        146.79 4535.25365  4535.2546   4.0 1 1 
	        181.63 4534.12054  4534.1198   4.0 1 1 
	        213.51 4533.07833   4533.077   4.0 1 1 
	        238.48 4532.25886  4532.2577   4.0 1 1 
	        290.16  4530.5534  4530.5523   4.0 1 1 
	        297.18 4530.32101  4530.3191   4.0 1 1 
	        460.53 4524.84052  4524.8379   4.0 1 1 
	        481.58 4524.12531  4524.1289   4.0 1 1 
	        534.36 4522.32181   4522.323   4.0 1 1 
	        567.04  4521.1982  4521.1939   4.0 1 1 
	        623.18 4519.25643  4519.2592   4.0 1 1 
	        741.44 4515.11593  4515.1182   4.0 1 1 
	        782.05  4513.6785  4513.6799   4.0 1 1 
	        794.92 4513.22104  4513.2231   4.0 1 1 
	        815.58 4512.48555  4512.4832   4.0 1 1 
	        864.62 4510.73105  4510.7332   4.0 1 1 
	       1016.70 4505.21555  4505.2167   4.0 1 1 
	       1032.65 4504.63058  4504.6306   4.0 1 1 
	       1078.90 4502.92771  4502.9268   4.0 1 1 
	       1158.22 4499.98246  4499.9832   4.0 1 1 
	       1186.03 4498.94268  4498.9401   4.0 1 1 
	       1196.77 4498.54034  4498.5384   4.0 1 1 
	       1255.79 4496.31789  4496.3155   4.0 1 1 
	       1298.72 4494.69131  4494.6907   4.0 1 1 
	       1334.36 4493.33387  4493.3337   4.0 1 1 
	       1395.70 4490.98319  4490.9816   4.0 1 1 
	       1403.72 4490.67456  4490.6715   4.0 1 1 
	       1429.92 4489.66387  4489.6645   4.0 1 1 
	       1455.39 4488.67866  4488.6803   4.0 1 1 
	       1464.93 4488.30838  4488.3123   4.0 1 1 
	       1485.86 4487.49541  4487.4955   4.0 1 1 
	       1501.22 4486.89751  4486.8973   4.0 1 1 
	       1591.82 4483.34677  4483.3468   4.0 1 1 
	       1621.68 4482.16812  4482.1693   4.0 1 1 
	       1630.70 4481.81082  4481.8107   4.0 1 1 
	       1685.45 4479.63624  4479.6376   4.0 1 1 
	       1711.55 4478.59465  4478.5958   4.0 1 1 
	       1795.51 4475.22181  4475.2214   4.0 1 1 
	       1806.95 4474.75979  4474.7594   4.0 1 1 
	       1899.68 4470.99108  4470.9906   4.0 1 1 
	       1935.46 4469.52616  4469.5253   4.0 1 1 
	       1964.80 4468.32064  4468.3208   4.0 1 1 
	function chebyshev
	order 5
	sample *
	naverage 1
	niterate 2000
	low_reject 3.
	high_reject 3.
	grow 0.
	coefficients	9
		1.
		5.
		72.77398681640624
		1964.798950195313
		4504.058508591446
		-34.66214658558977
		-1.078947640144054
		0.001491819284904751
		0.001732345975310447

# Tue 15:08:28 29-Mar-2022
begin	identify iazcomp.0011 - Ap 11
	id	iazcomp.0011
	task	identify
	image	iazcomp.0011 - Ap 11
	aperture	11
	aplow	1089.06
	aphigh	1097.54
	units	Angstroms
	features	44
	         73.47 4537.64143  4537.6426   4.0 1 1 
	        125.08 4535.97886  4535.9798   4.0 1 1 
	        147.44 4535.25445  4535.2546   4.0 1 1 
	        182.35 4534.11906  4534.1198   4.0 1 1 
	        214.20 4533.07818   4533.077   4.0 1 1 
	        239.14 4532.25972  4532.2577   4.0 1 1 
	        290.86   4530.553  4530.5523   4.0 1 1 
	        297.87  4530.3206  4530.3191   4.0 1 1 
	        461.29 4524.83791  4524.8379   4.0 1 1 
	        482.19 4524.12721  4524.1289   4.0 1 1 
	        535.04 4522.32144   4522.323   4.0 1 1 
	        567.71 4521.19822  4521.1939   4.0 1 1 
	        623.80 4519.25782  4519.2592   4.0 1 1 
	        742.08 4515.11599  4515.1182   4.0 1 1 
	        782.69 4513.67853  4513.6799   4.0 1 1 
	        795.55 4513.22145  4513.2231   4.0 1 1 
	        816.22 4512.48522  4512.4832   4.0 1 1 
	        865.25 4510.73108  4510.7332   4.0 1 1 
	       1017.31 4505.21579  4505.2167   4.0 1 1 
	       1033.44 4504.62393  4504.6306   4.0 1 0 
	       1079.50 4502.92776  4502.9268   4.0 1 1 
	       1158.79 4499.98325  4499.9832   4.0 1 1 
	       1186.62 4498.94281  4498.9401   4.0 1 1 
	       1197.34 4498.54067  4498.5384   4.0 1 1 
	       1256.47 4496.31442  4496.3155   4.0 1 1 
	       1299.31 4494.69062  4494.6907   4.0 1 1 
	       1334.94 4493.33364  4493.3337   4.0 1 1 
	       1396.27 4490.98297  4490.9816   4.0 1 1 
	       1404.24 4490.67616  4490.6715   4.0 1 1 
	       1430.48 4489.66424  4489.6645   4.0 1 1 
	       1455.96 4488.67803  4488.6803   4.0 1 1 
	       1465.46 4488.30955  4488.3123   4.0 1 1 
	       1486.40 4487.49633  4487.4955   4.0 1 1 
	       1501.78 4486.89725  4486.8973   4.0 1 1 
	       1592.38 4483.34626  4483.3468   4.0 1 1 
	       1622.23 4482.16786  4482.1693   4.0 1 1 
	       1631.27 4481.81031  4481.8107   4.0 1 1 
	       1685.95 4479.63814  4479.6376   4.0 1 1 
	       1712.11  4478.5941  4478.5958   4.0 1 1 
	       1796.06 4475.22138  4475.2214   4.0 1 1 
	       1807.49 4474.75979  4474.7594   4.0 1 1 
	       1900.23 4470.99066  4470.9906   4.0 1 1 
	       1936.01 4469.52609  4469.5253   4.0 1 1 
	       1965.34 4468.32095  4468.3208   4.0 1 1 
	function chebyshev
	order 5
	sample *
	naverage 1
	niterate 2000
	low_reject 3.
	high_reject 3.
	grow 0.
	coefficients	9
		1.
		5.
		73.46629333496094
		1965.337524414063
		4504.058387181119
		-34.66227000308267
		-1.078913983536526
		0.002028433594972336
		0.001717836222110864

# Mon 18:59:17 30-Jan-2023
begin	identify iazcomp.0011 - Ap 11
	id	iazcomp.0011
	task	identify
	image	iazcomp.0011 - Ap 11
	aperture	11
	aplow	1089.06
	aphigh	1097.54
	units	Angstroms
	features	48
	         84.98 4537.64441  4537.6426   4.0 1 1 
	        136.68 4535.97905  4535.9798   4.0 1 1 
	        151.59 4535.49634  4535.4903   4.0 1 1 
	        159.10 4535.25272  4535.2546   4.0 1 1 
	        194.04 4534.11647  4534.1198   4.0 1 1 
	        219.09 4533.29808  4533.3042   4.0 1 1 
	        225.84 4533.07734   4533.077   4.0 1 1 
	        250.86  4532.2561  4532.2577   4.0 1 1 
	        302.48 4530.55247  4530.5523   4.0 1 1 
	        309.49 4530.32041  4530.3191   4.0 1 1 
	        378.41 4528.02378  4528.0208   4.0 1 1 
	        472.89 4524.83811  4524.8379   4.0 1 1 
	        493.67 4524.13194  4524.1289   4.0 1 1 
	        546.65 4522.32134   4522.323   4.0 1 1 
	        579.33 4521.19793  4521.1939   4.0 1 1 
	        635.42 4519.25731  4519.2592   4.0 1 1 
	        753.66 4515.11651  4515.1182   4.0 1 1 
	        794.29 4513.67812  4513.6799   4.0 1 1 
	        807.12 4513.22199  4513.2231   4.0 1 1 
	        827.78 4512.48621  4512.4832   4.0 1 1 
	        876.80 4510.73167  4510.7332   4.0 1 1 
	       1028.85 4505.21577  4505.2167   4.0 1 1 
	       1044.87 4504.62786  4504.6306   4.0 1 1 
	       1091.00 4502.92854  4502.9268   4.0 1 1 
	       1170.28 4499.98366  4499.9832   4.0 1 1 
	       1198.07 4498.94417  4498.9401   4.0 1 1 
	       1208.81 4498.54148  4498.5384   4.0 1 1 
	       1225.67 4497.90807  4497.9144   4.0 1 1 
	       1267.91 4496.31524  4496.3155   4.0 1 1 
	       1310.75 4494.69111  4494.6907   4.0 1 1 
	       1346.34 4493.33476  4493.3337   4.0 1 1 
	       1407.66 4490.98406  4490.9816   4.0 1 1 
	       1441.85 4489.66522  4489.6645   4.0 1 1 
	       1467.34 4488.67858  4488.6803   4.0 1 1 
	       1476.84 4488.30995  4488.3123   4.0 1 1 
	       1497.76 4487.49685  4487.4955   4.0 1 1 
	       1513.15 4486.89707  4486.8973   4.0 1 1 
	       1603.69 4483.34706  4483.3468   4.0 1 1 
	       1633.53 4482.16856  4482.1693   4.0 1 1 
	       1642.57 4481.81074  4481.8107   4.0 1 1 
	       1697.26 4479.63751  4479.6376   4.0 1 1 
	       1723.38 4478.59439  4478.5958   4.0 1 1 
	       1728.13 4478.40433  4478.4032   4.0 1 1 
	       1807.29 4475.22194  4475.2214   4.0 1 1 
	       1818.72 4474.76011  4474.7594   4.0 1 1 
	       1911.48 4470.98853  4470.9906   4.0 1 1 
	       1947.20 4469.52569  4469.5253   4.0 1 1 
	       1976.49 4468.32165  4468.3208   4.0 1 1 
	function chebyshev
	order 5
	sample *
	naverage 1
	niterate 2000
	low_reject 3.
	high_reject 3.
	grow 0.
	coefficients	9
		1.
		5.
		84.97637939453124
		1976.494018554687
		4504.06282457645
		-34.66353089332857
		-1.081784728985923
		0.002147947334588038
		0.001990055340862428

# Fri 11:53:34 03-Feb-2023
begin	identify iazcomp.0011 - Ap 11
	id	iazcomp.0011
	task	identify
	image	iazcomp.0011 - Ap 11
	aperture	11
	aplow	1089.06
	aphigh	1097.54
	units	Angstroms
	features	48
	         83.65 4537.64457  4537.6426   4.0 1 1 
	        135.36 4535.97834  4535.9798   4.0 1 1 
	        150.07 4535.50199  4535.4903   4.0 1 0 
	        157.70 4535.25465  4535.2546   4.0 1 1 
	        192.58 4534.12021  4534.1198   4.0 1 1 
	        217.73 4533.29847  4533.3042   4.0 1 1 
	        224.48 4533.07728   4533.077   4.0 1 1 
	        249.40 4532.25961  4532.2577   4.0 1 1 
	        301.14 4530.55193  4530.5523   4.0 1 1 
	        308.13  4530.3202  4530.3191   4.0 1 1 
	        377.08 4528.02274  4528.0208   4.0 1 1 
	        471.54 4524.83826  4524.8379   4.0 1 1 
	        492.36 4524.13045  4524.1289   4.0 1 1 
	        545.31 4522.32124   4522.323   4.0 1 1 
	        578.00 4521.19764  4521.1939   4.0 1 1 
	        634.09 4519.25736  4519.2592   4.0 1 1 
	        752.38 4515.11598  4515.1182   4.0 1 1 
	        792.99 4513.67832  4513.6799   4.0 1 1 
	        805.85 4513.22135  4513.2231   4.0 1 1 
	        826.45 4512.48771  4512.4832   4.0 1 1 
	        875.54 4510.73146  4510.7332   4.0 1 1 
	       1027.59  4505.2161  4505.2167   4.0 1 1 
	       1043.63  4504.6278  4504.6306   4.0 1 1 
	       1089.78 4502.92811  4502.9268   4.0 1 1 
	       1169.06 4499.98376  4499.9832   4.0 1 1 
	       1196.87 4498.94381  4498.9401   4.0 1 1 
	       1207.60 4498.54149  4498.5384   4.0 1 1 
	       1224.45  4497.9085  4497.9144   4.0 1 1 
	       1266.69 4496.31575  4496.3155   4.0 1 1 
	       1309.54  4494.6914  4494.6907   4.0 1 1 
	       1345.16 4493.33435  4493.3337   4.0 1 1 
	       1406.48 4490.98375  4490.9816   4.0 1 1 
	       1440.68 4489.66492  4489.6645   4.0 1 1 
	       1466.15 4488.67876  4488.6803   4.0 1 1 
	       1475.61 4488.31183  4488.3123   4.0 1 1 
	       1496.60 4487.49618  4487.4955   4.0 1 1 
	       1511.97 4486.89728  4486.8973   4.0 1 1 
	       1602.54 4483.34654  4483.3468   4.0 1 1 
	       1632.38 4482.16801  4482.1693   4.0 1 1 
	       1641.42 4481.81026  4481.8107   4.0 1 1 
	       1696.07 4479.63859  4479.6376   4.0 1 1 
	       1722.24 4478.59384  4478.5958   4.0 1 1 
	       1726.97 4478.40448  4478.4032   4.0 1 1 
	       1806.17 4475.22103  4475.2214   4.0 1 1 
	       1817.58 4474.75991  4474.7594   4.0 1 1 
	       1910.33 4470.98945  4470.9906   4.0 1 1 
	       1946.08 4469.52569  4469.5253   4.0 1 1 
	       1975.37 4468.32159  4468.3208   4.0 1 1 
	function chebyshev
	order 5
	sample *
	naverage 1
	niterate 2000
	low_reject 3.
	high_reject 3.
	grow 0.
	coefficients	9
		1.
		5.
		83.64602661132811
		1975.374267578125
		4504.062127855766
		-34.66297391417418
		-1.081416864434126
		0.001483889032256479
		0.002368970945816354

# Mon 14:50:36 06-Feb-2023
begin	identify iazcomp.0011 - Ap 11
	id	iazcomp.0011
	task	identify
	image	iazcomp.0011 - Ap 11
	aperture	11
	aplow	1089.06
	aphigh	1097.54
	units	Angstroms
	features	48
	         81.10 4537.64055  4537.6426   4.0 1 1 
	        132.70 4535.97932  4535.9798   4.0 1 1 
	        147.67 4535.49493  4535.4903   4.0 1 1 
	        155.14 4535.25283  4535.2546   4.0 1 1 
	        190.01 4534.11928  4534.1198   4.0 1 1 
	        215.23 4533.29572  4533.3042   4.0 1 0 
	        221.93 4533.07651   4533.077   4.0 1 1 
	        246.88 4532.25817  4532.2577   4.0 1 1 
	        298.61 4530.55182  4530.5523   4.0 1 1 
	        305.62  4530.3197  4530.3191   4.0 1 1 
	        374.56 4528.02353  4528.0208   4.0 1 1 
	        469.13  4524.8368  4524.8379   4.0 1 1 
	        490.00 4524.12774  4524.1289   4.0 1 1 
	        542.89 4522.32125   4522.323   4.0 1 1 
	        575.58 4521.19791  4521.1939   4.0 1 1 
	        631.70 4519.25744  4519.2592   4.0 1 1 
	        750.02  4515.1163  4515.1182   4.0 1 1 
	        790.64 4513.67876  4513.6799   4.0 1 1 
	        803.51 4513.22164  4513.2231   4.0 1 1 
	        824.13  4512.4875  4512.4832   4.0 1 1 
	        873.22 4510.73159  4510.7332   4.0 1 1 
	       1025.33 4505.21608  4505.2167   4.0 1 1 
	       1041.38 4504.62747  4504.6306   4.0 1 1 
	       1087.52 4502.92875  4502.9268   4.0 1 1 
	       1166.84 4499.98379  4499.9832   4.0 1 1 
	       1194.65 4498.94385  4498.9401   4.0 1 1 
	       1205.39  4498.5412  4498.5384   4.0 1 1 
	       1222.22 4497.90933  4497.9144   4.0 1 1 
	       1264.51 4496.31516  4496.3155   4.0 1 1 
	       1307.33 4494.69255  4494.6907   4.0 1 1 
	       1342.98 4493.33442  4493.3337   4.0 1 1 
	       1404.33 4490.98322  4490.9816   4.0 1 1 
	       1438.52 4489.66513  4489.6645   4.0 1 1 
	       1464.02 4488.67849  4488.6803   4.0 1 1 
	       1473.50 4488.31074  4488.3123   4.0 1 1 
	       1494.46 4487.49643  4487.4955   4.0 1 1 
	       1509.84 4486.89756  4486.8973   4.0 1 1 
	       1600.43 4483.34659  4483.3468   4.0 1 1 
	       1630.28 4482.16816  4482.1693   4.0 1 1 
	       1639.32  4481.8103  4481.8107   4.0 1 1 
	       1694.02 4479.63726  4479.6376   4.0 1 1 
	       1720.15 4478.59414  4478.5958   4.0 1 1 
	       1724.88 4478.40482  4478.4032   4.0 1 1 
	       1804.10 4475.22125  4475.2214   4.0 1 1 
	       1815.53 4474.75949  4474.7594   4.0 1 1 
	       1908.26 4470.99039  4470.9906   4.0 1 1 
	       1944.04 4469.52545  4469.5253   4.0 1 1 
	       1973.34 4468.32142  4468.3208   4.0 1 1 
	function chebyshev
	order 5
	sample *
	naverage 1
	niterate 2000
	low_reject 3.
	high_reject 3.
	grow 0.
	coefficients	9
		1.
		5.
		81.10230255126953
		1973.338134765625
		4504.061809365991
		-34.66126882096287
		-1.082946169384204
		0.001702598763378114
		0.002118625579642922

# Mon 15:25:58 27-Feb-2023
begin	identify iazcomp.0011 - Ap 11
	id	iazcomp.0011
	task	identify
	image	iazcomp.0011 - Ap 11
	aperture	11
	aplow	1089.06
	aphigh	1097.54
	units	Angstroms
	features	46
	         86.03 4537.64193  4537.6426   4.0 1 1 
	        137.65  4535.9785  4535.9798   4.0 1 1 
	        152.60 4535.49442  4535.4903   4.0 1 1 
	        160.05 4535.25289  4535.2546   6.0 1 1 
	        194.94 4534.11769  4534.1198   6.0 1 1 
	        226.71 4533.07883   4533.077   6.0 1 1 
	        251.75 4532.25684  4532.2577   6.0 1 1 
	        303.44 4530.55067  4530.5523   6.0 1 1 
	        310.36 4530.32116  4530.3191   6.0 1 1 
	        379.32 4528.02276  4528.0208   4.0 1 1 
	        473.77 4524.83753  4524.8379   6.0 1 1 
	        494.62 4524.12866  4524.1289   4.0 1 1 
	        547.50 4522.32126   4522.323   6.0 1 1 
	        580.22 4521.19614  4521.1939   4.0 1 1 
	        636.24   4519.258  4519.2592   6.0 1 1 
	        754.48 4515.11706  4515.1182   6.0 1 1 
	        795.07 4513.67979  4513.6799   6.0 1 1 
	        807.94 4513.22233  4513.2231   6.0 1 1 
	        828.62 4512.48584  4512.4832   4.0 1 1 
	        877.62 4510.73224  4510.7332   6.0 1 1 
	       1029.69 4505.21511  4505.2167   4.0 1 1 
	       1045.65 4504.62962  4504.6306   6.0 1 1 
	       1091.86 4502.92737  4502.9268   4.0 1 1 
	       1171.13 4499.98261  4499.9832   4.0 1 1 
	       1198.94  4498.9425  4498.9401   4.0 1 1 
	       1209.65 4498.54081  4498.5384   4.0 1 1 
	       1226.43 4497.91036  4497.9144   6.0 1 1 
	       1268.75 4496.31448  4496.3155   4.0 1 1 
	       1311.50 4494.69353  4494.6907   6.0 1 1 
	       1347.18 4493.33402  4493.3337   4.0 1 1 
	       1408.50 4490.98276  4490.9816   4.0 1 1 
	       1442.68 4489.66435  4489.6645   4.0 1 1 
	       1468.09  4488.6807  4488.6803   6.0 1 1 
	       1477.59 4488.31208  4488.3123   6.0 1 1 
	       1498.57  4487.4963  4487.4955   4.0 1 1 
	       1513.95 4486.89731  4486.8973   4.0 1 1 
	       1604.49 4483.34646  4483.3468   4.0 1 1 
	       1634.32 4482.16803  4482.1693   4.0 1 1 
	       1643.36 4481.81026  4481.8107   4.0 1 1 
	       1698.03 4479.63731  4479.6376   4.0 1 1 
	       1724.10 4478.59583  4478.5958   6.0 1 1 
	       1808.05 4475.22076  4475.2214   4.0 1 1 
	       1819.47 4474.75926  4474.7594   4.0 1 1 
	       1912.14 4470.99017  4470.9906   6.0 1 1 
	       1947.88 4469.52577  4469.5253   6.0 1 1 
	       1977.17 4468.32152  4468.3208   4.0 1 1 
	function chebyshev
	order 5
	sample *
	naverage 1
	niterate 2000
	low_reject 3.
	high_reject 3.
	grow 0.
	coefficients	9
		1.
		5.
		86.03469085693358
		1977.168212890625
		4504.061471474123
		-34.66102475340273
		-1.081721023674719
		8.207849292122286E-4
		0.001973225727291706

# Tue 13:40:04 16-May-2023
begin	identify iazcomp.0011 - Ap 11
	id	iazcomp.0011
	task	identify
	image	iazcomp.0011 - Ap 11
	aperture	11
	aplow	1089.06
	aphigh	1097.54
	units	Angstroms
	features	46
	         85.25 4537.64199  4537.6426   4.0 1 1 
	        136.93 4535.97647  4535.9798   4.0 1 1 
	        151.83 4535.49404  4535.4903   4.0 1 1 
	        159.22 4535.25445  4535.2546   6.0 1 1 
	        194.14 4534.11833  4534.1198   6.0 1 1 
	        225.94 4533.07854   4533.077   6.0 1 1 
	        250.98 4532.25683  4532.2577   6.0 1 1 
	        302.65 4530.55137  4530.5523   6.0 1 1 
	        309.63 4530.32002  4530.3191   6.0 1 1 
	        378.47 4528.02564  4528.0208   4.0 1 1 
	        473.04 4524.83722  4524.8379   6.0 1 1 
	        493.90 4524.12795  4524.1289   4.0 1 1 
	        546.77 4522.32111   4522.323   6.0 1 1 
	        579.50 4521.19613  4521.1939   4.0 1 1 
	        635.54 4519.25753  4519.2592   6.0 1 1 
	        753.78 4515.11715  4515.1182   6.0 1 1 
	        794.37 4513.67986  4513.6799   6.0 1 1 
	        807.24 4513.22276  4513.2231   6.0 1 1 
	        828.00 4512.48339  4512.4832   4.0 1 1 
	        876.93 4510.73245  4510.7332   6.0 1 1 
	       1029.04 4505.21442  4505.2167   4.0 1 1 
	       1044.97 4504.63008  4504.6306   6.0 1 1 
	       1091.18 4502.92781  4502.9268   4.0 1 1 
	       1170.46 4499.98315  4499.9832   4.0 1 1 
	       1198.27 4498.94308  4498.9401   4.0 1 1 
	       1209.00 4498.54075  4498.5384   4.0 1 1 
	       1225.78 4497.91023  4497.9144   6.0 1 1 
	       1268.08  4496.3151  4496.3155   4.0 1 1 
	       1310.85 4494.69356  4494.6907   6.0 1 1 
	       1346.52 4493.33455  4493.3337   4.0 1 1 
	       1407.84 4490.98343  4490.9816   4.0 1 1 
	       1442.04 4489.66439  4489.6645   4.0 1 1 
	       1467.45 4488.68051  4488.6803   6.0 1 1 
	       1476.96 4488.31151  4488.3123   6.0 1 1 
	       1497.94 4487.49606  4487.4955   4.0 1 1 
	       1513.31 4486.89739  4486.8973   4.0 1 1 
	       1603.87 4483.34625  4483.3468   4.0 1 1 
	       1633.70 4482.16782  4482.1693   4.0 1 1 
	       1642.74 4481.81002  4481.8107   4.0 1 1 
	       1697.41  4479.6373  4479.6376   4.0 1 1 
	       1723.51 4478.59517  4478.5958   6.0 1 1 
	       1807.46 4475.22081  4475.2214   4.0 1 1 
	       1818.88 4474.75912  4474.7594   4.0 1 1 
	       1911.57 4470.99052  4470.9906   6.0 1 1 
	       1947.32 4469.52617  4469.5253   6.0 1 1 
	       1976.63 4468.32137  4468.3208   4.0 1 1 
	function chebyshev
	order 5
	sample *
	naverage 1
	niterate 2000
	low_reject 3.
	high_reject 3.
	grow 0.
	coefficients	9
		1.
		5.
		85.25100708007812
		1976.626220703125
		4504.060940331741
		-34.66148142907148
		-1.081647620341093
		0.001175105714340516
		0.002387286229093527

# Mon 15:28:20 14-Aug-2023
begin	identify iazcomp.0011 - Ap 11
	id	iazcomp.0011
	task	identify
	image	iazcomp.0011 - Ap 11
	aperture	11
	aplow	1089.06
	aphigh	1097.54
	units	Angstroms
	features	46
	         88.97 4537.64179  4537.6426   4.0 1 1 
	        140.60 4535.97756  4535.9798   4.0 1 1 
	        155.53 4535.49395  4535.4903   4.0 1 1 
	        162.93 4535.25389  4535.2546   6.0 1 1 
	        197.84 4534.11787  4534.1198   6.0 1 1 
	        223.05 4533.29401   4533.077   6.0 1 0 
	        254.57 4532.25947  4532.2577   6.0 1 1 
	        306.29 4530.55188  4530.5523   6.0 1 1 
	        306.29 4530.55186  4530.3191   6.0 1 0 
	        382.13 4528.02478  4528.0208   4.0 1 1 
	        476.61 4524.83757  4524.8379   6.0 1 1 
	        497.51 4524.12695  4524.1289   4.0 1 1 
	        550.32 4522.32141   4522.323   6.0 1 1 
	        583.03 4521.19643  4521.1939   4.0 1 1 
	        639.04   4519.258  4519.2592   6.0 1 1 
	        757.23 4515.11737  4515.1182   6.0 1 1 
	        797.81 4513.68019  4513.6799   6.0 1 1 
	        810.68  4513.2227  4513.2231   6.0 1 1 
	        831.43  4512.4835  4512.4832   4.0 1 1 
	        880.33 4510.73269  4510.7332   6.0 1 1 
	       1032.38 4505.21496  4505.2167   4.0 1 1 
	       1048.37 4504.62791  4504.6306   6.0 1 1 
	       1094.51 4502.92773  4502.9268   4.0 1 1 
	       1173.75 4499.98335  4499.9832   4.0 1 1 
	       1201.54 4498.94348  4498.9401   4.0 1 1 
	       1212.29 4498.54024  4498.5384   4.0 1 1 
	       1229.04 4497.91083  4497.9144   6.0 1 1 
	       1271.35 4496.31484  4496.3155   4.0 1 1 
	       1314.09 4494.69362  4494.6907   6.0 1 1 
	       1349.75 4493.33454  4493.3337   4.0 1 1 
	       1411.04 4490.98398  4490.9816   4.0 1 1 
	       1445.24 4489.66427  4489.6645   4.0 1 1 
	       1470.65 4488.68025  4488.6803   6.0 1 1 
	       1480.14 4488.31196  4488.3123   6.0 1 1 
	       1501.13 4487.49569  4487.4955   4.0 1 1 
	       1516.48  4486.8977  4486.8973   4.0 1 1 
	       1607.03 4483.34587  4483.3468   4.0 1 1 
	       1636.85 4482.16759  4482.1693   4.0 1 1 
	       1645.88  4481.8101  4481.8107   4.0 1 1 
	       1700.51 4479.63832  4479.6376   4.0 1 1 
	       1726.63 4478.59481  4478.5958   6.0 1 1 
	       1810.54 4475.22103  4475.2214   4.0 1 1 
	       1821.97  4474.7587  4474.7594   4.0 1 1 
	       1914.62  4470.9903  4470.9906   6.0 1 1 
	       1950.37  4469.5254  4469.5253   6.0 1 1 
	       1979.63 4468.32222  4468.3208   4.0 1 1 
	function chebyshev
	order 5
	sample *
	naverage 1
	niterate 2000
	low_reject 3.
	high_reject 3.
	grow 0.
	coefficients	9
		1.
		5.
		88.97274780273438
		1979.63232421875
		4504.061082916527
		-34.66129559973408
		-1.081150870639016
		0.001511531477146575
		0.002072678770295489

# Mon 16:08:38 14-Aug-2023
begin	identify iazcomp.0011 - Ap 11
	id	iazcomp.0011
	task	identify
	image	iazcomp.0011 - Ap 11
	aperture	11
	aplow	1089.06
	aphigh	1097.54
	units	Angstroms
	features	44
	         88.92   4537.643  4537.6426   4.0 1 1 
	        140.58 4535.97777  4535.9798   4.0 1 1 
	        155.44 4535.49639  4535.4903   4.0 1 0 
	        162.90 4535.25451  4535.2546   6.0 1 1 
	        197.78  4534.1194  4534.1198   6.0 1 1 
	        254.53 4532.26038  4532.2577   6.0 1 1 
	        306.26 4530.55251  4530.5523   6.0 1 1 
	        382.05 4528.02758  4528.0208   4.0 1 0 
	        476.65  4524.8371  4524.8379   6.0 1 1 
	        497.43 4524.13051  4524.1289   4.0 1 1 
	        550.35 4522.32164   4522.323   6.0 1 1 
	        583.09 4521.19579  4521.1939   4.0 1 1 
	        639.09 4519.25782  4519.2592   6.0 1 1 
	        757.32 4515.11707  4515.1182   6.0 1 1 
	        797.90 4513.67988  4513.6799   6.0 1 1 
	        810.75 4513.22323  4513.2231   6.0 1 1 
	        831.51 4512.48371  4512.4832   4.0 1 1 
	        880.44 4510.73249  4510.7332   6.0 1 1 
	       1032.52 4505.21473  4505.2167   4.0 1 1 
	       1048.45 4504.63016  4504.6306   6.0 1 1 
	       1094.66 4502.92771  4502.9268   4.0 1 1 
	       1173.95 4499.98244  4499.9832   4.0 1 1 
	       1201.74 4498.94275  4498.9401   4.0 1 1 
	       1212.47 4498.54034  4498.5384   4.0 1 1 
	       1229.23 4497.91064  4497.9144   6.0 1 1 
	       1271.55  4496.3145  4496.3155   4.0 1 1 
	       1314.31 4494.69329  4494.6907   6.0 1 1 
	       1349.98   4493.334  4493.3337   4.0 1 1 
	       1411.28 4490.98344  4490.9816   4.0 1 1 
	       1445.48 4489.66441  4489.6645   4.0 1 1 
	       1470.89 4488.68049  4488.6803   6.0 1 1 
	       1480.37 4488.31254  4488.3123   6.0 1 1 
	       1501.37 4487.49612  4487.4955   4.0 1 1 
	       1516.73 4486.89767  4486.8973   4.0 1 1 
	       1607.30 4483.34585  4483.3468   4.0 1 1 
	       1637.13  4482.1675  4482.1693   4.0 1 1 
	       1646.16 4481.80998  4481.8107   4.0 1 1 
	       1700.80 4479.63803  4479.6376   4.0 1 1 
	       1726.89 4478.59582  4478.5958   6.0 1 1 
	       1810.84 4475.22101  4475.2214   4.0 1 1 
	       1822.27 4474.75881  4474.7594   4.0 1 1 
	       1914.94 4470.99005  4470.9906   6.0 1 1 
	       1950.68 4469.52555  4469.5253   6.0 1 1 
	       1979.95 4468.32193  4468.3208   4.0 1 1 
	function chebyshev
	order 5
	sample *
	naverage 1
	niterate 2000
	low_reject 3.
	high_reject 3.
	grow 0.
	coefficients	9
		1.
		5.
		88.91547393798827
		1979.95458984375
		4504.06149115245
		-34.66144169562139
		-1.08101977420379
		9.051808222771664E-4
		0.001993738773577538

