# Tue 22:42:02 07-Sep-2021
begin	identify iazcomp.0023 - Ap 23
	id	iazcomp.0023
	task	identify
	image	iazcomp.0023 - Ap 23
	aperture	23
	aplow	1291.01
	aphigh	1300.84
	units	Angstroms
	features	35
	         42.94 5351.83842  5351.8365   4.0 1 1 
	         61.92 5351.12386  5351.1265   4.0 1 1 
	        117.99 5349.00105  5349.0054   4.0 1 1 
	        145.00 5347.97219  5347.9714   4.0 1 1 
	        214.26 5345.31438  5345.3117   4.0 1 1 
	        258.95 5343.58538  5343.5812   4.0 1 1 
	        598.32 5330.07972  5330.0804   4.0 1 1 
	        674.02 5326.97695  5326.9756   4.0 1 1 
	        691.05 5326.27422  5326.2774   4.0 1 1 
	        711.42 5325.43198  5325.4317   4.0 1 1 
	        718.38 5325.14355  5325.1438   4.0 1 1 
	        772.31 5322.89901  5322.8988   4.0 1 1 
	        823.10 5320.76992  5320.7699   4.0 1 1 
	        878.64 5318.42467  5318.4268   4.0 1 1 
	        900.57 5317.49381  5317.4944   4.0 1 1 
	       1016.42 5312.53059  5312.5288   4.0 1 1 
	       1028.69 5312.00031  5312.0018   4.0 1 1 
	       1068.72 5310.26463  5310.2665   4.0 1 1 
	       1132.82 5307.46613  5307.4655   4.0 1 1 
	       1143.75 5306.98652  5306.9864   4.0 1 1 
	       1269.90 5301.40256  5301.4043   4.0 1 1 
	       1289.55 5300.52425  5300.5234   4.0 1 1 
	       1339.50 5298.28253  5298.2824   4.0 1 1 
	       1383.79 5296.28323  5296.2787   4.0 1 1 
	       1410.08 5295.09112  5295.0886   4.0 1 1 
	       1425.35 5294.39665  5294.3971   4.0 1 1 
	       1481.82 5291.81768  5291.8163   4.0 1 1 
	       1588.69 5286.88825   5286.887   4.0 1 1 
	       1701.24 5281.62728  5281.6285   4.0 1 1 
	       1713.13 5281.06732  5281.0687   4.0 1 1 
	       1728.45 5280.34483  5280.3441   4.0 1 1 
	       1788.52  5277.4993  5277.5002   4.0 1 1 
	       1811.51 5276.40459  5276.4089   4.0 1 1 
	       1859.37 5274.11729  5274.1188   4.0 1 1 
	       2012.50 5266.71364  5266.7103   4.0 1 1 
	function chebyshev
	order 5
	sample *
	naverage 1
	niterate 2000
	low_reject 3.
	high_reject 3.
	grow 0.
	coefficients	9
		1.
		5.
		42.93892669677734
		2012.495483398438
		5310.657258192306
		-42.567424664556
		-1.383220910118323
		0.005031689090525393
		0.001992115956665791

# Fri 10:56:33 11-Mar-2022
begin	identify iazcomp.0023 - Ap 23
	id	iazcomp.0023
	task	identify
	image	iazcomp.0023 - Ap 23
	aperture	23
	aplow	1291.01
	aphigh	1300.84
	units	Angstroms
	features	41
	         27.34 5351.83697  5351.8365   4.0 1 1 
	         46.26 5351.12408  5351.1265   4.0 1 1 
	        102.23 5349.00454  5349.0054   4.0 1 1 
	        129.33 5347.97181  5347.9714   4.0 1 1 
	        198.66  5345.3117  5345.3117   4.0 1 1 
	        243.37   5343.582  5343.5812   4.0 1 1 
	        322.29  5340.5008  5340.4982   4.0 1 1 
	        410.37 5337.02092  5337.0154   4.0 1 1 
	        582.83 5330.07922  5330.0804   4.0 1 1 
	        658.59 5326.97578  5326.9756   4.0 1 1 
	        675.62 5326.27377  5326.2774   4.0 1 1 
	        696.04 5325.42949  5325.4317   4.0 1 1 
	        702.99 5325.14183  5325.1438   4.0 1 1 
	        756.92 5322.89867  5322.8988   4.0 1 1 
	        807.74 5320.77003  5320.7699   4.0 1 1 
	        863.33 5318.42406  5318.4268   4.0 1 1 
	        885.26 5317.49404  5317.4944   4.0 1 1 
	       1001.19 5312.53039  5312.5288   4.0 1 1 
	       1013.44 5312.00118  5312.0018   4.0 1 1 
	       1053.49 5310.26555  5310.2665   4.0 1 1 
	       1117.63 5307.46692  5307.4655   4.0 1 1 
	       1128.55 5306.98797  5306.9864   4.0 1 1 
	       1254.77  5301.4037  5301.4043   4.0 1 1 
	       1274.46 5300.52433  5300.5234   4.0 1 1 
	       1324.44 5298.28223  5298.2824   4.0 1 1 
	       1368.72   5296.284  5296.2787   4.0 1 1 
	       1395.02 5295.09178  5295.0886   4.0 1 1 
	       1410.34 5294.39597  5294.3971   4.0 1 1 
	       1466.87 5291.81536  5291.8163   4.0 1 1 
	       1573.76 5286.88704   5286.887   4.0 1 1 
	       1686.38 5281.62558  5281.6285   4.0 1 1 
	       1698.28 5281.06546  5281.0687   4.0 1 1 
	       1713.52 5280.34716  5280.3441   4.0 1 1 
	       1719.00 5280.08873  5280.0855   4.0 1 1 
	       1773.70 5277.49794  5277.5002   4.0 1 1 
	       1781.10 5277.14653   5277.146   4.0 1 1 
	       1796.67 5276.40519  5276.4089   4.0 1 1 
	       1844.60  5274.1162  5274.1188   4.0 1 1 
	       1869.42 5272.92538   5272.927   4.0 1 1 
	       1875.25 5272.64562  5272.6439   4.0 1 1 
	       1997.83 5266.71387  5266.7103   4.0 1 1 
	function chebyshev
	order 5
	sample *
	naverage 1
	niterate 2000
	low_reject 3.
	high_reject 3.
	grow 0.
	coefficients	9
		1.
		5.
		27.33733367919922
		1997.83154296875
		5310.653303036134
		-42.56578239238741
		-1.381370456281111
		0.00422936254190816
		0.003488479937928629

# Tue 15:08:43 29-Mar-2022
begin	identify iazcomp.0023 - Ap 23
	id	iazcomp.0023
	task	identify
	image	iazcomp.0023 - Ap 23
	aperture	23
	aplow	1291.01
	aphigh	1300.84
	units	Angstroms
	features	41
	         28.09 5351.83576  5351.8365   4.0 1 1 
	         46.92 5351.12667  5351.1265   4.0 1 1 
	        102.99 5349.00277  5349.0054   4.0 1 1 
	        130.06 5347.97104  5347.9714   4.0 1 1 
	        199.35 5345.31186  5345.3117   4.0 1 1 
	        244.04 5343.58248  5343.5812   4.0 1 1 
	        322.93 5340.50219  5340.4982   4.0 1 1 
	        411.04  5337.0208  5337.0154   4.0 1 1 
	        583.49 5330.07842  5330.0804   4.0 1 1 
	        659.24 5326.97514  5326.9756   4.0 1 1 
	        676.25  5326.2738  5326.2774   4.0 1 1 
	        696.66 5325.43016  5325.4317   4.0 1 1 
	        703.61 5325.14207  5325.1438   4.0 1 1 
	        757.54  5322.8991  5322.8988   4.0 1 1 
	        808.36 5320.76991  5320.7699   4.0 1 1 
	        863.94 5318.42415  5318.4268   4.0 1 1 
	        885.88 5317.49345  5317.4944   4.0 1 1 
	       1001.78 5312.53057  5312.5288   4.0 1 1 
	       1014.05 5312.00072  5312.0018   4.0 1 1 
	       1054.09 5310.26526  5310.2665   4.0 1 1 
	       1118.22  5307.4665  5307.4655   4.0 1 1 
	       1129.15 5306.98713  5306.9864   4.0 1 1 
	       1255.32 5301.40451  5301.4043   4.0 1 1 
	       1275.02  5300.5246  5300.5234   4.0 1 1 
	       1325.00 5298.28242  5298.2824   4.0 1 1 
	       1369.26 5296.28491  5296.2787   4.0 1 1 
	       1395.58 5295.09175  5295.0886   4.0 1 1 
	       1410.89 5294.39619  5294.3971   4.0 1 1 
	       1467.41  5291.8161  5291.8163   4.0 1 1 
	       1574.32 5286.88645   5286.887   4.0 1 1 
	       1686.93 5281.62534  5281.6285   4.0 1 1 
	       1698.81 5281.06636  5281.0687   4.0 1 1 
	       1714.07 5280.34702  5280.3441   4.0 1 1 
	       1719.55 5280.08839  5280.0855   4.0 1 1 
	       1774.25 5277.49755  5277.5002   4.0 1 1 
	       1781.65 5277.14615   5277.146   4.0 1 1 
	       1797.23 5276.40451  5276.4089   4.0 1 1 
	       1845.15 5274.11572  5274.1188   4.0 1 1 
	       1869.94 5272.92649   5272.927   4.0 1 1 
	       1875.80 5272.64496  5272.6439   4.0 1 1 
	       1998.37 5266.71446  5266.7103   4.0 1 1 
	function chebyshev
	order 5
	sample *
	naverage 1
	niterate 2000
	low_reject 3.
	high_reject 3.
	grow 0.
	coefficients	9
		1.
		5.
		28.09434700012207
		1998.366455078125
		5310.651883188294
		-42.56510324710686
		-1.380412108988492
		0.004449998363430181
		0.003638921565933928

# Mon 19:03:26 30-Jan-2023
begin	identify iazcomp.0023 - Ap 23
	id	iazcomp.0023
	task	identify
	image	iazcomp.0023 - Ap 23
	aperture	23
	aplow	1291.01
	aphigh	1300.84
	units	Angstroms
	features	39
	         40.15  5351.8368  5351.8365   4.0 1 1 
	         59.03 5351.12608  5351.1265   4.0 1 1 
	        115.15 5349.00074  5349.0054   4.0 1 1 
	        142.16 5347.97176  5347.9714   4.0 1 1 
	        211.43 5345.31357  5345.3117   4.0 1 1 
	        256.16 5343.58296  5343.5812   4.0 1 1 
	        335.11 5340.50086  5340.4982   4.0 1 1 
	        423.20 5337.01956  5337.0154   4.0 1 1 
	        595.57 5330.07943  5330.0804   4.0 1 1 
	        671.32  5326.9759  5326.9756   4.0 1 1 
	        688.35 5326.27362  5326.2774   4.0 1 1 
	        708.72 5325.43109  5325.4317   4.0 1 1 
	        715.69 5325.14229  5325.1438   4.0 1 1 
	        769.65 5322.89764  5322.8988   4.0 1 1 
	        820.40 5320.77068  5320.7699   4.0 1 1 
	        876.01 5318.42331  5318.4268   4.0 1 1 
	        897.91  5317.4937  5317.4944   4.0 1 1 
	       1013.78 5312.53063  5312.5288   4.0 1 1 
	       1026.05 5312.00049  5312.0018   4.0 1 1 
	       1066.08 5310.26511  5310.2665   4.0 1 1 
	       1130.20 5307.46639  5307.4655   4.0 1 1 
	       1141.12 5306.98717  5306.9864   4.0 1 1 
	       1267.25  5301.4046  5301.4043   4.0 1 1 
	       1286.95 5300.52467  5300.5234   4.0 1 1 
	       1336.91 5298.28273  5298.2824   4.0 1 1 
	       1381.20 5296.28331  5296.2787   4.0 1 1 
	       1407.47 5295.09211  5295.0886   4.0 1 1 
	       1422.76 5294.39668  5294.3971   4.0 1 1 
	       1479.27 5291.81636  5291.8163   4.0 1 1 
	       1586.15 5286.88694   5286.887   4.0 1 1 
	       1698.72 5281.62605  5281.6285   4.0 1 1 
	       1710.60 5281.06689  5281.0687   4.0 1 1 
	       1725.91 5280.34482  5280.3441   4.0 1 1 
	       1731.34  5280.0885  5280.0855   4.0 1 1 
	       1786.02 5277.49772  5277.5002   4.0 1 1 
	       1793.41 5277.14666   5277.146   4.0 1 1 
	       1809.01 5276.40394  5276.4089   4.0 1 1 
	       1856.88 5274.11668  5274.1188   4.0 1 1 
	       2010.06 5266.71444  5266.7103   4.0 1 1 
	function chebyshev
	order 5
	sample *
	naverage 1
	niterate 2000
	low_reject 3.
	high_reject 3.
	grow 0.
	coefficients	9
		1.
		5.
		40.15309906005859
		2010.064086914062
		5310.655211379169
		-42.56641114025088
		-1.382879504189354
		0.005230597002292589
		0.003292286958759885

# Fri 11:53:52 03-Feb-2023
begin	identify iazcomp.0023 - Ap 23
	id	iazcomp.0023
	task	identify
	image	iazcomp.0023 - Ap 23
	aperture	23
	aplow	1291.01
	aphigh	1300.84
	units	Angstroms
	features	39
	         38.81 5351.83565  5351.8365   4.0 1 1 
	         57.65 5351.12614  5351.1265   4.0 1 1 
	        113.74  5349.0021  5349.0054   4.0 1 1 
	        140.79 5347.97173  5347.9714   4.0 1 1 
	        210.07 5345.31324  5345.3117   4.0 1 1 
	        254.80 5343.58279  5343.5812   4.0 1 1 
	        333.71 5340.50246  5340.4982   4.0 1 1 
	        421.87 5337.01926  5337.0154   4.0 1 1 
	        594.30 5330.07818  5330.0804   4.0 1 1 
	        670.04 5326.97547  5326.9756   4.0 1 1 
	        687.06 5326.27365  5326.2774   4.0 1 1 
	        707.45 5325.43058  5325.4317   4.0 1 1 
	        714.41  5325.1426  5325.1438   4.0 1 1 
	        768.38 5322.89776  5322.8988   4.0 1 1 
	        819.18 5320.76903  5320.7699   4.0 1 1 
	        874.74 5318.42458  5318.4268   4.0 1 1 
	        896.67  5317.4941  5317.4944   4.0 1 1 
	       1012.55 5312.53124  5312.5288   4.0 1 1 
	       1024.84 5312.00071  5312.0018   4.0 1 1 
	       1064.87 5310.26554  5310.2665   4.0 1 1 
	       1129.00 5307.46675  5307.4655   4.0 1 1 
	       1139.95 5306.98644  5306.9864   4.0 1 1 
	       1266.08 5301.40482  5301.4043   4.0 1 1 
	       1285.77  5300.5251  5300.5234   4.0 1 1 
	       1335.74 5298.28305  5298.2824   4.0 1 1 
	       1380.06 5296.28262  5296.2787   4.0 1 1 
	       1406.34 5295.09086  5295.0886   4.0 1 1 
	       1421.61 5294.39685  5294.3971   4.0 1 1 
	       1478.10 5291.81738  5291.8163   4.0 1 1 
	       1585.02 5286.88652   5286.887   4.0 1 1 
	       1697.58  5281.6266  5281.6285   4.0 1 1 
	       1709.47 5281.06658  5281.0687   4.0 1 1 
	       1724.80 5280.34389  5280.3441   4.0 1 1 
	       1730.20   5280.089  5280.0855   4.0 1 1 
	       1784.89 5277.49832  5277.5002   4.0 1 1 
	       1792.27 5277.14703   5277.146   4.0 1 1 
	       1807.91 5276.40253  5276.4089   4.0 1 1 
	       1855.74 5274.11724  5274.1188   4.0 1 1 
	       2008.94 5266.71453  5266.7103   4.0 1 1 
	function chebyshev
	order 5
	sample *
	naverage 1
	niterate 2000
	low_reject 3.
	high_reject 3.
	grow 0.
	coefficients	9
		1.
		5.
		38.81320190429688
		2008.940673828125
		5310.65512781877
		-42.56499692453478
		-1.383566005747653
		0.004436822602140755
		0.003524096203882514

# Mon 14:51:06 06-Feb-2023
begin	identify iazcomp.0023 - Ap 23
	id	iazcomp.0023
	task	identify
	image	iazcomp.0023 - Ap 23
	aperture	23
	aplow	1291.01
	aphigh	1300.84
	units	Angstroms
	features	39
	         36.18 5351.83693  5351.8365   4.0 1 1 
	         55.10 5351.12454  5351.1265   4.0 1 1 
	        111.16 5349.00237  5349.0054   4.0 1 1 
	        138.20 5347.97249  5347.9714   4.0 1 1 
	        207.55 5345.31276  5345.3117   4.0 1 1 
	        252.28 5343.58274  5343.5812   4.0 1 1 
	        331.23 5340.50187  5340.4982   4.0 1 1 
	        419.42 5337.01887  5337.0154   4.0 1 1 
	        591.88   5330.079  5330.0804   4.0 1 1 
	        667.65 5326.97565  5326.9756   4.0 1 1 
	        684.68  5326.2738  5326.2774   4.0 1 1 
	        705.08 5325.43097  5325.4317   4.0 1 1 
	        712.06 5325.14159  5325.1438   4.0 1 1 
	        766.03 5322.89747  5322.8988   4.0 1 1 
	        816.82 5320.77038  5320.7699   4.0 1 1 
	        872.43  5318.4243  5318.4268   4.0 1 1 
	        894.36 5317.49391  5317.4944   4.0 1 1 
	       1010.29 5312.53064  5312.5288   4.0 1 1 
	       1022.56  5312.0011  5312.0018   4.0 1 1 
	       1062.61 5310.26536  5310.2665   4.0 1 1 
	       1126.74  5307.4674  5307.4655   4.0 1 1 
	       1137.69 5306.98714  5306.9864   4.0 1 1 
	       1263.90 5301.40362  5301.4043   4.0 1 1 
	       1283.57 5300.52498  5300.5234   4.0 1 1 
	       1333.56 5298.28291  5298.2824   4.0 1 1 
	       1377.85 5296.28398  5296.2787   4.0 1 1 
	       1404.19 5295.09024  5295.0886   4.0 1 1 
	       1419.46 5294.39623  5294.3971   4.0 1 1 
	       1475.98 5291.81636  5291.8163   4.0 1 1 
	       1582.89 5286.88703   5286.887   4.0 1 1 
	       1695.50 5281.62555  5281.6285   4.0 1 1 
	       1707.39 5281.06585  5281.0687   4.0 1 1 
	       1722.67 5280.34581  5280.3441   4.0 1 1 
	       1728.11 5280.08913  5280.0855   4.0 1 1 
	       1782.82 5277.49779  5277.5002   4.0 1 1 
	       1790.22 5277.14587   5277.146   4.0 1 1 
	       1805.78 5276.40547  5276.4089   4.0 1 1 
	       1853.69 5274.11685  5274.1188   4.0 1 1 
	       2006.92 5266.71397  5266.7103   4.0 1 1 
	function chebyshev
	order 5
	sample *
	naverage 1
	niterate 2000
	low_reject 3.
	high_reject 3.
	grow 0.
	coefficients	9
		1.
		5.
		36.17952346801758
		2006.919677734375
		5310.65652440039
		-42.56582724440913
		-1.384585485472564
		0.004347487180605598
		0.003510593225401181

# Mon 15:28:26 27-Feb-2023
begin	identify iazcomp.0023 - Ap 23
	id	iazcomp.0023
	task	identify
	image	iazcomp.0023 - Ap 23
	aperture	23
	aplow	1291.01
	aphigh	1300.84
	units	Angstroms
	features	44
	         41.11 5351.83661  5351.8365   4.0 1 1 
	         60.00 5351.12494  5351.1265   6.0 1 1 
	        116.03 5349.00194  5349.0054   6.0 1 1 
	        143.10 5347.97026  5347.9714   6.0 1 1 
	        184.44 5346.38667  5346.3778   6.0 1 1 
	        212.41 5345.31009  5345.3117   4.0 1 1 
	        257.12 5343.57971  5343.5812   4.0 1 1 
	        336.02 5340.49878  5340.4982   4.0 1 1 
	        424.06 5337.01946  5337.0154   4.0 1 1 
	        596.44 5330.07943  5330.0804   6.0 1 1 
	        672.22 5326.97456  5326.9756   4.0 1 1 
	        689.17 5326.27533  5326.2774   6.0 1 1 
	        709.57 5325.43188  5325.4317   6.0 1 1 
	        716.51 5325.14429  5325.1438   6.0 1 1 
	        770.51 5322.89778  5322.8988   4.0 1 1 
	        821.29 5320.76982  5320.7699   4.0 1 1 
	        876.80 5318.42661  5318.4268   6.0 1 1 
	        898.78 5317.49418  5317.4944   4.0 1 1 
	        952.04 5315.22235  5315.2278   6.0 1 1 
	       1006.05 5312.90196  5312.9045   6.0 1 1 
	       1014.57 5312.53436  5312.5288   6.0 1 1 
	       1026.90 5312.00148  5312.0018   4.0 1 1 
	       1066.88 5310.26824  5310.2665   6.0 1 1 
	       1082.15 5309.60372  5309.6093   6.0 1 1 
	       1131.04 5307.46736  5307.4655   4.0 1 1 
	       1141.98 5306.98713  5306.9864   4.0 1 1 
	       1268.12 5301.40349  5301.4043   4.0 1 1 
	       1287.77 5300.52521  5300.5234   4.0 1 1 
	       1337.73 5298.28292  5298.2824   4.0 1 1 
	       1382.00 5296.28403  5296.2787   4.0 1 1 
	       1408.29  5295.0917  5295.0886   4.0 1 1 
	       1423.57 5294.39708  5294.3971   6.0 1 1 
	       1480.07  5291.8163  5291.8163   4.0 1 1 
	       1586.93 5286.88632   5286.887   4.0 1 1 
	       1699.47 5281.62536  5281.6285   6.0 1 1 
	       1711.35 5281.06595  5281.0687   6.0 1 1 
	       1726.66 5280.34381  5280.3441   4.0 1 1 
	       1731.99 5280.09225  5280.0855   6.0 1 1 
	       1786.73 5277.49782  5277.5002   6.0 1 1 
	       1794.11 5277.14682   5277.146   6.0 1 1 
	       1809.72 5276.40357  5276.4089   4.0 1 1 
	       1857.58 5274.11614  5274.1188   4.0 1 1 
	       1882.35 5272.92745   5272.927   6.0 1 1 
	       2010.73 5266.71414  5266.7103   4.0 1 1 
	function chebyshev
	order 5
	sample *
	naverage 1
	niterate 2000
	low_reject 3.
	high_reject 3.
	grow 0.
	coefficients	9
		1.
		5.
		41.10922241210938
		2010.727416992187
		5310.655591813351
		-42.56539468146373
		-1.384282404352393
		0.004155859773958313
		0.004066721521319105

# Tue 13:40:22 16-May-2023
begin	identify iazcomp.0023 - Ap 23
	id	iazcomp.0023
	task	identify
	image	iazcomp.0023 - Ap 23
	aperture	23
	aplow	1291.01
	aphigh	1300.84
	units	Angstroms
	features	44
	         40.27 5351.83645  5351.8365   4.0 1 1 
	         59.14 5351.12556  5351.1265   6.0 1 1 
	        115.22 5349.00117  5349.0054   6.0 1 1 
	        142.28 5347.97025  5347.9714   6.0 1 1 
	        183.64 5346.38621  5346.3778   6.0 1 1 
	        211.59 5345.31049  5345.3117   4.0 1 1 
	        256.32 5343.57974  5343.5812   4.0 1 1 
	        335.21 5340.50002  5340.4982   4.0 1 1 
	        423.32 5337.01846  5337.0154   4.0 1 1 
	        595.69 5330.07972  5330.0804   6.0 1 1 
	        671.49 5326.97453  5326.9756   4.0 1 1 
	        688.45 5326.27541  5326.2774   6.0 1 1 
	        708.85 5325.43205  5325.4317   6.0 1 1 
	        715.80 5325.14411  5325.1438   6.0 1 1 
	        769.80 5322.89788  5322.8988   4.0 1 1 
	        820.58 5320.76992  5320.7699   4.0 1 1 
	        876.10  5318.4267  5318.4268   6.0 1 1 
	        898.08 5317.49408  5317.4944   4.0 1 1 
	        951.35 5315.22215  5315.2278   6.0 1 1 
	       1005.37 5312.90167  5312.9045   6.0 1 1 
	       1013.88 5312.53412  5312.5288   6.0 1 1 
	       1026.21 5312.00146  5312.0018   4.0 1 1 
	       1066.19 5310.26851  5310.2665   6.0 1 1 
	       1081.51 5309.60196  5309.6093   6.0 1 1 
	       1130.36 5307.46751  5307.4655   4.0 1 1 
	       1141.28 5306.98806  5306.9864   4.0 1 1 
	       1267.44 5301.40417  5301.4043   4.0 1 1 
	       1287.11 5300.52522  5300.5234   4.0 1 1 
	       1337.07  5298.2828  5298.2824   4.0 1 1 
	       1381.34 5296.28448  5296.2787   4.0 1 1 
	       1407.63 5295.09228  5295.0886   4.0 1 1 
	       1422.92 5294.39694  5294.3971   6.0 1 1 
	       1479.42 5291.81655  5291.8163   4.0 1 1 
	       1586.32 5286.88554   5286.887   4.0 1 1 
	       1698.87  5281.6249  5281.6285   6.0 1 1 
	       1710.75 5281.06542  5281.0687   6.0 1 1 
	       1726.05 5280.34369  5280.3441   4.0 1 1 
	       1731.35 5280.09339  5280.0855   6.0 1 1 
	       1786.14 5277.49775  5277.5002   6.0 1 1 
	       1793.53 5277.14617   5277.146   6.0 1 1 
	       1809.13  5276.4037  5276.4089   4.0 1 1 
	       1857.02 5274.11542  5274.1188   4.0 1 1 
	       1881.76 5272.92856   5272.927   6.0 1 1 
	       2010.19 5266.71412  5266.7103   4.0 1 1 
	function chebyshev
	order 5
	sample *
	naverage 1
	niterate 2000
	low_reject 3.
	high_reject 3.
	grow 0.
	coefficients	9
		1.
		5.
		40.26607894897462
		2010.191528320312
		5310.655411338853
		-42.56601045145103
		-1.384404308866838
		0.004842578922438
		0.004277309174633834

# Mon 15:41:35 14-Aug-2023
begin	identify iazcomp.0023 - Ap 23
	id	iazcomp.0023
	task	identify
	image	iazcomp.0023 - Ap 23
	aperture	23
	aplow	1291.01
	aphigh	1300.84
	units	Angstroms
	features	43
	         43.98 5351.83617  5351.8365   4.0 1 1 
	         62.87 5351.12459  5351.1265   6.0 1 1 
	        118.90  5349.0016  5349.0054   6.0 1 1 
	        145.95  5347.9708  5347.9714   6.0 1 1 
	        187.31 5346.38651  5346.3778   6.0 1 1 
	        215.25 5345.31063  5345.3117   4.0 1 1 
	        259.96 5343.58023  5343.5812   4.0 1 1 
	        338.83 5340.49988  5340.4982   4.0 1 1 
	        426.90 5337.01847  5337.0154   4.0 1 1 
	        599.20 5330.07984  5330.0804   6.0 1 1 
	        674.97 5326.97446  5326.9756   4.0 1 1 
	        691.91 5326.27556  5326.2774   6.0 1 1 
	        712.31 5325.43182  5325.4317   6.0 1 1 
	        719.25  5325.1442  5325.1438   6.0 1 1 
	        773.23 5322.89787  5322.8988   4.0 1 1 
	        824.00 5320.76948  5320.7699   4.0 1 1 
	        879.50 5318.42631  5318.4268   6.0 1 1 
	        901.46 5317.49383  5317.4944   4.0 1 1 
	        954.71 5315.22212  5315.2278   6.0 1 1 
	       1008.71 5312.90137  5312.9045   6.0 1 1 
	       1017.22 5312.53409  5312.5288   6.0 1 1 
	       1029.54 5312.00154  5312.0018   4.0 1 1 
	       1069.52 5310.26795  5310.2665   6.0 1 1 
	       1084.83 5309.60137  5309.6093   6.0 1 1 
	       1133.65 5307.46744  5307.4655   4.0 1 1 
	       1144.57   5306.988  5306.9864   4.0 1 1 
	       1270.66 5301.40508  5301.4043   4.0 1 1 
	       1290.35 5300.52535  5300.5234   4.0 1 1 
	       1340.29 5298.28336  5298.2824   4.0 1 1 
	       1384.53 5296.28528  5296.2787   4.0 1 1 
	       1410.81 5295.09329  5295.0886   4.0 1 1 
	       1426.12 5294.39708  5294.3971   6.0 1 1 
	       1482.59 5291.81697  5291.8163   4.0 1 1 
	       1589.46  5286.8863   5286.887   4.0 1 1 
	       1701.97 5281.62612  5281.6285   6.0 1 1 
	       1713.86 5281.06622  5281.0687   6.0 1 1 
	       1729.17 5280.34387  5280.3441   4.0 1 1 
	       1789.24 5277.49809  5277.5002   6.0 1 1 
	       1796.60 5277.14783   5277.146   6.0 1 1 
	       1812.25 5276.40289  5276.4089   4.0 1 1 
	       1860.09  5274.1161  5274.1188   4.0 1 1 
	       1884.82 5272.92939   5272.927   6.0 1 1 
	       2013.23 5266.71446  5266.7103   4.0 1 1 
	function chebyshev
	order 5
	sample *
	naverage 1
	niterate 2000
	low_reject 3.
	high_reject 3.
	grow 0.
	coefficients	9
		1.
		5.
		43.98204040527344
		2013.234741210938
		5310.65467429524
		-42.56619712207542
		-1.383281569691769
		0.005346850350247543
		0.003922408657066326

# Mon 16:09:12 14-Aug-2023
begin	identify iazcomp.0023 - Ap 23
	id	iazcomp.0023
	task	identify
	image	iazcomp.0023 - Ap 23
	aperture	23
	aplow	1291.01
	aphigh	1300.84
	units	Angstroms
	features	43
	         43.97 5351.83588  5351.8365   4.0 1 1 
	         62.83  5351.1253  5351.1265   6.0 1 1 
	        118.88 5349.00206  5349.0054   6.0 1 1 
	        145.92 5347.97136  5347.9714   6.0 1 1 
	        187.34 5346.38506  5346.3778   6.0 1 1 
	        215.26 5345.31012  5345.3117   4.0 1 1 
	        259.95 5343.58073  5343.5812   4.0 1 1 
	        338.84 5340.50034  5340.4982   4.0 1 1 
	        426.98 5337.01683  5337.0154   4.0 1 1 
	        599.26 5330.07987  5330.0804   6.0 1 1 
	        675.04 5326.97488  5326.9756   4.0 1 1 
	        691.99 5326.27551  5326.2774   6.0 1 1 
	        712.40 5325.43193  5325.4317   6.0 1 1 
	        719.34 5325.14423  5325.1438   6.0 1 1 
	        773.32 5322.89832  5322.8988   4.0 1 1 
	        824.11 5320.76993  5320.7699   4.0 1 1 
	        879.61 5318.42669  5318.4268   6.0 1 1 
	        901.60 5317.49376  5317.4944   4.0 1 1 
	        954.85 5315.22229  5315.2278   6.0 1 1 
	       1008.86  5312.9018  5312.9045   6.0 1 1 
	       1017.37 5312.53426  5312.5288   6.0 1 1 
	       1029.71 5312.00136  5312.0018   4.0 1 1 
	       1069.68  5310.2681  5310.2665   6.0 1 1 
	       1084.99 5309.60207  5309.6093   6.0 1 1 
	       1133.83 5307.46774  5307.4655   4.0 1 1 
	       1144.78 5306.98732  5306.9864   4.0 1 1 
	       1270.89  5301.4049  5301.4043   4.0 1 1 
	       1290.58 5300.52504  5300.5234   4.0 1 1 
	       1340.52 5298.28323  5298.2824   4.0 1 1 
	       1384.79 5296.28474  5296.2787   4.0 1 1 
	       1411.12 5295.09027  5295.0886   4.0 1 1 
	       1426.36 5294.39758  5294.3971   6.0 1 1 
	       1482.87 5291.81655  5291.8163   4.0 1 1 
	       1589.72 5286.88688   5286.887   4.0 1 1 
	       1702.26 5281.62645  5281.6285   6.0 1 1 
	       1714.15 5281.06648  5281.0687   6.0 1 1 
	       1729.41 5280.34642  5280.3441   4.0 1 1 
	       1789.54   5277.498  5277.5002   6.0 1 1 
	       1796.91 5277.14766   5277.146   6.0 1 1 
	       1812.54 5276.40329  5276.4089   4.0 1 1 
	       1860.40 5274.11606  5274.1188   4.0 1 1 
	       1885.14 5272.92842   5272.927   6.0 1 1 
	       2013.54 5266.71408  5266.7103   4.0 1 1 
	function chebyshev
	order 5
	sample *
	naverage 1
	niterate 2000
	low_reject 3.
	high_reject 3.
	grow 0.
	coefficients	9
		1.
		5.
		43.96706390380859
		2013.537719726563
		5310.655108205454
		-42.56537354500828
		-1.383857264963628
		0.00447209041705443
		0.003731134360328499

