# Tue 22:34:19 07-Sep-2021
begin	identify iazcomp.0008 - Ap 8
	id	iazcomp.0008
	task	identify
	image	iazcomp.0008 - Ap 8
	aperture	8
	aplow	1030.5
	aphigh	1038.19
	units	Angstroms
	features	40
	         99.28 4371.32791   4371.329   4.0 1 1 
	        117.83 4370.75266  4370.7532   4.0 1 1 
	        145.99 4369.87597  4369.8756   4.0 1 1 
	        211.20 4367.83228  4367.8316   4.0 1 1 
	        271.35 4365.93029  4365.9301   4.0 1 1 
	        391.87 4362.06877  4362.0662   4.0 1 1 
	        474.79 4359.37329  4359.3719   4.0 1 1 
	        506.93 4358.31991    4358.32   4.0 1 1 
	        528.46 4357.61168  4357.6132   4.0 1 1 
	        622.78 4354.48329  4354.4824   4.0 1 1 
	        653.79 4353.44568  4353.4487   4.0 1 1 
	        690.69 4352.20486  4352.2049   4.0 1 1 
	        747.80 4350.27252  4350.2717   4.0 1 1 
	        783.06 4349.07155  4349.0722   4.0 1 1 
	        796.90 4348.59855  4348.5982   4.0 1 1 
	        812.51 4348.06399   4348.064   4.0 1 1 
	        859.94 4346.43322  4346.4367   4.0 1 1 
	        896.53 4345.16771   4345.168   4.0 1 1 
	        920.75 4344.32639  4344.3265   4.0 1 1 
	        931.52 4343.95148  4343.9515   4.0 1 1 
	        974.67 4342.44389  4342.4442   4.0 1 1 
	       1018.68  4340.8975  4340.8954   4.0 1 1 
	       1120.69 4337.27763  4337.2774   4.0 1 1 
	       1174.78 4335.33844  4335.3379   4.0 1 1 
	       1224.00 4333.56221  4333.5612   4.0 1 1 
	       1266.20 4332.03021  4332.0297   4.0 1 1 
	       1288.93 4331.20124  4331.1995   4.0 1 1 
	       1310.54  4330.4115   4330.412   4.0 1 1 
	       1351.26 4328.91652  4328.9154   4.0 1 1 
	       1383.85 4327.71496  4327.7145   4.0 1 1 
	       1433.95 4325.85782  4325.8599   4.0 1 1 
	       1449.65 4325.27349  4325.2741   4.0 1 1 
	       1586.61 4320.12763  4320.1264   4.0 1 1 
	       1631.71 4318.41429  4318.4157   4.0 1 1 
	       1714.26 4315.25416  4315.2543   4.0 1 1 
	       1738.54  4314.3188  4314.3195   4.0 1 1 
	       1803.59 4311.79975  4311.7994   4.0 1 1 
	       1869.30 4309.23614  4309.2392   4.0 1 1 
	       1897.67 4308.12325   4308.122   4.0 1 1 
	       1921.69 4307.17808  4307.1762   4.0 1 1 
	function chebyshev
	order 5
	sample *
	naverage 1
	niterate 2000
	low_reject 3.
	high_reject 3.
	grow 0.
	coefficients	9
		1.
		5.
		99.28438568115234
		1921.688842773437
		4340.217581896956
		-32.07623750428579
		-0.9665334912299164
		0.001319186831641657
		0.001946240266912352

# Fri 10:46:23 11-Mar-2022
begin	identify iazcomp.0008 - Ap 8
	id	iazcomp.0008
	task	identify
	image	iazcomp.0008 - Ap 8
	aperture	8
	aplow	1030.5
	aphigh	1038.19
	units	Angstroms
	features	45
	         84.28  4371.3278   4371.329   4.0 1 1 
	        102.81 4370.75294  4370.7532   4.0 1 1 
	        131.04 4369.87438  4369.8756   4.0 1 1 
	        196.22 4367.83251  4367.8316   4.0 1 1 
	        256.35 4365.93136  4365.9301   4.0 1 1 
	        323.26 4363.79656  4363.7945   4.0 1 1 
	        376.98 4362.06788  4362.0662   4.0 1 1 
	        459.92 4359.37267  4359.3719   4.0 1 1 
	        492.03 4358.32046    4358.32   4.0 1 1 
	        513.59 4357.61157  4357.6132   4.0 1 1 
	        582.84  4355.3196  4355.3205   4.0 1 1 
	        607.91 4354.48436  4354.4824   4.0 1 1 
	        638.94 4353.44649  4353.4487   4.0 1 1 
	        675.89 4352.20469  4352.2049   4.0 1 1 
	        733.07 4350.27059  4350.2717   4.0 1 1 
	        768.28 4349.07203  4349.0722   4.0 1 1 
	        782.21 4348.59641  4348.5982   4.0 1 1 
	        797.76 4348.06411   4348.064   4.0 1 1 
	        845.20 4346.43375  4346.4367   4.0 1 1 
	        881.82 4345.16772   4345.168   4.0 1 1 
	        906.06 4344.32667  4344.3265   4.0 1 1 
	        916.80 4343.95293  4343.9515   4.0 1 1 
	        933.26  4343.3793  4343.3817   4.0 1 1 
	        960.01 4342.44423  4342.4442   4.0 1 1 
	       1004.05 4340.89741  4340.8954   4.0 1 1 
	       1106.11  4337.2781  4337.2774   4.0 1 1 
	       1111.90 4337.07119  4337.0708   4.0 1 1 
	       1160.23 4335.33898  4335.3379   4.0 1 1 
	       1209.50 4333.56209  4333.5612   4.0 1 1 
	       1243.22 4332.33916  4332.3395   4.0 1 1 
	       1251.69 4332.03118  4332.0297   4.0 1 1 
	       1274.45 4331.20189  4331.1995   4.0 1 1 
	       1336.82 4328.91717  4328.9154   4.0 1 1 
	       1369.49 4327.71341  4327.7145   4.0 1 1 
	       1419.58 4325.85789  4325.8599   4.0 1 1 
	       1435.29 4325.27354  4325.2741   4.0 1 1 
	       1572.34 4320.12778  4320.1264   4.0 1 1 
	       1617.48 4318.41419  4318.4157   4.0 1 1 
	       1700.06 4315.25492  4315.2543   4.0 1 1 
	       1724.36 4314.31955  4314.3195   4.0 1 1 
	       1758.68 4312.99353  4312.9975   4.0 1 1 
	       1789.47 4311.79975  4311.7994   4.0 1 1 
	       1855.20 4309.23664  4309.2392   4.0 1 1 
	       1883.56 4308.12478   4308.122   4.0 1 1 
	       1907.64 4307.17783  4307.1762   4.0 1 1 
	function chebyshev
	order 5
	sample *
	naverage 1
	niterate 2000
	low_reject 3.
	high_reject 3.
	grow 0.
	coefficients	9
		1.
		5.
		84.27547454833984
		1907.63818359375
		4340.215795680871
		-32.07593717230518
		-0.9647335260686669
		9.500931200739347E-4
		0.001753448596452952

# Tue 15:08:23 29-Mar-2022
begin	identify iazcomp.0008 - Ap 8
	id	iazcomp.0008
	task	identify
	image	iazcomp.0008 - Ap 8
	aperture	8
	aplow	1030.5
	aphigh	1038.19
	units	Angstroms
	features	45
	         84.98 4371.32801   4371.329   4.0 1 1 
	        103.53 4370.75277  4370.7532   4.0 1 1 
	        131.74 4369.87474  4369.8756   4.0 1 1 
	        196.93 4367.83242  4367.8316   4.0 1 1 
	        257.05 4365.93155  4365.9301   4.0 1 1 
	        324.04 4363.79396  4363.7945   4.0 1 1 
	        377.66 4362.06839  4362.0662   4.0 1 1 
	        460.57 4359.37389  4359.3719   4.0 1 1 
	        492.71 4358.32091    4358.32   4.0 1 1 
	        514.26 4357.61215  4357.6132   4.0 1 1 
	        583.48 4355.32074  4355.3205   4.0 1 1 
	        608.59 4354.48418  4354.4824   4.0 1 1 
	        639.65 4353.44518  4353.4487   4.0 1 1 
	        676.54 4352.20541  4352.2049   4.0 1 1 
	        733.70 4350.27162  4350.2717   4.0 1 1 
	        768.95 4349.07189  4349.0722   4.0 1 1 
	        782.92  4348.5945  4348.5982   4.0 1 1 
	        798.41 4348.06419   4348.064   4.0 1 1 
	        845.85 4346.43369  4346.4367   4.0 1 1 
	        882.45 4345.16837   4345.168   4.0 1 1 
	        906.70 4344.32666  4344.3265   4.0 1 1 
	        917.47 4343.95189  4343.9515   4.0 1 1 
	        933.91 4343.37875  4343.3817   4.0 1 1 
	        960.64 4342.44401  4342.4442   4.0 1 1 
	       1004.66 4340.89785  4340.8954   4.0 1 1 
	       1106.74 4337.27756  4337.2774   4.0 1 1 
	       1112.48 4337.07222  4337.0708   4.0 1 1 
	       1160.84 4335.33895  4335.3379   4.0 1 1 
	       1210.09 4333.56213  4333.5612   4.0 1 1 
	       1243.83 4332.33874  4332.3395   4.0 1 1 
	       1252.29 4332.03098  4332.0297   4.0 1 1 
	       1275.05 4331.20149  4331.1995   4.0 1 1 
	       1337.42 4328.91683  4328.9154   4.0 1 1 
	       1370.05 4327.71429  4327.7145   4.0 1 1 
	       1420.12 4325.85902  4325.8599   4.0 1 1 
	       1435.84 4325.27429  4325.2741   4.0 1 1 
	       1572.91 4320.12764  4320.1264   4.0 1 1 
	       1618.04 4318.41389  4318.4157   4.0 1 1 
	       1700.61 4315.25512  4315.2543   4.0 1 1 
	       1724.95 4314.31812  4314.3195   4.0 1 1 
	       1759.24 4312.99329  4312.9975   4.0 1 1 
	       1790.02 4311.79962  4311.7994   4.0 1 1 
	       1855.73 4309.23734  4309.2392   4.0 1 1 
	       1884.11 4308.12456   4308.122   4.0 1 1 
	       1908.18 4307.17818  4307.1762   4.0 1 1 
	function chebyshev
	order 5
	sample *
	naverage 1
	niterate 2000
	low_reject 3.
	high_reject 3.
	grow 0.
	coefficients	9
		1.
		5.
		84.98118591308593
		1908.181762695313
		4340.215915946962
		-32.07623952560746
		-0.9646324430707805
		0.001328200865806157
		0.001810219393356983

# Mon 18:58:20 30-Jan-2023
begin	identify iazcomp.0008 - Ap 8
	id	iazcomp.0008
	task	identify
	image	iazcomp.0008 - Ap 8
	aperture	8
	aplow	1030.5
	aphigh	1038.19
	units	Angstroms
	features	48
	          5.81 4374.12038  4374.1239   4.0 1 1 
	         96.46 4371.33014   4371.329   4.0 1 1 
	        115.03 4370.75402  4370.7532   4.0 1 1 
	        143.22 4369.87632  4369.8756   4.0 1 1 
	        208.42 4367.83294  4367.8316   4.0 1 1 
	        268.54 4365.93184  4365.9301   4.0 1 1 
	        335.51 4363.79483  4363.7945   4.0 1 1 
	        389.16 4362.06796  4362.0662   4.0 1 1 
	        472.07 4359.37313  4359.3719   4.0 1 1 
	        525.76 4357.61129  4357.6132   4.0 1 1 
	        594.98 4355.31986  4355.3205   4.0 1 1 
	        620.09 4354.48308  4354.4824   4.0 1 1 
	        651.11 4353.44539  4353.4487   4.0 1 1 
	        688.04 4352.20424  4352.2049   4.0 1 1 
	        745.20  4350.2704  4350.2717   4.0 1 1 
	        780.40 4349.07169  4349.0722   4.0 1 1 
	        794.26 4348.59804  4348.5982   4.0 1 1 
	        809.86 4348.06411   4348.064   4.0 1 1 
	        857.30 4346.43297  4346.4367   4.0 1 1 
	        893.89 4345.16775   4345.168   4.0 1 1 
	        918.10 4344.32741  4344.3265   4.0 1 1 
	        928.88 4343.95212  4343.9515   4.0 1 1 
	        945.28 4343.38018  4343.3817   4.0 1 1 
	        972.04  4342.4443  4342.4442   4.0 1 1 
	       1016.08 4340.89726  4340.8954   4.0 1 1 
	       1118.09  4337.2778  4337.2774   4.0 1 1 
	       1123.89 4337.07079  4337.0708   4.0 1 1 
	       1172.19  4335.3388  4335.3379   4.0 1 1 
	       1221.42 4333.56217  4333.5612   4.0 1 1 
	       1255.19 4332.33684  4332.3395   4.0 1 1 
	       1263.61 4332.03056  4332.0297   4.0 1 1 
	       1286.36  4331.2013  4331.1995   4.0 1 1 
	       1296.05 4330.84738  4330.8438   4.0 1 1 
	       1307.93 4330.41273   4330.412   4.0 1 1 
	       1348.70 4328.91667  4328.9154   4.0 1 1 
	       1354.86 4328.68981  4328.6879   4.0 1 1 
	       1381.24 4327.71671  4327.7145   4.0 1 1 
	       1431.43 4325.85673  4325.8599   4.0 1 1 
	       1447.10 4325.27366  4325.2741   4.0 1 1 
	       1584.12 4320.12633  4320.1264   4.0 1 1 
	       1629.20 4318.41403  4318.4157   4.0 1 1 
	       1711.75 4315.25467  4315.2543   4.0 1 1 
	       1736.09 4314.31717  4314.3195   4.0 1 1 
	       1770.35 4312.99317  4312.9975   4.0 1 1 
	       1801.14 4311.79906  4311.7994   4.0 1 1 
	       1866.80  4309.2378  4309.2392   4.0 1 1 
	       1895.20 4308.12411   4308.122   4.0 1 1 
	       1919.22 4307.17966  4307.1762   4.0 1 1 
	function chebyshev
	order 5
	sample *
	naverage 1
	niterate 2000
	low_reject 3.
	high_reject 3.
	grow 0.
	coefficients	9
		1.
		5.
		5.807762622833252
		1919.218872070312
		4341.711114128716
		-33.47089862319518
		-1.063990138124065
		5.365136298133528E-4
		0.002894132562304689

# Fri 11:53:27 03-Feb-2023
begin	identify iazcomp.0008 - Ap 8
	id	iazcomp.0008
	task	identify
	image	iazcomp.0008 - Ap 8
	aperture	8
	aplow	1030.5
	aphigh	1038.19
	units	Angstroms
	features	48
	          4.44 4374.12043  4374.1239   4.0 1 1 
	         95.09 4371.32993   4371.329   4.0 1 1 
	        113.63 4370.75446  4370.7532   4.0 1 1 
	        141.86 4369.87585  4369.8756   4.0 1 1 
	        207.04 4367.83305  4367.8316   4.0 1 1 
	        267.17 4365.93158  4365.9301   4.0 1 1 
	        334.10 4363.79601  4363.7945   4.0 1 1 
	        387.80 4362.06762  4362.0662   4.0 1 1 
	        470.75 4359.37224  4359.3719   4.0 1 1 
	        524.42 4357.61114  4357.6132   4.0 1 1 
	        593.63 4355.32022  4355.3205   4.0 1 1 
	        618.80 4354.48175  4354.4824   4.0 1 1 
	        649.77 4353.44586  4353.4487   4.0 1 1 
	        686.71 4352.20443  4352.2049   4.0 1 1 
	        743.80 4350.27331  4350.2717   4.0 1 1 
	        779.10 4349.07166  4349.0722   4.0 1 1 
	        793.00 4348.59696  4348.5982   4.0 1 1 
	        808.57 4348.06386   4348.064   4.0 1 1 
	        856.00 4346.43365  4346.4367   4.0 1 1 
	        892.60 4345.16819   4345.168   4.0 1 1 
	        916.83 4344.32687  4344.3265   4.0 1 1 
	        927.61 4343.95175  4343.9515   4.0 1 1 
	        944.06  4343.3786  4343.3817   4.0 1 1 
	        970.79 4342.44388  4342.4442   4.0 1 1 
	       1014.81 4340.89759  4340.8954   4.0 1 1 
	       1116.85 4337.27807  4337.2774   4.0 1 1 
	       1122.64 4337.07091  4337.0708   4.0 1 1 
	       1170.96 4335.33881  4335.3379   4.0 1 1 
	       1220.19  4333.5624  4333.5612   4.0 1 1 
	       1253.93 4332.33841  4332.3395   4.0 1 1 
	       1262.41 4332.03006  4332.0297   4.0 1 1 
	       1285.15 4331.20136  4331.1995   4.0 1 1 
	       1294.86 4330.84655  4330.8438   4.0 1 1 
	       1306.74 4330.41206   4330.412   4.0 1 1 
	       1347.50 4328.91648  4328.9154   4.0 1 1 
	       1353.63 4328.69073  4328.6879   4.0 1 1 
	       1380.08 4327.71553  4327.7145   4.0 1 1 
	       1430.21  4325.8579  4325.8599   4.0 1 1 
	       1445.90  4325.2738  4325.2741   4.0 1 1 
	       1582.94 4320.12667  4320.1264   4.0 1 1 
	       1628.05 4318.41321  4318.4157   4.0 1 1 
	       1710.59 4315.25458  4315.2543   4.0 1 1 
	       1734.93 4314.31733  4314.3195   4.0 1 1 
	       1769.21 4312.99283  4312.9975   4.0 1 1 
	       1799.98 4311.79927  4311.7994   4.0 1 1 
	       1865.66 4309.23777  4309.2392   4.0 1 1 
	       1894.05 4308.12469   4308.122   4.0 1 1 
	       1918.09 4307.17927  4307.1762   4.0 1 1 
	function chebyshev
	order 5
	sample *
	naverage 1
	niterate 2000
	low_reject 3.
	high_reject 3.
	grow 0.
	coefficients	9
		1.
		5.
		4.440987586975098
		1918.089965820312
		4341.710510276199
		-33.47056703500278
		-1.063718391628836
		-1.409690614448480E-5
		0.003054842331062093

# Mon 14:50:29 06-Feb-2023
begin	identify iazcomp.0008 - Ap 8
	id	iazcomp.0008
	task	identify
	image	iazcomp.0008 - Ap 8
	aperture	8
	aplow	1030.5
	aphigh	1038.19
	units	Angstroms
	features	47
	         92.50 4371.32797   4371.329   4.0 1 1 
	        111.06 4370.75251  4370.7532   4.0 1 1 
	        139.28  4369.8748  4369.8756   4.0 1 1 
	        204.51 4367.83223  4367.8316   4.0 1 1 
	        264.67 4365.93131  4365.9301   4.0 1 1 
	        331.63 4363.79595  4363.7945   4.0 1 1 
	        385.32 4362.06865  4362.0662   4.0 1 1 
	        468.32 4359.37239  4359.3719   4.0 1 1 
	        521.96 4357.61288  4357.6132   4.0 1 1 
	        591.23 4355.32078  4355.3205   4.0 1 1 
	        616.40  4354.4825  4354.4824   4.0 1 1 
	        647.40  4353.4459  4353.4487   4.0 1 1 
	        684.34 4352.20464  4352.2049   4.0 1 1 
	        741.47 4350.27261  4350.2717   4.0 1 1 
	        776.76 4349.07157  4349.0722   4.0 1 1 
	        790.63 4348.59766  4348.5982   4.0 1 1 
	        806.23 4348.06403   4348.064   4.0 1 1 
	        853.67  4346.4337  4346.4367   4.0 1 1 
	        890.29 4345.16786   4345.168   4.0 1 1 
	        914.53 4344.32662  4344.3265   4.0 1 1 
	        925.30 4343.95186  4343.9515   4.0 1 1 
	        941.76 4343.37829  4343.3817   4.0 1 1 
	        968.49  4342.4438  4342.4442   4.0 1 1 
	       1012.54 4340.89704  4340.8954   4.0 1 1 
	       1114.61 4337.27732  4337.2774   4.0 1 1 
	       1120.37 4337.07156  4337.0708   4.0 1 1 
	       1168.73  4335.3385  4335.3379   4.0 1 1 
	       1217.98  4333.5618  4333.5612   4.0 1 1 
	       1251.74 4332.33772  4332.3395   4.0 1 1 
	       1260.19 4332.03054  4332.0297   4.0 1 1 
	       1282.96 4331.20099  4331.1995   4.0 1 1 
	       1292.65 4330.84724  4330.8438   4.0 1 1 
	       1304.60 4330.41039   4330.412   4.0 1 1 
	       1345.31 4328.91689  4328.9154   4.0 1 1 
	       1351.44 4328.69139  4328.6879   4.0 1 1 
	       1377.91 4327.71552  4327.7145   4.0 1 1 
	       1428.06 4325.85772  4325.8599   4.0 1 1 
	       1443.76 4325.27371  4325.2741   4.0 1 1 
	       1580.81 4320.12743  4320.1264   4.0 1 1 
	       1625.96 4318.41328  4318.4157   4.0 1 1 
	       1708.51 4315.25497  4315.2543   4.0 1 1 
	       1732.85 4314.31769  4314.3195   4.0 1 1 
	       1767.14 4312.99317  4312.9975   4.0 1 1 
	       1797.91 4311.79981  4311.7994   4.0 1 1 
	       1863.61 4309.23763  4309.2392   4.0 1 1 
	       1891.99 4308.12454   4308.122   4.0 1 1 
	       1916.05 4307.17835  4307.1762   4.0 1 1 
	function chebyshev
	order 5
	sample *
	naverage 1
	niterate 2000
	low_reject 3.
	high_reject 3.
	grow 0.
	coefficients	9
		1.
		5.
		92.49569702148437
		1916.051635742188
		4340.218884016811
		-32.0761270624939
		-0.9673952469846444
		0.001315900793089457
		0.001673348763512745

# Mon 15:25:24 27-Feb-2023
begin	identify iazcomp.0008 - Ap 8
	id	iazcomp.0008
	task	identify
	image	iazcomp.0008 - Ap 8
	aperture	8
	aplow	1030.5
	aphigh	1038.19
	units	Angstroms
	features	42
	         97.48  4371.3272   4371.329   4.0 1 1 
	        115.99 4370.75293  4370.7532   4.0 1 1 
	        144.17 4369.87591  4369.8756   4.0 1 1 
	        209.39 4367.83235  4367.8316   4.0 1 1 
	        269.49 4365.93161  4365.9301   4.0 1 1 
	        336.49 4363.79347  4363.7945   4.0 1 1 
	        390.08 4362.06836  4362.0662   4.0 1 1 
	        472.98 4359.37363  4359.3719   4.0 1 1 
	        526.62 4357.61296  4357.6132   4.0 1 1 
	        620.97 4354.48345  4354.4824   4.0 1 1 
	        651.99 4353.44571  4353.4487   4.0 1 1 
	        688.90 4352.20482  4352.2049   4.0 1 1 
	        745.99 4350.27292  4350.2717   4.0 1 1 
	        781.25 4349.07195  4349.0722   4.0 1 1 
	        795.21 4348.59509  4348.5982   4.0 1 1 
	        810.72 4348.06402   4348.064   4.0 1 1 
	        858.15 4346.43327  4346.4367   4.0 1 1 
	        894.73 4345.16799   4345.168   4.0 1 1 
	        929.73 4343.95161  4343.9515   4.0 1 1 
	        972.89 4342.44392  4342.4442   4.0 1 1 
	       1016.89 4340.89774  4340.8954   4.0 1 1 
	       1118.93 4337.27738  4337.2774   4.0 1 1 
	       1173.02 4335.33839  4335.3379   4.0 1 1 
	       1222.25 4333.56187  4333.5612   4.0 1 1 
	       1256.01 4332.33689  4332.3395   4.0 1 1 
	       1264.45 4332.03016  4332.0297   4.0 1 1 
	       1287.19 4331.20105  4331.1995   4.0 1 1 
	       1296.87 4330.84741  4330.8438   4.0 1 1 
	       1308.78 4330.41188   4330.412   4.0 1 1 
	       1349.52 4328.91657  4328.9154   4.0 1 1 
	       1382.13 4327.71407  4327.7145   4.0 1 1 
	       1432.15 4325.86021  4325.8599   4.0 1 1 
	       1447.92 4325.27354  4325.2741   4.0 1 1 
	       1584.89 4320.12778  4320.1264   4.0 1 1 
	       1630.01 4318.41378  4318.4157   4.0 1 1 
	       1712.52 4315.25529  4315.2543   4.0 1 1 
	       1736.85  4314.3182  4314.3195   4.0 1 1 
	       1771.12 4312.99347  4312.9975   4.0 1 1 
	       1801.88  4311.7997  4311.7994   4.0 1 1 
	       1867.55 4309.23756  4309.2392   4.0 1 1 
	       1895.94  4308.1236   4308.122   4.0 1 1 
	       1919.96 4307.17859  4307.1762   4.0 1 1 
	function chebyshev
	order 5
	sample *
	naverage 1
	niterate 2000
	low_reject 3.
	high_reject 3.
	grow 0.
	coefficients	9
		1.
		5.
		97.47962188720702
		1919.961181640625
		4340.21758021154
		-32.0754295194061
		-0.9663866441846674
		0.001120149766535396
		0.001701019658961051

# Tue 13:39:58 16-May-2023
begin	identify iazcomp.0008 - Ap 8
	id	iazcomp.0008
	task	identify
	image	iazcomp.0008 - Ap 8
	aperture	8
	aplow	1030.5
	aphigh	1038.19
	units	Angstroms
	features	42
	         96.66 4371.32727   4371.329   4.0 1 1 
	        115.19 4370.75246  4370.7532   4.0 1 1 
	        143.39 4369.87514  4369.8756   4.0 1 1 
	        208.61 4367.83205  4367.8316   4.0 1 1 
	        268.73 4365.93125  4365.9301   4.0 1 1 
	        335.59 4363.79788  4363.7945   4.0 1 1 
	        389.32 4362.06879  4362.0662   4.0 1 1 
	        472.25 4359.37356  4359.3719   4.0 1 1 
	        525.98 4357.61026  4357.6132   4.0 1 1 
	        620.28  4354.4832  4354.4824   4.0 1 1 
	        651.29 4353.44585  4353.4487   4.0 1 1 
	        688.21 4352.20469  4352.2049   4.0 1 1 
	        745.37 4350.27093  4350.2717   4.0 1 1 
	        780.58 4349.07186  4349.0722   4.0 1 1 
	        794.52 4348.59582  4348.5982   4.0 1 1 
	        810.05 4348.06416   4348.064   4.0 1 1 
	        857.47 4346.43359  4346.4367   4.0 1 1 
	        894.06 4345.16841   4345.168   4.0 1 1 
	        929.08 4343.95162  4343.9515   4.0 1 1 
	        972.23   4342.444  4342.4442   4.0 1 1 
	       1016.26 4340.89706  4340.8954   4.0 1 1 
	       1118.29 4337.27738  4337.2774   4.0 1 1 
	       1172.37 4335.33868  4335.3379   4.0 1 1 
	       1221.61 4333.56203  4333.5612   4.0 1 1 
	       1255.37 4332.33693  4332.3395   4.0 1 1 
	       1263.80 4332.03057  4332.0297   4.0 1 1 
	       1286.54 4331.20138  4331.1995   4.0 1 1 
	       1296.23 4330.84757  4330.8438   4.0 1 1 
	       1308.15 4330.41141   4330.412   4.0 1 1 
	       1348.89 4328.91632  4328.9154   4.0 1 1 
	       1381.47 4327.71535  4327.7145   4.0 1 1 
	       1431.50 4325.86104  4325.8599   4.0 1 1 
	       1447.29 4325.27339  4325.2741   4.0 1 1 
	       1584.27 4320.12761  4320.1264   4.0 1 1 
	       1629.41 4318.41316  4318.4157   4.0 1 1 
	       1711.93 4315.25467  4315.2543   4.0 1 1 
	       1736.26 4314.31742  4314.3195   4.0 1 1 
	       1770.52 4312.99332  4312.9975   4.0 1 1 
	       1801.30 4311.79931  4311.7994   4.0 1 1 
	       1866.97 4309.23748  4309.2392   4.0 1 1 
	       1895.35 4308.12435   4308.122   4.0 1 1 
	       1919.38 4307.17908  4307.1762   4.0 1 1 
	function chebyshev
	order 5
	sample *
	naverage 1
	niterate 2000
	low_reject 3.
	high_reject 3.
	grow 0.
	coefficients	9
		1.
		5.
		96.65846252441406
		1919.377807617188
		4340.218404117569
		-32.07567634470349
		-0.9671150793315165
		0.001582901506071621
		0.001887204259959968

# Mon 15:28:15 14-Aug-2023
begin	identify iazcomp.0008 - Ap 8
	id	iazcomp.0008
	task	identify
	image	iazcomp.0008 - Ap 8
	aperture	8
	aplow	1030.5
	aphigh	1038.19
	units	Angstroms
	features	42
	        100.40 4371.32736   4371.329   4.0 1 1 
	        118.93 4370.75265  4370.7532   4.0 1 1 
	        147.12 4369.87535  4369.8756   4.0 1 1 
	        212.30 4367.83255  4367.8316   4.0 1 1 
	        272.40 4365.93181  4365.9301   4.0 1 1 
	        339.36 4363.79433  4363.7945   4.0 1 1 
	        392.97 4362.06842  4362.0662   4.0 1 1 
	        475.83 4359.37414  4359.3719   4.0 1 1 
	        529.50 4357.61203  4357.6132   4.0 1 1 
	        623.80 4354.48363  4354.4824   4.0 1 1 
	        654.80 4353.44621  4353.4487   4.0 1 1 
	        691.71 4352.20483  4352.2049   4.0 1 1 
	        748.82 4350.27168  4350.2717   4.0 1 1 
	        784.05 4349.07163  4349.0722   4.0 1 1 
	        798.00 4348.59501  4348.5982   4.0 1 1 
	        813.50   4348.064   4348.064   4.0 1 1 
	        860.90 4346.43358  4346.4367   4.0 1 1 
	        897.49 4345.16785   4345.168   4.0 1 1 
	        932.46 4343.95196  4343.9515   4.0 1 1 
	        975.62 4342.44389  4342.4442   4.0 1 1 
	       1019.62 4340.89719  4340.8954   4.0 1 1 
	       1121.61 4337.27749  4337.2774   4.0 1 1 
	       1175.68 4335.33849  4335.3379   4.0 1 1 
	       1224.89 4333.56185  4333.5612   4.0 1 1 
	       1258.62 4332.33767  4332.3395   4.0 1 1 
	       1267.08 4332.03003  4332.0297   4.0 1 1 
	       1289.81 4331.20113  4331.1995   4.0 1 1 
	       1299.49 4330.84726  4330.8438   4.0 1 1 
	       1311.41 4330.41109   4330.412   4.0 1 1 
	       1352.14 4328.91615  4328.9154   4.0 1 1 
	       1384.68 4327.71589  4327.7145   4.0 1 1 
	       1434.72 4325.86053  4325.8599   4.0 1 1 
	       1450.48 4325.27396  4325.2741   4.0 1 1 
	       1587.44 4320.12739  4320.1264   4.0 1 1 
	       1632.55 4318.41344  4318.4157   4.0 1 1 
	       1715.06 4315.25435  4315.2543   4.0 1 1 
	       1739.37 4314.31795  4314.3195   4.0 1 1 
	       1773.63 4312.99334  4312.9975   4.0 1 1 
	       1804.39 4311.79978  4311.7994   4.0 1 1 
	       1870.05 4309.23739  4309.2392   4.0 1 1 
	       1898.42 4308.12433   4308.122   4.0 1 1 
	       1922.45 4307.17868  4307.1762   4.0 1 1 
	function chebyshev
	order 5
	sample *
	naverage 1
	niterate 2000
	low_reject 3.
	high_reject 3.
	grow 0.
	coefficients	9
		1.
		5.
		100.4047317504883
		1922.45263671875
		4340.217650994664
		-32.07622598716581
		-0.9664111225652616
		0.001882805121545517
		0.001779545171597048

# Mon 16:08:27 14-Aug-2023
begin	identify iazcomp.0008 - Ap 8
	id	iazcomp.0008
	task	identify
	image	iazcomp.0008 - Ap 8
	aperture	8
	aplow	1030.5
	aphigh	1038.19
	units	Angstroms
	features	42
	        100.32 4371.32794   4371.329   4.0 1 1 
	        118.86 4370.75276  4370.7532   4.0 1 1 
	        147.08 4369.87469  4369.8756   4.0 1 1 
	        212.26 4367.83231  4367.8316   4.0 1 1 
	        272.37 4365.93137  4365.9301   4.0 1 1 
	        339.32 4363.79496  4363.7945   4.0 1 1 
	        392.93 4362.06892  4362.0662   4.0 1 1 
	        475.83  4359.3741  4359.3719   4.0 1 1 
	        529.52 4357.61182  4357.6132   4.0 1 1 
	        623.88 4354.48196  4354.4824   4.0 1 1 
	        654.84 4353.44607  4353.4487   4.0 1 1 
	        691.74  4352.2054  4352.2049   4.0 1 1 
	        748.86 4350.27257  4350.2717   4.0 1 1 
	        784.11 4349.07181  4349.0722   4.0 1 1 
	        798.08 4348.59456  4348.5982   4.0 1 1 
	        813.57 4348.06426   4348.064   4.0 1 1 
	        860.98 4346.43394  4346.4367   4.0 1 1 
	        897.57 4345.16814   4345.168   4.0 1 1 
	        932.56 4343.95215  4343.9515   4.0 1 1 
	        975.73 4342.44385  4342.4442   4.0 1 1 
	       1019.75 4340.89724  4340.8954   4.0 1 1 
	       1121.75 4337.27756  4337.2774   4.0 1 1 
	       1175.84 4335.33849  4335.3379   4.0 1 1 
	       1225.07 4333.56186  4333.5612   4.0 1 1 
	       1258.87 4332.33539  4332.3395   4.0 1 1 
	       1267.25 4332.03052  4332.0297   4.0 1 1 
	       1290.00 4331.20113  4331.1995   4.0 1 1 
	       1299.69 4330.84724  4330.8438   4.0 1 1 
	       1311.60 4330.41146   4330.412   4.0 1 1 
	       1352.34 4328.91594  4328.9154   4.0 1 1 
	       1384.87 4327.71647  4327.7145   4.0 1 1 
	       1434.94 4325.86077  4325.8599   4.0 1 1 
	       1450.71 4325.27388  4325.2741   4.0 1 1 
	       1587.69 4320.12743  4320.1264   4.0 1 1 
	       1632.82 4318.41282  4318.4157   4.0 1 1 
	       1715.32 4315.25497  4315.2543   4.0 1 1 
	       1739.63  4314.3185  4314.3195   4.0 1 1 
	       1773.92 4312.99311  4312.9975   4.0 1 1 
	       1804.67 4311.80008  4311.7994   4.0 1 1 
	       1870.35 4309.23715  4309.2392   4.0 1 1 
	       1898.73 4308.12383   4308.122   4.0 1 1 
	       1922.75 4307.17887  4307.1762   4.0 1 1 
	function chebyshev
	order 5
	sample *
	naverage 1
	niterate 2000
	low_reject 3.
	high_reject 3.
	grow 0.
	coefficients	9
		1.
		5.
		100.3197631835937
		1922.75244140625
		4340.218137622842
		-32.07610531056976
		-0.9665027516009701
		0.001568769463573786
		0.001769373093306072

