# Tue 22:41:33 07-Sep-2021
begin	identify iazcomp.0021 - Ap 21
	id	iazcomp.0021
	task	identify
	image	iazcomp.0021 - Ap 21
	aperture	21
	aplow	1260.43
	aphigh	1270.15
	units	Angstroms
	features	31
	        122.16 5193.82707  5193.8256   4.0 1 1 
	        201.86 5190.86701   5190.872   4.0 1 1 
	        284.88 5187.74598  5187.7462   4.0 1 1 
	        295.58 5187.34132  5187.3374   4.0 1 1 
	        320.05 5186.41262  5186.4132   4.0 1 1 
	        383.45 5183.99077  5183.9896   4.0 1 1 
	        421.49 5182.52693  5182.5269   4.0 1 1 
	        468.14 5180.72066  5180.7209   4.0 1 1 
	        564.22 5176.96264   5176.961   4.0 1 1 
	        605.68  5175.3247  5175.3248   4.0 1 1 
	        647.25 5173.67285  5173.6715   4.0 1 1 
	        765.52 5168.92034  5168.9225   4.0 1 1 
	        842.87 5165.76976  5165.7728   4.0 1 1 
	        899.14 5163.45691  5163.4584   4.0 1 1 
	        927.46 5162.28634  5162.2846   4.0 1 1 
	        945.48 5161.53901  5161.5396   4.0 1 1 
	       1015.85 5158.60318  5158.6041   4.0 1 1 
	       1119.17 5154.24288   5154.243   4.0 1 1 
	       1180.82  5151.6127   5151.612   4.0 1 1 
	       1236.83 5149.20507  5149.2069   4.0 1 1 
	       1259.72 5148.21587  5148.2115   4.0 1 1 
	       1309.46 5146.05686  5146.0557   4.0 1 1 
	       1326.60 5145.30957  5145.3083   4.0 1 1 
	       1358.48 5143.91546  5143.9165   4.0 1 1 
	       1406.98 5141.78419  5141.7827   4.0 1 1 
	       1504.14 5137.47506  5137.4733   4.0 1 1 
	       1534.53 5136.11678   5136.121   4.0 1 1 
	       1565.08 5134.74591   5134.746   4.0 1 1 
	       1703.13 5128.48891  5128.4897   4.0 1 1 
	       1944.73 5117.29127  5117.2923   4.0 1 1 
	       1992.38 5115.04618  5115.0448   4.0 1 1 
	function chebyshev
	order 5
	sample *
	naverage 1
	niterate 2000
	low_reject 3.
	high_reject 3.
	grow 0.
	coefficients	9
		1.
		5.
		122.1586227416992
		1992.37744140625
		5155.648062013044
		-39.39547397804625
		-1.212878948640456
		0.005024859969517564
		0.001442193024540524

# Fri 10:56:01 11-Mar-2022
begin	identify iazcomp.0021 - Ap 21
	id	iazcomp.0021
	task	identify
	image	iazcomp.0021 - Ap 21
	aperture	21
	aplow	1260.43
	aphigh	1270.15
	units	Angstroms
	features	32
	         52.85 5195.81367  5195.8136   4.0 1 1 
	         89.73 5194.45751  5194.4576   4.0 1 1 
	        186.35 5190.87018   5190.872   4.0 1 1 
	        269.38 5187.74741  5187.7462   4.0 1 1 
	        304.55 5186.41337  5186.4132   4.0 1 1 
	        355.86 5184.45521  5184.4534   4.0 1 1 
	        367.95 5183.99171  5183.9896   4.0 1 1 
	        406.08 5182.52465  5182.5269   4.0 1 1 
	        452.69 5180.72083  5180.7209   4.0 1 1 
	        548.81 5176.96251   5176.961   4.0 1 1 
	        575.50 5175.90956  5175.9115   4.0 1 1 
	        590.30  5175.3243  5175.3248   4.0 1 1 
	        631.91  5173.6717  5173.6715   4.0 1 1 
	        750.20 5168.92124  5168.9225   4.0 1 1 
	        827.58 5165.77163  5165.7728   4.0 1 1 
	        883.91 5163.45748  5163.4584   4.0 1 1 
	        912.25 5162.28662  5162.2846   4.0 1 1 
	        930.27 5161.53978  5161.5396   4.0 1 1 
	       1000.67  5158.6044  5158.6041   4.0 1 1 
	       1104.06 5154.24343   5154.243   4.0 1 1 
	       1165.75 5151.61287   5151.612   4.0 1 1 
	       1221.78 5149.20535  5149.2069   4.0 1 1 
	       1294.48 5146.05582  5146.0557   4.0 1 1 
	       1311.60  5145.3098  5145.3083   4.0 1 1 
	       1343.50 5143.91554  5143.9165   4.0 1 1 
	       1392.03 5141.78354  5141.7827   4.0 1 1 
	       1489.26 5137.47384  5137.4733   4.0 1 1 
	       1550.23 5134.74499   5134.746   4.0 1 1 
	       1650.06  5130.2337  5130.2338   4.0 1 1 
	       1688.35 5128.48934  5128.4897   4.0 1 1 
	       1910.86 5118.20048  5118.2023   4.0 1 1 
	       1930.20 5117.29427  5117.2923   4.0 1 1 
	function chebyshev
	order 5
	sample *
	naverage 1
	niterate 2000
	low_reject 3.
	high_reject 3.
	grow 0.
	coefficients	9
		1.
		5.
		52.84664916992187
		1930.198608398437
		5157.7667737024
		-39.26335964795377
		-1.216708133786532
		0.003663068926971772
		0.003904402274565346

# Tue 15:08:40 29-Mar-2022
begin	identify iazcomp.0021 - Ap 21
	id	iazcomp.0021
	task	identify
	image	iazcomp.0021 - Ap 21
	aperture	21
	aplow	1260.43
	aphigh	1270.15
	units	Angstroms
	features	32
	         53.54  5195.8131  5195.8136   4.0 1 1 
	         90.40  5194.4577  5194.4576   4.0 1 1 
	        187.01  5190.8708   5190.872   4.0 1 1 
	        270.05 5187.74791  5187.7462   4.0 1 1 
	        305.26 5186.41249  5186.4132   4.0 1 1 
	        356.54 5184.45511  5184.4534   4.0 1 1 
	        368.63 5183.99175  5183.9896   4.0 1 1 
	        406.71 5182.52626  5182.5269   4.0 1 1 
	        453.38 5180.71973  5180.7209   4.0 1 1 
	        549.45  5176.9628   5176.961   4.0 1 1 
	        576.18 5175.90862  5175.9115   4.0 1 1 
	        590.94 5175.32447  5175.3248   4.0 1 1 
	        632.55 5173.67185  5173.6715   4.0 1 1 
	        750.84 5168.92097  5168.9225   4.0 1 1 
	        828.20 5165.77136  5165.7728   4.0 1 1 
	        884.52 5163.45781  5163.4584   4.0 1 1 
	        912.86 5162.28655  5162.2846   4.0 1 1 
	        930.87 5161.53987  5161.5396   4.0 1 1 
	       1001.28 5158.60403  5158.6041   4.0 1 1 
	       1104.63 5154.24422   5154.243   4.0 1 1 
	       1166.33 5151.61313   5151.612   4.0 1 1 
	       1222.37 5149.20469  5149.2069   4.0 1 1 
	       1295.05 5146.05551  5146.0557   4.0 1 1 
	       1312.16 5145.30982  5145.3083   4.0 1 1 
	       1344.06 5143.91568  5143.9165   4.0 1 1 
	       1392.58 5141.78424  5141.7827   4.0 1 1 
	       1489.81 5137.47368  5137.4733   4.0 1 1 
	       1550.76 5134.74558   5134.746   4.0 1 1 
	       1650.62 5130.23278  5130.2338   4.0 1 1 
	       1688.89 5128.48932  5128.4897   4.0 1 1 
	       1911.40 5118.19967  5118.2023   4.0 1 1 
	       1930.70 5117.29521  5117.2923   4.0 1 1 
	function chebyshev
	order 5
	sample *
	naverage 1
	niterate 2000
	low_reject 3.
	high_reject 3.
	grow 0.
	coefficients	9
		1.
		5.
		53.53518676757812
		1930.695434570313
		5157.767228179257
		-39.26293634590911
		-1.216752340316366
		0.003996150780854346
		0.003679161737555814

# Mon 19:02:58 30-Jan-2023
begin	identify iazcomp.0021 - Ap 21
	id	iazcomp.0021
	task	identify
	image	iazcomp.0021 - Ap 21
	aperture	21
	aplow	1260.43
	aphigh	1270.15
	units	Angstroms
	features	32
	         65.58  5195.8127  5195.8136   4.0 1 1 
	        102.43 5194.45773  5194.4576   4.0 1 1 
	        199.03 5190.87187   5190.872   4.0 1 1 
	        282.12 5187.74732  5187.7462   4.0 1 1 
	        317.30 5186.41276  5186.4132   4.0 1 1 
	        368.59 5184.45512  5184.4534   4.0 1 1 
	        380.71 5183.99052  5183.9896   4.0 1 1 
	        418.75  5182.5266  5182.5269   4.0 1 1 
	        465.41 5180.72006  5180.7209   4.0 1 1 
	        561.48 5176.96298   5176.961   4.0 1 1 
	        588.21 5175.90843  5175.9115   4.0 1 1 
	        602.96 5175.32457  5175.3248   4.0 1 1 
	        644.54 5173.67271  5173.6715   4.0 1 1 
	        762.83 5168.92088  5168.9225   4.0 1 1 
	        840.19 5165.77057  5165.7728   4.0 1 1 
	        896.47 5163.45767  5163.4584   4.0 1 1 
	        924.81 5162.28638  5162.2846   4.0 1 1 
	        942.82 5161.53971  5161.5396   4.0 1 1 
	       1013.20 5158.60397  5158.6041   4.0 1 1 
	       1116.53 5154.24383   5154.243   4.0 1 1 
	       1178.20 5151.61314   5151.612   4.0 1 1 
	       1234.22 5149.20529  5149.2069   4.0 1 1 
	       1306.87 5146.05671  5146.0557   4.0 1 1 
	       1324.00 5145.30995  5145.3083   4.0 1 1 
	       1355.89 5143.91561  5143.9165   4.0 1 1 
	       1404.40 5141.78372  5141.7827   4.0 1 1 
	       1501.58 5137.47416  5137.4733   4.0 1 1 
	       1562.53 5134.74512   5134.746   4.0 1 1 
	       1662.36  5130.2322  5130.2338   4.0 1 1 
	       1700.60 5128.48932  5128.4897   4.0 1 1 
	       1923.02 5118.19971  5118.2023   4.0 1 1 
	       1942.31 5117.29539  5117.2923   4.0 1 1 
	function chebyshev
	order 5
	sample *
	naverage 1
	niterate 2000
	low_reject 3.
	high_reject 3.
	grow 0.
	coefficients	9
		1.
		5.
		65.57608795166015
		1942.311767578125
		5157.76944383443
		-39.26302375861374
		-1.218892985813279
		0.004367809025681468
		0.003491644195653719

# Fri 11:53:49 03-Feb-2023
begin	identify iazcomp.0021 - Ap 21
	id	iazcomp.0021
	task	identify
	image	iazcomp.0021 - Ap 21
	aperture	21
	aplow	1260.43
	aphigh	1270.15
	units	Angstroms
	features	32
	         64.20 5195.81323  5195.8136   4.0 1 1 
	        101.07 5194.45749  5194.4576   4.0 1 1 
	        197.68 5190.87143   5190.872   4.0 1 1 
	        280.75 5187.74742  5187.7462   4.0 1 1 
	        315.94 5186.41297  5186.4132   4.0 1 1 
	        367.27 5184.45427  5184.4534   4.0 1 1 
	        379.33 5183.99185  5183.9896   4.0 1 1 
	        417.43 5182.52599  5182.5269   4.0 1 1 
	        464.10 5180.71965  5180.7209   4.0 1 1 
	        560.18 5176.96262   5176.961   4.0 1 1 
	        586.91 5175.90821  5175.9115   4.0 1 1 
	        601.67 5175.32462  5175.3248   4.0 1 1 
	        643.26 5173.67287  5173.6715   4.0 1 1 
	        761.56 5168.92137  5168.9225   4.0 1 1 
	        838.96 5165.77013  5165.7728   4.0 1 1 
	        895.24 5163.45771  5163.4584   4.0 1 1 
	        923.55 5162.28775  5162.2846   4.0 1 1 
	        941.58 5161.54023  5161.5396   4.0 1 1 
	       1011.98 5158.60406  5158.6041   4.0 1 1 
	       1115.33 5154.24377   5154.243   4.0 1 1 
	       1177.00 5151.61305   5151.612   4.0 1 1 
	       1233.04 5149.20473  5149.2069   4.0 1 1 
	       1305.66 5146.05734  5146.0557   4.0 1 1 
	       1322.83 5145.30922  5145.3083   4.0 1 1 
	       1354.71 5143.91513  5143.9165   4.0 1 1 
	       1403.24  5141.7828  5141.7827   4.0 1 1 
	       1500.43  5137.4737  5137.4733   4.0 1 1 
	       1561.38 5134.74506   5134.746   4.0 1 1 
	       1661.24 5130.23232  5130.2338   4.0 1 1 
	       1699.46 5128.49094  5128.4897   4.0 1 1 
	       1921.99 5118.20247  5118.2023   4.0 1 1 
	       1941.13 5117.30596  5117.2923   4.0 1 0 
	function chebyshev
	order 5
	sample *
	naverage 1
	niterate 2000
	low_reject 3.
	high_reject 3.
	grow 0.
	coefficients	9
		1.
		5.
		64.19731903076171
		1941.12939453125
		5157.77249442731
		-39.25901231860853
		-1.217366406503595
		0.005375093629337525
		0.004466163106397506

# Mon 14:51:01 06-Feb-2023
begin	identify iazcomp.0021 - Ap 21
	id	iazcomp.0021
	task	identify
	image	iazcomp.0021 - Ap 21
	aperture	21
	aplow	1260.43
	aphigh	1270.15
	units	Angstroms
	features	32
	         61.60 5195.81351  5195.8136   4.0 1 1 
	         98.50 5194.45743  5194.4576   4.0 1 1 
	        195.17 5190.87017   5190.872   4.0 1 1 
	        278.25 5187.74719  5187.7462   4.0 1 1 
	        313.43 5186.41349  5186.4132   4.0 1 1 
	        364.75 5184.45561  5184.4534   4.0 1 1 
	        376.87 5183.99129  5183.9896   4.0 1 1 
	        414.97 5182.52586  5182.5269   4.0 1 1 
	        461.61 5180.72089  5180.7209   4.0 1 1 
	        557.76 5176.96267   5176.961   4.0 1 1 
	        584.48 5175.90893  5175.9115   4.0 1 1 
	        599.26 5175.32445  5175.3248   4.0 1 1 
	        640.88 5173.67208  5173.6715   4.0 1 1 
	        759.23 5168.92021  5168.9225   4.0 1 1 
	        836.61 5165.77069  5165.7728   4.0 1 1 
	        892.93  5163.4574  5163.4584   4.0 1 1 
	        921.27 5162.28678  5162.2846   4.0 1 1 
	        939.29 5161.53999  5161.5396   4.0 1 1 
	       1009.71 5158.60396  5158.6041   4.0 1 1 
	       1113.09 5154.24376   5154.243   4.0 1 1 
	       1174.78 5151.61317   5151.612   4.0 1 1 
	       1230.82 5149.20569  5149.2069   4.0 1 1 
	       1303.52 5146.05612  5146.0557   4.0 1 1 
	       1320.64 5145.31001  5145.3083   4.0 1 1 
	       1352.54 5143.91577  5143.9165   4.0 1 1 
	       1401.07 5141.78374  5141.7827   4.0 1 1 
	       1498.30 5137.47397  5137.4733   4.0 1 1 
	       1559.26 5134.74533   5134.746   4.0 1 1 
	       1659.13  5130.2321  5130.2338   4.0 1 1 
	       1697.38 5128.48936  5128.4897   4.0 1 1 
	       1919.88  5118.1999  5118.2023   4.0 1 1 
	       1939.18 5117.29521  5117.2923   4.0 1 1 
	function chebyshev
	order 5
	sample *
	naverage 1
	niterate 2000
	low_reject 3.
	high_reject 3.
	grow 0.
	coefficients	9
		1.
		5.
		61.59634399414062
		1939.182373046875
		5157.770529179248
		-39.2630518329899
		-1.219892678380719
		0.003900856301691916
		0.003721087167289156

# Mon 15:27:34 27-Feb-2023
begin	identify iazcomp.0021 - Ap 21
	id	iazcomp.0021
	task	identify
	image	iazcomp.0021 - Ap 21
	aperture	21
	aplow	1260.43
	aphigh	1270.15
	units	Angstroms
	features	28
	         66.59 5195.81374  5195.8136   4.0 1 1 
	        103.46 5194.45733  5194.4576   4.0 1 1 
	        200.04 5190.87086   5190.872   4.0 1 1 
	        283.05 5187.74788  5187.7462   4.0 1 1 
	        318.25 5186.41233  5186.4132   4.0 1 1 
	        381.60 5183.99178  5183.9896   4.0 1 1 
	        419.68 5182.52612  5182.5269   4.0 1 1 
	        466.33  5180.7198  5180.7209   4.0 1 1 
	        562.39  5176.9623   5176.961   4.0 1 1 
	        603.87 5175.32412  5175.3248   4.0 1 1 
	        645.42 5173.67326  5173.6715   4.0 1 1 
	        763.71 5168.92065  5168.9225   4.0 1 1 
	        841.06 5165.77076  5165.7728   4.0 1 1 
	        897.35 5163.45748  5163.4584   4.0 1 1 
	        925.68 5162.28624  5162.2846   4.0 1 1 
	        943.69 5161.53949  5161.5396   4.0 1 1 
	       1014.07 5158.60358  5158.6041   4.0 1 1 
	       1117.39 5154.24334   5154.243   4.0 1 1 
	       1179.06 5151.61256   5151.612   4.0 1 1 
	       1307.68 5146.05708  5146.0557   4.0 1 1 
	       1324.83 5145.30929  5145.3083   4.0 1 1 
	       1356.71 5143.91556  5143.9165   4.0 1 1 
	       1405.21 5141.78349  5141.7827   4.0 1 1 
	       1502.40  5137.4732  5137.4733   4.0 1 1 
	       1563.33 5134.74483   5134.746   4.0 1 1 
	       1701.37 5128.48931  5128.4897   4.0 1 1 
	       1923.78 5118.19982  5118.2023   4.0 1 1 
	       1943.08 5117.29493  5117.2923   4.0 1 1 
	function chebyshev
	order 5
	sample *
	naverage 1
	niterate 2000
	low_reject 3.
	high_reject 3.
	grow 0.
	coefficients	9
		1.
		5.
		66.58749389648437
		1943.075317382813
		5157.768550940188
		-39.26323959417329
		-1.218138831060904
		0.003837493285098475
		0.003923855808920621

# Tue 13:40:19 16-May-2023
begin	identify iazcomp.0021 - Ap 21
	id	iazcomp.0021
	task	identify
	image	iazcomp.0021 - Ap 21
	aperture	21
	aplow	1260.43
	aphigh	1270.15
	units	Angstroms
	features	28
	         65.73 5195.81351  5195.8136   4.0 1 1 
	        102.61 5194.45774  5194.4576   4.0 1 1 
	        199.22 5190.87102   5190.872   4.0 1 1 
	        282.27 5187.74762  5187.7462   4.0 1 1 
	        317.47  5186.4126  5186.4132   4.0 1 1 
	        380.86 5183.99081  5183.9896   4.0 1 1 
	        418.92  5182.5263  5182.5269   4.0 1 1 
	        465.59 5180.71948  5180.7209   4.0 1 1 
	        561.65 5176.96242   5176.961   4.0 1 1 
	        603.12 5175.32473  5175.3248   4.0 1 1 
	        644.68 5173.67374  5173.6715   4.0 1 1 
	        763.01 5168.92023  5168.9225   4.0 1 1 
	        840.35  5165.7709  5165.7728   4.0 1 1 
	        896.64 5163.45775  5163.4584   4.0 1 1 
	        924.99 5162.28608  5162.2846   4.0 1 1 
	        943.00 5161.53922  5161.5396   4.0 1 1 
	       1013.37 5158.60377  5158.6041   4.0 1 1 
	       1116.71 5154.24329   5154.243   4.0 1 1 
	       1178.37 5151.61286   5151.612   4.0 1 1 
	       1307.03 5146.05651  5146.0557   4.0 1 1 
	       1324.17 5145.30897  5145.3083   4.0 1 1 
	       1356.05  5143.9151  5143.9165   4.0 1 1 
	       1404.55 5141.78367  5141.7827   4.0 1 1 
	       1501.74 5137.47375  5137.4733   4.0 1 1 
	       1562.68 5134.74505   5134.746   4.0 1 1 
	       1700.74 5128.48945  5128.4897   4.0 1 1 
	       1923.20 5118.19874  5118.2023   4.0 1 1 
	       1942.46  5117.2958  5117.2923   4.0 1 1 
	function chebyshev
	order 5
	sample *
	naverage 1
	niterate 2000
	low_reject 3.
	high_reject 3.
	grow 0.
	coefficients	9
		1.
		5.
		65.73338317871093
		1942.462280273438
		5157.769686203975
		-39.26332721287645
		-1.218826989772855
		0.004473751754371187
		0.003793830376018623

# Mon 15:28:39 14-Aug-2023
begin	identify iazcomp.0021 - Ap 21
	id	iazcomp.0021
	task	identify
	image	iazcomp.0021 - Ap 21
	aperture	21
	aplow	1260.43
	aphigh	1270.15
	units	Angstroms
	features	28
	         69.46  5195.8136  5195.8136   4.0 1 1 
	        106.33 5194.45754  5194.4576   4.0 1 1 
	        202.88  5190.8714   5190.872   4.0 1 1 
	        285.91 5187.74749  5187.7462   4.0 1 1 
	        321.11  5186.4117  5186.4132   4.0 1 1 
	        384.43  5183.9916  5183.9896   4.0 1 1 
	        422.52  5182.5254  5182.5269   4.0 1 1 
	        469.10 5180.72116  5180.7209   4.0 1 1 
	        565.18 5176.96211   5176.961   4.0 1 1 
	        606.62 5175.32458  5175.3248   4.0 1 1 
	        648.19 5173.67294  5173.6715   4.0 1 1 
	        766.44 5168.92065  5168.9225   4.0 1 1 
	        843.75 5165.77121  5165.7728   4.0 1 1 
	        900.04 5163.45698  5163.4584   4.0 1 1 
	        928.36 5162.28602  5162.2846   4.0 1 1 
	        946.36 5161.53942  5161.5396   4.0 1 1 
	       1016.71 5158.60406  5158.6041   4.0 1 1 
	       1120.01 5154.24341   5154.243   4.0 1 1 
	       1181.65 5151.61296   5151.612   4.0 1 1 
	       1310.27 5146.05583  5146.0557   4.0 1 1 
	       1327.39 5145.30945  5145.3083   4.0 1 1 
	       1359.26 5143.91522  5143.9165   4.0 1 1 
	       1407.75 5141.78379  5141.7827   4.0 1 1 
	       1504.91 5137.47346  5137.4733   4.0 1 1 
	       1565.83 5134.74507   5134.746   4.0 1 1 
	       1703.86 5128.48935  5128.4897   4.0 1 1 
	       1926.26 5118.19994  5118.2023   4.0 1 1 
	       1945.57 5117.29474  5117.2923   4.0 1 1 
	function chebyshev
	order 5
	sample *
	naverage 1
	niterate 2000
	low_reject 3.
	high_reject 3.
	grow 0.
	coefficients	9
		1.
		5.
		69.46052551269531
		1945.565551757812
		5157.767747231216
		-39.26431145672942
		-1.217514882198806
		0.00488000892734226
		0.003939558766525533

# Mon 16:09:09 14-Aug-2023
begin	identify iazcomp.0021 - Ap 21
	id	iazcomp.0021
	task	identify
	image	iazcomp.0021 - Ap 21
	aperture	21
	aplow	1260.43
	aphigh	1270.15
	units	Angstroms
	features	28
	         69.41 5195.81405  5195.8136   4.0 1 1 
	        106.31 5194.45711  5194.4576   4.0 1 1 
	        202.89 5190.87049   5190.872   4.0 1 1 
	        285.90 5187.74775  5187.7462   4.0 1 1 
	        321.08 5186.41296  5186.4132   4.0 1 1 
	        384.46 5183.99152  5183.9896   4.0 1 1 
	        422.51 5182.52673  5182.5269   4.0 1 1 
	        469.19 5180.71909  5180.7209   4.0 1 1 
	        565.23 5176.96223   5176.961   4.0 1 1 
	        606.70 5175.32436  5175.3248   4.0 1 1 
	        648.27 5173.67276  5173.6715   4.0 1 1 
	        766.53 5168.92106  5168.9225   4.0 1 1 
	        843.88 5165.77097  5165.7728   4.0 1 1 
	        900.17 5163.45731  5163.4584   4.0 1 1 
	        928.49 5162.28637  5162.2846   4.0 1 1 
	        946.50 5161.53963  5161.5396   4.0 1 1 
	       1016.88 5158.60377  5158.6041   4.0 1 1 
	       1120.20 5154.24323   5154.243   4.0 1 1 
	       1181.86 5151.61252   5151.612   4.0 1 1 
	       1310.51 5146.05584  5146.0557   4.0 1 1 
	       1327.63  5145.3094  5145.3083   4.0 1 1 
	       1359.50 5143.91552  5143.9165   4.0 1 1 
	       1408.00 5141.78381  5141.7827   4.0 1 1 
	       1505.19 5137.47363  5137.4733   4.0 1 1 
	       1566.12 5134.74503   5134.746   4.0 1 1 
	       1704.16 5128.48936  5128.4897   4.0 1 1 
	       1926.57 5118.19885  5118.2023   4.0 1 1 
	       1945.83 5117.29573  5117.2923   4.0 1 1 
	function chebyshev
	order 5
	sample *
	naverage 1
	niterate 2000
	low_reject 3.
	high_reject 3.
	grow 0.
	coefficients	9
		1.
		5.
		69.41029357910155
		1945.826049804688
		5157.769603945988
		-39.26317228872159
		-1.218336719719773
		0.004014396901775849
		0.00362533319736753

