# Tue 22:41:23 07-Sep-2021
begin	identify iazcomp.0020 - Ap 20
	id	iazcomp.0020
	task	identify
	image	iazcomp.0020 - Ap 20
	aperture	20
	aplow	1245.04
	aphigh	1254.39
	units	Angstroms
	features	34
	         43.42 5122.49861  5122.4995   4.0 1 1 
	        247.49 5115.04531  5115.0448   4.0 1 1 
	        348.30 5111.27872  5111.2781   4.0 1 1 
	        389.18 5109.73559  5109.7331   4.0 1 1 
	        612.82 5101.12961  5101.1299   4.0 1 1 
	        625.89 5100.61802  5100.6211   4.0 1 1 
	        691.35 5098.04244  5098.0432   4.0 1 1 
	        730.67 5096.48373  5096.4848   4.0 1 1 
	        766.29 5095.06458  5095.0639   4.0 1 1 
	        890.67 5090.05398  5090.0513   4.0 1 1 
	        985.51 5086.17616  5086.1774   4.0 1 1 
	       1099.62 5081.44519  5081.4462   4.0 1 1 
	       1241.45 5075.46579  5075.4659   4.0 1 1 
	       1260.69 5074.64589  5074.6465   4.0 1 1 
	       1415.57 5067.97454  5067.9737   4.0 1 1 
	       1434.81 5067.13682  5067.1379   4.0 1 1 
	       1442.99 5066.78005  5066.7773   4.0 1 1 
	       1457.72 5066.13674  5066.1355   4.0 1 1 
	       1492.72 5064.60299   5064.602   4.0 1 1 
	       1517.43 5063.51643  5063.5157   4.0 1 1 
	       1530.71 5062.93087  5062.9325   4.0 1 1 
	       1550.92   5062.038  5062.0371   4.0 1 1 
	       1559.53 5061.65725  5061.6562   4.0 1 1 
	       1642.08 5057.98437  5057.9866   4.0 1 1 
	       1777.33 5051.88755  5051.8887   4.0 1 1 
	       1801.60 5050.78294  5050.7842   4.0 1 1 
	       1823.20 5049.79727   5049.796   4.0 1 1 
	       1883.29 5047.04275  5047.0434   4.0 1 1 
	       1892.14 5046.63559  5046.6372   4.0 1 1 
	       1922.24 5045.24711  5045.2481   4.0 1 1 
	       1933.61 5044.72119  5044.7195   4.0 1 1 
	       1959.68 5043.51334  5043.5145   4.0 1 1 
	       2000.80  5041.6004  5041.5998   4.0 1 1 
	       2011.01 5041.12417  5041.1224   4.0 1 1 
	function chebyshev
	order 5
	sample *
	naverage 1
	niterate 2000
	low_reject 3.
	high_reject 3.
	grow 0.
	coefficients	9
		1.
		5.
		43.41966247558594
		2011.013427734375
		5083.132206723693
		-40.69185014837641
		-1.322028951191918
		0.004629524787790014
		0.001214757186626107

# Fri 10:55:30 11-Mar-2022
begin	identify iazcomp.0020 - Ap 20
	id	iazcomp.0020
	task	identify
	image	iazcomp.0020 - Ap 20
	aperture	20
	aplow	1245.04
	aphigh	1254.39
	units	Angstroms
	features	41
	         27.81 5122.49908  5122.4995   4.0 1 1 
	        231.99 5115.04426  5115.0448   4.0 1 1 
	        332.86  5111.2772  5111.2781   4.0 1 1 
	        373.66 5109.73765  5109.7331   4.0 1 1 
	        597.49 5101.12919  5101.1299   4.0 1 1 
	        610.56 5100.61779  5100.6211   4.0 1 1 
	        676.03 5098.04309  5098.0432   4.0 1 1 
	        715.39 5096.48387  5096.4848   4.0 1 1 
	        751.03 5095.06479  5095.0639   4.0 1 1 
	        875.44 5090.05581  5090.0513   4.0 1 1 
	        896.07 5089.21704  5089.2192   4.0 1 1 
	        970.30 5086.17949  5086.1774   4.0 1 1 
	        999.16  5084.9903  5084.9935   4.0 1 1 
	       1084.55 5081.44516  5081.4462   4.0 1 1 
	       1226.43 5075.46689  5075.4659   4.0 1 1 
	       1245.72 5074.64551  5074.6465   4.0 1 1 
	       1369.35 5069.33382  5069.3384   4.0 1 1 
	       1400.68 5067.97448  5067.9737   4.0 1 1 
	       1419.91  5067.1374  5067.1379   4.0 1 1 
	       1428.10 5066.78048  5066.7773   4.0 1 1 
	       1442.83 5066.13712  5066.1355   4.0 1 1 
	       1470.04 5064.94634  5064.9454   4.0 1 1 
	       1477.86 5064.60324   5064.602   4.0 1 1 
	       1502.57 5063.51732  5063.5157   4.0 1 1 
	       1515.88 5062.93074  5062.9325   4.0 1 1 
	       1536.10 5062.03802  5062.0371   4.0 1 1 
	       1544.64 5061.66024  5061.6562   4.0 1 1 
	       1585.21 5059.86104  5059.8611   4.0 1 1 
	       1627.30 5057.98465  5057.9866   4.0 1 1 
	       1686.21 5055.34252  5055.3473   4.0 1 1 
	       1762.63 5051.88767  5051.8887   4.0 1 1 
	       1786.92 5050.78317  5050.7842   4.0 1 1 
	       1808.53 5049.79772   5049.796   4.0 1 1 
	       1868.65 5047.04325  5047.0434   4.0 1 1 
	       1877.50 5046.63644  5046.6372   4.0 1 1 
	       1883.62 5046.35439  5046.3527   4.0 1 1 
	       1907.61 5045.24814  5045.2481   4.0 1 1 
	       1919.03 5044.72063  5044.7195   4.0 1 1 
	       1945.14 5043.51122  5043.5145   4.0 1 1 
	       1986.27 5041.59952  5041.5998   4.0 1 1 
	       1996.45 5041.12489  5041.1224   4.0 1 1 
	function chebyshev
	order 5
	sample *
	naverage 1
	niterate 2000
	low_reject 3.
	high_reject 3.
	grow 0.
	coefficients	9
		1.
		5.
		27.80712890625
		1996.450561523438
		5083.131731027615
		-40.69152106019085
		-1.321188633049837
		0.004426251659065753
		0.001442004003291587

# Tue 15:08:39 29-Mar-2022
begin	identify iazcomp.0020 - Ap 20
	id	iazcomp.0020
	task	identify
	image	iazcomp.0020 - Ap 20
	aperture	20
	aplow	1245.04
	aphigh	1254.39
	units	Angstroms
	features	41
	         28.56  5122.4989  5122.4995   4.0 1 1 
	        232.68 5115.04552  5115.0448   4.0 1 1 
	        333.54  5111.2781  5111.2781   4.0 1 1 
	        374.43 5109.73493  5109.7331   4.0 1 1 
	        598.15 5101.12886  5101.1299   4.0 1 1 
	        611.20 5100.61857  5100.6211   4.0 1 1 
	        676.68 5098.04298  5098.0432   4.0 1 1 
	        716.02 5096.48404  5096.4848   4.0 1 1 
	        751.67 5095.06419  5095.0639   4.0 1 1 
	        876.05 5090.05568  5090.0513   4.0 1 1 
	        896.64 5089.21837  5089.2192   4.0 1 1 
	        970.88  5086.1798  5086.1774   4.0 1 1 
	        999.74 5084.99057  5084.9935   4.0 1 1 
	       1085.14 5081.44489  5081.4462   4.0 1 1 
	       1226.99 5075.46704  5075.4659   4.0 1 1 
	       1246.28 5074.64546  5074.6465   4.0 1 1 
	       1369.90 5069.33365  5069.3384   4.0 1 1 
	       1401.23 5067.97439  5067.9737   4.0 1 1 
	       1420.46 5067.13765  5067.1379   4.0 1 1 
	       1428.66 5066.78003  5066.7773   4.0 1 1 
	       1443.40 5066.13639  5066.1355   4.0 1 1 
	       1470.58 5064.94669  5064.9454   4.0 1 1 
	       1478.41 5064.60297   5064.602   4.0 1 1 
	       1503.13  5063.5165  5063.5157   4.0 1 1 
	       1516.43 5062.93062  5062.9325   4.0 1 1 
	       1536.64 5062.03844  5062.0371   4.0 1 1 
	       1545.21  5061.6591  5061.6562   4.0 1 1 
	       1585.72 5059.86218  5059.8611   4.0 1 1 
	       1627.84 5057.98457  5057.9866   4.0 1 1 
	       1686.73 5055.34338  5055.3473   4.0 1 1 
	       1763.17  5051.8876  5051.8887   4.0 1 1 
	       1787.45 5050.78332  5050.7842   4.0 1 1 
	       1809.08 5049.79722   5049.796   4.0 1 1 
	       1869.19 5047.04289  5047.0434   4.0 1 1 
	       1878.03  5046.6366  5046.6372   4.0 1 1 
	       1884.13 5046.35566  5046.3527   4.0 1 1 
	       1908.16 5045.24726  5045.2481   4.0 1 1 
	       1919.54 5044.72137  5044.7195   4.0 1 1 
	       1945.65 5043.51254  5043.5145   4.0 1 1 
	       1986.84 5041.59792  5041.5998   4.0 1 1 
	       1996.99 5041.12473  5041.1224   4.0 1 1 
	function chebyshev
	order 5
	sample *
	naverage 1
	niterate 2000
	low_reject 3.
	high_reject 3.
	grow 0.
	coefficients	9
		1.
		5.
		28.55602645874024
		1996.987060546875
		5083.13073431317
		-40.69186532956918
		-1.320199917803956
		0.004779714804542765
		0.001281500446714357

# Mon 19:02:49 30-Jan-2023
begin	identify iazcomp.0020 - Ap 20
	id	iazcomp.0020
	task	identify
	image	iazcomp.0020 - Ap 20
	aperture	20
	aplow	1245.04
	aphigh	1254.39
	units	Angstroms
	features	41
	         40.49 5122.49906  5122.4995   4.0 1 1 
	        244.68   5115.045  5115.0448   4.0 1 1 
	        345.53 5111.27833  5111.2781   4.0 1 1 
	        386.44 5109.73449  5109.7331   4.0 1 1 
	        610.12 5101.12978  5101.1299   4.0 1 1 
	        623.19 5100.61836  5100.6211   4.0 1 1 
	        688.64 5098.04358  5098.0432   4.0 1 1 
	        727.99  5096.4843  5096.4848   4.0 1 1 
	        763.60 5095.06563  5095.0639   4.0 1 1 
	        887.98 5090.05584  5090.0513   4.0 1 1 
	        908.61  5089.2167  5089.2192   4.0 1 1 
	        982.86 5086.17707  5086.1774   4.0 1 1 
	       1011.66 5084.99017  5084.9935   4.0 1 1 
	       1096.99 5081.44587  5081.4462   4.0 1 1 
	       1238.83 5075.46689  5075.4659   4.0 1 1 
	       1258.12 5074.64541  5074.6465   4.0 1 1 
	       1381.66 5069.33535  5069.3384   4.0 1 1 
	       1413.00 5067.97513  5067.9737   4.0 1 1 
	       1432.25 5067.13672  5067.1379   4.0 1 1 
	       1440.42 5066.78057  5066.7773   4.0 1 1 
	       1455.16 5066.13658  5066.1355   4.0 1 1 
	       1482.33 5064.94699  5064.9454   4.0 1 1 
	       1490.16 5064.60327   5064.602   4.0 1 1 
	       1514.87 5063.51697  5063.5157   4.0 1 1 
	       1528.16 5062.93116  5062.9325   4.0 1 1 
	       1548.38 5062.03792  5062.0371   4.0 1 1 
	       1556.95 5061.65887  5061.6562   4.0 1 1 
	       1597.45 5059.86171  5059.8611   4.0 1 1 
	       1639.55 5057.98424  5057.9866   4.0 1 1 
	       1698.45 5055.34192  5055.3473   4.0 1 1 
	       1774.82 5051.88785  5051.8887   4.0 1 1 
	       1799.11   5050.783  5050.7842   4.0 1 1 
	       1820.70 5049.79814   5049.796   4.0 1 1 
	       1880.81 5047.04318  5047.0434   4.0 1 1 
	       1889.65  5046.6366  5046.6372   4.0 1 1 
	       1895.77 5046.35451  5046.3527   4.0 1 1 
	       1919.75 5045.24828  5045.2481   4.0 1 1 
	       1931.16 5044.72104  5044.7195   4.0 1 1 
	       1957.27  5043.5113  5043.5145   4.0 1 1 
	       1998.40 5041.59871  5041.5998   4.0 1 1 
	       2008.56  5041.1251  5041.1224   4.0 1 1 
	function chebyshev
	order 5
	sample *
	naverage 1
	niterate 2000
	low_reject 3.
	high_reject 3.
	grow 0.
	coefficients	9
		1.
		5.
		40.48646926879883
		2008.556274414063
		5083.134106808852
		-40.69251077256376
		-1.323179767446585
		0.005530516591396656
		0.001152440545035199

# Fri 11:53:48 03-Feb-2023
begin	identify iazcomp.0020 - Ap 20
	id	iazcomp.0020
	task	identify
	image	iazcomp.0020 - Ap 20
	aperture	20
	aplow	1245.04
	aphigh	1254.39
	units	Angstroms
	features	41
	         39.12 5122.49901  5122.4995   4.0 1 1 
	        243.33 5115.04485  5115.0448   4.0 1 1 
	        344.20 5111.27785  5111.2781   4.0 1 1 
	        385.07 5109.73578  5109.7331   4.0 1 1 
	        608.82 5101.12955  5101.1299   4.0 1 1 
	        621.90 5100.61798  5100.6211   4.0 1 1 
	        687.36 5098.04327  5098.0432   4.0 1 1 
	        726.70 5096.48442  5096.4848   4.0 1 1 
	        762.34 5095.06511  5095.0639   4.0 1 1 
	        886.74 5090.05559  5090.0513   4.0 1 1 
	        907.35  5089.2172  5089.2192   4.0 1 1 
	        981.62 5086.17761  5086.1774   4.0 1 1 
	       1010.42 5084.99047  5084.9935   4.0 1 1 
	       1095.79  5081.4454  5081.4462   4.0 1 1 
	       1237.64 5075.46664  5075.4659   4.0 1 1 
	       1256.90 5074.64636  5074.6465   4.0 1 1 
	       1380.50 5069.33453  5069.3384   4.0 1 1 
	       1411.83 5067.97504  5067.9737   4.0 1 1 
	       1431.07 5067.13733  5067.1379   4.0 1 1 
	       1439.26 5066.78013  5066.7773   4.0 1 1 
	       1453.99 5066.13682  5066.1355   4.0 1 1 
	       1481.18 5064.94655  5064.9454   4.0 1 1 
	       1489.00 5064.60321   5064.602   4.0 1 1 
	       1513.70  5063.5176  5063.5157   4.0 1 1 
	       1526.98 5062.93208  5062.9325   4.0 1 1 
	       1547.23 5062.03807  5062.0371   4.0 1 1 
	       1555.82 5061.65799  5061.6562   4.0 1 1 
	       1596.32 5059.86099  5059.8611   4.0 1 1 
	       1638.41 5057.98434  5057.9866   4.0 1 1 
	       1697.31 5055.34179  5055.3473   4.0 1 1 
	       1773.68 5051.88811  5051.8887   4.0 1 1 
	       1797.97 5050.78302  5050.7842   4.0 1 1 
	       1819.57 5049.79819   5049.796   4.0 1 1 
	       1879.67  5047.0438  5047.0434   4.0 1 1 
	       1888.54 5046.63569  5046.6372   4.0 1 1 
	       1894.66 5046.35369  5046.3527   4.0 1 1 
	       1918.62 5045.24825  5045.2481   4.0 1 1 
	       1930.02 5044.72125  5044.7195   4.0 1 1 
	       1956.10 5043.51341  5043.5145   4.0 1 1 
	       1997.28 5041.59834  5041.5998   4.0 1 1 
	       2007.45 5041.12429  5041.1224   4.0 1 1 
	function chebyshev
	order 5
	sample *
	naverage 1
	niterate 2000
	low_reject 3.
	high_reject 3.
	grow 0.
	coefficients	9
		1.
		5.
		39.11554336547852
		2007.448364257813
		5083.134091729774
		-40.69238657905105
		-1.323651537458416
		0.005025669643386976
		0.001209954360369404

# Mon 14:50:59 06-Feb-2023
begin	identify iazcomp.0020 - Ap 20
	id	iazcomp.0020
	task	identify
	image	iazcomp.0020 - Ap 20
	aperture	20
	aplow	1245.04
	aphigh	1254.39
	units	Angstroms
	features	41
	         36.52 5122.49901  5122.4995   4.0 1 1 
	        240.79  5115.0446  5115.0448   4.0 1 1 
	        341.70 5111.27787  5111.2781   4.0 1 1 
	        382.57  5109.7362  5109.7331   4.0 1 1 
	        606.42 5101.12938  5101.1299   4.0 1 1 
	        619.49 5100.61822  5100.6211   4.0 1 1 
	        684.98 5098.04339  5098.0432   4.0 1 1 
	        724.35 5096.48424  5096.4848   4.0 1 1 
	        759.99  5095.0649  5095.0639   4.0 1 1 
	        884.44 5090.05531  5090.0513   4.0 1 1 
	        905.05 5089.21728  5089.2192   4.0 1 1 
	        979.33 5086.17793  5086.1774   4.0 1 1 
	       1008.16 5084.99019  5084.9935   4.0 1 1 
	       1093.55  5081.4453  5081.4462   4.0 1 1 
	       1235.43 5075.46714  5075.4659   4.0 1 1 
	       1254.71 5074.64615  5074.6465   4.0 1 1 
	       1378.34  5069.3344  5069.3384   4.0 1 1 
	       1409.67 5067.97507  5067.9737   4.0 1 1 
	       1428.91 5067.13771  5067.1379   4.0 1 1 
	       1437.12    5066.78  5066.7773   4.0 1 1 
	       1451.85 5066.13694  5066.1355   4.0 1 1 
	       1479.04 5064.94677  5064.9454   4.0 1 1 
	       1486.86  5064.6036   5064.602   4.0 1 1 
	       1511.59  5063.5167  5063.5157   4.0 1 1 
	       1524.87 5062.93121  5062.9325   4.0 1 1 
	       1545.11 5062.03785  5062.0371   4.0 1 1 
	       1553.68 5061.65887  5061.6562   4.0 1 1 
	       1594.21 5059.86113  5059.8611   4.0 1 1 
	       1636.31 5057.98427  5057.9866   4.0 1 1 
	       1695.21 5055.34233  5055.3473   4.0 1 1 
	       1771.61 5051.88827  5051.8887   4.0 1 1 
	       1795.90 5050.78327  5050.7842   4.0 1 1 
	       1817.52  5049.7975   5049.796   4.0 1 1 
	       1877.62 5047.04352  5047.0434   4.0 1 1 
	       1886.47  5046.6367  5046.6372   4.0 1 1 
	       1892.62 5046.35354  5046.3527   4.0 1 1 
	       1916.59 5045.24823  5045.2481   4.0 1 1 
	       1927.99 5044.72101  5044.7195   4.0 1 1 
	       1954.11 5043.51151  5043.5145   4.0 1 1 
	       1995.25 5041.59914  5041.5998   4.0 1 1 
	       2005.42 5041.12494  5041.1224   4.0 1 1 
	function chebyshev
	order 5
	sample *
	naverage 1
	niterate 2000
	low_reject 3.
	high_reject 3.
	grow 0.
	coefficients	9
		1.
		5.
		36.52069091796875
		2005.418823242187
		5083.135032747757
		-40.69182735408945
		-1.324541373995625
		0.004795225858642961
		0.001484686900641933

# Mon 15:27:30 27-Feb-2023
begin	identify iazcomp.0020 - Ap 20
	id	iazcomp.0020
	task	identify
	image	iazcomp.0020 - Ap 20
	aperture	20
	aplow	1245.04
	aphigh	1254.39
	units	Angstroms
	features	40
	         41.54 5122.49894  5122.4995   4.0 1 1 
	        245.65 5115.04509  5115.0448   4.0 1 1 
	        346.49  5111.2777  5111.2781   4.0 1 1 
	        387.34 5109.73552  5109.7331   4.0 1 1 
	        611.01 5101.12898  5101.1299   4.0 1 1 
	        689.54 5098.04218  5098.0432   4.0 1 1 
	        728.87 5096.48332  5096.4848   4.0 1 1 
	        764.49 5095.06396  5095.0639   4.0 1 1 
	        888.85 5090.05442  5090.0513   4.0 1 1 
	        909.41 5089.21805  5089.2192   6.0 1 1 
	        983.63 5086.17948  5086.1774   6.0 1 1 
	       1012.48 5084.99052  5084.9935   6.0 1 1 
	       1097.81 5081.44605  5081.4462   6.0 1 1 
	       1239.67 5075.46594  5075.4659   4.0 1 1 
	       1258.93 5074.64561  5074.6465   6.0 1 1 
	       1382.48 5069.33479  5069.3384   6.0 1 1 
	       1413.82 5067.97445  5067.9737   4.0 1 1 
	       1433.04 5067.13763  5067.1379   6.0 1 1 
	       1441.23 5066.78005  5066.7773   4.0 1 1 
	       1455.97 5066.13655  5066.1355   4.0 1 1 
	       1490.94 5064.60411   5064.602   6.0 1 1 
	       1515.66  5063.5172  5063.5157   4.0 1 1 
	       1528.97 5062.93043  5062.9325   4.0 1 1 
	       1549.18 5062.03786  5062.0371   4.0 1 1 
	       1557.74 5061.65882  5061.6562   4.0 1 1 
	       1598.22 5059.86265  5059.8611   6.0 1 1 
	       1640.32 5057.98485  5057.9866   6.0 1 1 
	       1699.18 5055.34327  5055.3473   4.0 1 1 
	       1775.55 5051.88847  5051.8887   6.0 1 1 
	       1799.83 5050.78355  5050.7842   6.0 1 1 
	       1821.44 5049.79743   5049.796   4.0 1 1 
	       1881.52 5047.04285  5047.0434   4.0 1 1 
	       1890.33 5046.63749  5046.6372   6.0 1 1 
	       1896.50  5046.3533  5046.3527   6.0 1 1 
	       1920.46 5045.24706  5045.2481   4.0 1 1 
	       1931.85 5044.72026  5044.7195   4.0 1 1 
	       1957.93 5043.51167  5043.5145   6.0 1 1 
	       1999.07 5041.59779  5041.5998   6.0 1 1 
	       2009.27 5041.12149  5041.1224   4.0 1 1 
	       2018.60  5040.6858  5040.6805   6.0 1 1 
	function chebyshev
	order 5
	sample *
	naverage 1
	niterate 2000
	low_reject 3.
	high_reject 3.
	grow 0.
	coefficients	9
		1.
		5.
		41.53818511962891
		2018.600341796875
		5082.926989224371
		-40.91067236719456
		-1.335359972829287
		0.004103901336459007
		7.396520403643108E-4

# Tue 13:40:18 16-May-2023
begin	identify iazcomp.0020 - Ap 20
	id	iazcomp.0020
	task	identify
	image	iazcomp.0020 - Ap 20
	aperture	20
	aplow	1245.04
	aphigh	1254.39
	units	Angstroms
	features	40
	         40.66 5122.49896  5122.4995   4.0 1 1 
	        244.85 5115.04485  5115.0448   4.0 1 1 
	        345.70 5111.27827  5111.2781   4.0 1 1 
	        386.59 5109.73512  5109.7331   4.0 1 1 
	        610.28 5101.12916  5101.1299   4.0 1 1 
	        688.80 5098.04282  5098.0432   4.0 1 1 
	        728.16 5096.48284  5096.4848   4.0 1 1 
	        763.79 5095.06346  5095.0639   4.0 1 1 
	        888.14 5090.05526  5090.0513   4.0 1 1 
	        908.72 5089.21788  5089.2192   6.0 1 1 
	        982.95 5086.17924  5086.1774   6.0 1 1 
	       1011.81 5084.98965  5084.9935   6.0 1 1 
	       1097.14 5081.44603  5081.4462   6.0 1 1 
	       1238.99 5075.46632  5075.4659   4.0 1 1 
	       1258.23 5074.64687  5074.6465   6.0 1 1 
	       1381.85 5069.33387  5069.3384   6.0 1 1 
	       1413.17 5067.97433  5067.9737   4.0 1 1 
	       1432.40  5067.1372  5067.1379   6.0 1 1 
	       1440.58 5066.78042  5066.7773   4.0 1 1 
	       1455.32  5066.1367  5066.1355   4.0 1 1 
	       1490.30 5064.60423   5064.602   6.0 1 1 
	       1515.01 5063.51753  5063.5157   4.0 1 1 
	       1528.36 5062.92946  5062.9325   4.0 1 1 
	       1548.53 5062.03845  5062.0371   4.0 1 1 
	       1557.11  5061.6589  5061.6562   4.0 1 1 
	       1597.60 5059.86241  5059.8611   6.0 1 1 
	       1639.71 5057.98438  5057.9866   6.0 1 1 
	       1698.56 5055.34362  5055.3473   4.0 1 1 
	       1774.95  5051.8884  5051.8887   6.0 1 1 
	       1799.23 5050.78394  5050.7842   6.0 1 1 
	       1820.84 5049.79789   5049.796   4.0 1 1 
	       1880.94 5047.04278  5047.0434   4.0 1 1 
	       1889.76 5046.63705  5046.6372   6.0 1 1 
	       1895.90  5046.3541  5046.3527   6.0 1 1 
	       1919.89 5045.24711  5045.2481   4.0 1 1 
	       1931.29    5044.72  5044.7195   4.0 1 1 
	       1957.40 5043.51017  5043.5145   6.0 1 1 
	       1998.53 5041.59684  5041.5998   6.0 1 1 
	       2008.67 5041.12367  5041.1224   4.0 1 1 
	       2018.05 5040.68542  5040.6805   6.0 1 1 
	function chebyshev
	order 5
	sample *
	naverage 1
	niterate 2000
	low_reject 3.
	high_reject 3.
	grow 0.
	coefficients	9
		1.
		5.
		40.66071319580078
		2018.052368164063
		5082.927583255157
		-40.91159133515325
		-1.336016595588662
		0.00482331143652636
		6.213188149249380E-4

# Mon 15:28:37 14-Aug-2023
begin	identify iazcomp.0020 - Ap 20
	id	iazcomp.0020
	task	identify
	image	iazcomp.0020 - Ap 20
	aperture	20
	aplow	1245.04
	aphigh	1254.39
	units	Angstroms
	features	40
	         44.39 5122.49886  5122.4995   4.0 1 1 
	        248.51 5115.04496  5115.0448   4.0 1 1 
	        349.32 5111.27834  5111.2781   4.0 1 1 
	        390.19 5109.73507  5109.7331   4.0 1 1 
	        613.76 5101.12998  5101.1299   4.0 1 1 
	        692.29  5098.0419  5098.0432   4.0 1 1 
	        731.61 5096.48314  5096.4848   4.0 1 1 
	        767.24 5095.06315  5095.0639   4.0 1 1 
	        891.52 5090.05503  5090.0513   4.0 1 1 
	        912.09 5089.21795  5089.2192   6.0 1 1 
	        986.30 5086.17896  5086.1774   6.0 1 1 
	       1015.13 5084.98996  5084.9935   6.0 1 1 
	       1100.44 5081.44571  5081.4462   6.0 1 1 
	       1242.22 5075.46733  5075.4659   4.0 1 1 
	       1261.48 5074.64646  5074.6465   6.0 1 1 
	       1385.04 5069.33403  5069.3384   6.0 1 1 
	       1416.37 5067.97404  5067.9737   4.0 1 1 
	       1435.58 5067.13718  5067.1379   6.0 1 1 
	       1443.75 5066.78096  5066.7773   4.0 1 1 
	       1458.49 5066.13693  5066.1355   4.0 1 1 
	       1493.48 5064.60372   5064.602   6.0 1 1 
	       1518.19 5063.51674  5063.5157   4.0 1 1 
	       1531.50 5062.93018  5062.9325   4.0 1 1 
	       1551.68 5062.03848  5062.0371   4.0 1 1 
	       1560.26 5061.65865  5061.6562   4.0 1 1 
	       1600.73  5059.8627  5059.8611   6.0 1 1 
	       1642.83 5057.98456  5057.9866   6.0 1 1 
	       1701.67 5055.34366  5055.3473   4.0 1 1 
	       1778.05 5051.88841  5051.8887   6.0 1 1 
	       1802.32 5050.78366  5050.7842   6.0 1 1 
	       1823.93 5049.79742   5049.796   4.0 1 1 
	       1884.02 5047.04264  5047.0434   4.0 1 1 
	       1892.80 5046.63816  5046.6372   6.0 1 1 
	       1892.80 5046.63828  5046.3527   6.0 1 0 
	       1922.97 5045.24635  5045.2481   4.0 1 1 
	       1934.34 5044.72022  5044.7195   4.0 1 1 
	       1960.42 5043.51167  5043.5145   6.0 1 1 
	       2001.56 5041.59747  5041.5998   6.0 1 1 
	       2011.72 5041.12374  5041.1224   4.0 1 1 
	       2021.12  5040.6845  5040.6805   6.0 1 1 
	function chebyshev
	order 5
	sample *
	naverage 1
	niterate 2000
	low_reject 3.
	high_reject 3.
	grow 0.
	coefficients	9
		1.
		5.
		44.39348220825196
		2021.118286132813
		5082.925903098447
		-40.912635843011
		-1.334715048806429
		0.005453836945345577
		4.925553657897827E-4

# Mon 16:09:08 14-Aug-2023
begin	identify iazcomp.0020 - Ap 20
	id	iazcomp.0020
	task	identify
	image	iazcomp.0020 - Ap 20
	aperture	20
	aplow	1245.04
	aphigh	1254.39
	units	Angstroms
	features	39
	         44.33 5122.49923  5122.4995   4.0 1 1 
	        248.49 5115.04518  5115.0448   4.0 1 1 
	        349.35  5111.2775  5111.2781   4.0 1 1 
	        390.23 5109.73442  5109.7331   4.0 1 1 
	        613.85 5101.12945  5101.1299   4.0 1 1 
	        692.37 5098.04247  5098.0432   4.0 1 1 
	        731.70 5096.48345  5096.4848   4.0 1 1 
	        767.33 5095.06367  5095.0639   4.0 1 1 
	        891.65 5090.05504  5090.0513   4.0 1 1 
	        912.21 5089.21879  5089.2192   6.0 1 1 
	        986.44 5086.17967  5086.1774   6.0 1 1 
	       1015.29  5084.9903  5084.9935   6.0 1 1 
	       1100.62 5081.44574  5081.4462   6.0 1 1 
	       1242.46 5075.46606  5075.4659   4.0 1 1 
	       1261.72 5074.64575  5074.6465   6.0 1 1 
	       1385.29 5069.33375  5069.3384   6.0 1 1 
	       1416.62 5067.97393  5067.9737   4.0 1 1 
	       1435.82 5067.13772  5067.1379   6.0 1 1 
	       1444.03 5066.77966  5066.7773   4.0 1 1 
	       1458.76 5066.13623  5066.1355   4.0 1 1 
	       1493.74 5064.60369   5064.602   6.0 1 1 
	       1518.46 5063.51693  5063.5157   4.0 1 1 
	       1531.75 5062.93097  5062.9325   4.0 1 1 
	       1551.96 5062.03813  5062.0371   4.0 1 1 
	       1560.53 5061.65909  5061.6562   4.0 1 1 
	       1601.01 5059.86252  5059.8611   6.0 1 1 
	       1643.11 5057.98515  5057.9866   6.0 1 1 
	       1701.98 5055.34332  5055.3473   4.0 1 1 
	       1778.35 5051.88875  5051.8887   6.0 1 1 
	       1802.62 5050.78403  5050.7842   6.0 1 1 
	       1824.25 5049.79731   5049.796   4.0 1 1 
	       1884.33 5047.04283  5047.0434   4.0 1 1 
	       1893.10 5046.63902  5046.6372   6.0 1 1 
	       1923.28 5045.24672  5045.2481   4.0 1 1 
	       1934.65 5044.72073  5044.7195   4.0 1 1 
	       1960.75 5043.51132  5043.5145   6.0 1 1 
	       2001.88  5041.5974  5041.5998   6.0 1 1 
	       2012.07 5041.12223  5041.1224   4.0 1 1 
	       2021.43 5040.68475  5040.6805   6.0 1 1 
	function chebyshev
	order 5
	sample *
	naverage 1
	niterate 2000
	low_reject 3.
	high_reject 3.
	grow 0.
	coefficients	9
		1.
		5.
		44.32542419433593
		2021.432495117188
		5082.927099308515
		-40.91220496609276
		-1.335428025026436
		0.004966853080734045
		3.166514932051422E-4

