# Tue 22:44:57 07-Sep-2021
begin	identify iazcomp.0034 - Ap 34
	id	iazcomp.0034
	task	identify
	image	iazcomp.0034 - Ap 34
	aperture	34
	aplow	1439.7
	aphigh	1448.6
	units	Angstroms
	features	35
	         91.82 6400.69319  6400.6961   4.0 1 1 
	        124.55 6399.20562  6399.2065   4.0 1 1 
	        320.88 6390.12856  6390.1289   4.0 1 1 
	        336.55 6389.39254    6389.39   4.0 1 1 
	        348.87 6388.81309  6388.8134   4.0 1 1 
	        378.84 6387.39867  6387.3957   4.0 1 1 
	        435.26 6384.71908  6384.7169   4.0 1 1 
	        540.20 6379.67694  6379.6733   4.0 1 1 
	        596.75 6376.92892  6376.9305   4.0 1 1 
	        698.19 6371.94411  6371.9436   4.0 1 1 
	        745.93  6369.5738  6369.5748   4.0 1 1 
	        839.34 6364.89093  6364.8937   4.0 1 1 
	        891.49 6362.25108  6362.2518   4.0 1 1 
	        942.00 6359.67598  6359.6744   4.0 1 1 
	        952.65 6359.13064  6359.1345   4.0 1 1 
	        962.61 6358.62038  6358.6211   4.0 1 1 
	        980.95 6357.67829  6357.6779   4.0 1 1 
	        993.66 6357.02437  6357.0229   4.0 1 1 
	       1015.27 6355.90983  6355.9108   4.0 1 1 
	       1152.93 6348.73432  6348.7375   4.0 1 1 
	       1162.51 6348.23031  6348.2321   4.0 1 1 
	       1202.47 6346.12076  6346.1209   4.0 1 1 
	       1263.86 6342.85873  6342.8595   4.0 1 1 
	       1323.43 6339.66822  6339.6684   4.0 1 1 
	       1361.39 6337.62256  6337.6201   4.0 1 1 
	       1475.48 6331.41562  6331.4137   4.0 1 1 
	       1550.61 6327.27966  6327.2778   4.0 1 1 
	       1567.06 6326.36878  6326.3669   4.0 1 1 
	       1731.11 6317.18556  6317.1824   4.0 1 1 
	       1756.03 6315.77474   6315.775   4.0 1 1 
	       1843.17 6310.80726  6310.8101   4.0 1 1 
	       1871.90 6309.15824    6309.16   4.0 1 1 
	       1897.93 6307.65899   6307.657   4.0 1 1 
	       1974.04 6303.24963  6303.2507   4.0 1 1 
	       2014.05 6300.91601  6300.9165   4.0 1 1 
	function chebyshev
	order 4
	sample *
	naverage 1
	niterate 2000
	low_reject 3.
	high_reject 3.
	grow 0.
	coefficients	8
		1.
		4.
		91.81657409667968
		2014.046630859375
		6352.382090459535
		-49.88916875607348
		-1.57748933264689
		5.760204526797864E-4

# Fri 11:02:06 11-Mar-2022
begin	identify iazcomp.0034 - Ap 34
	id	iazcomp.0034
	task	identify
	image	iazcomp.0034 - Ap 34
	aperture	34
	aplow	1439.7
	aphigh	1448.6
	units	Angstroms
	features	42
	         75.82 6400.69379  6400.6961   4.0 1 1 
	        108.59 6399.20494  6399.2065   4.0 1 1 
	        206.13 6394.72954  6394.7289   4.0 1 1 
	        304.98   6390.128  6390.1289   4.0 1 1 
	        320.64 6389.39256    6389.39   4.0 1 1 
	        332.98 6388.81208  6388.8134   4.0 1 1 
	        362.92 6387.39942  6387.3957   4.0 1 1 
	        419.37 6384.71948  6384.7169   4.0 1 1 
	        489.45 6381.36161  6381.3598   4.0 1 1 
	        524.34 6379.67779  6379.6733   4.0 1 1 
	        543.37 6378.75588  6378.7604   4.0 1 1 
	        580.92 6376.92922  6376.9305   4.0 1 1 
	        682.41 6371.94385  6371.9436   4.0 1 1 
	        730.17 6369.57389  6369.5748   4.0 1 1 
	        823.60 6364.89171  6364.8937   4.0 1 1 
	        875.78 6362.25125  6362.2518   4.0 1 1 
	        926.29 6359.67738  6359.6744   4.0 1 1 
	        936.96 6359.13156  6359.1345   4.0 1 1 
	        946.93 6358.62082  6358.6211   4.0 1 1 
	        965.31 6357.67751  6357.6779   4.0 1 1 
	        978.00 6357.02458  6357.0229   4.0 1 1 
	        999.62 6355.91001  6355.9108   4.0 1 1 
	       1005.02 6355.63084    6355.63   4.0 1 1 
	       1137.38 6348.73313  6348.7375   4.0 1 1 
	       1146.93 6348.23083  6348.2321   4.0 1 1 
	       1186.93 6346.12021  6346.1209   4.0 1 1 
	       1248.35 6342.85788  6342.8595   4.0 1 1 
	       1307.95 6339.66753  6339.6684   4.0 1 1 
	       1345.95 6337.62103  6337.6201   4.0 1 1 
	       1386.81 6335.40948   6335.406   4.0 1 1 
	       1460.12 6331.41335  6331.4137   4.0 1 1 
	       1535.28  6327.2779  6327.2778   4.0 1 1 
	       1551.72 6326.36801  6326.3669   4.0 1 1 
	       1715.83  6317.1871  6317.1824   4.0 1 1 
	       1740.81 6315.77388   6315.775   4.0 1 1 
	       1796.14 6312.62742  6312.6222   4.0 1 1 
	       1828.01 6310.80608  6310.8101   4.0 1 1 
	       1856.72 6309.15922    6309.16   4.0 1 1 
	       1882.78 6307.65916   6307.657   4.0 1 1 
	       1941.90 6304.23959  6304.2423   4.0 1 1 
	       1958.95 6303.24943  6303.2507   4.0 1 1 
	       1998.98 6300.91607  6300.9165   4.0 1 1 
	function chebyshev
	order 4
	sample *
	naverage 1
	niterate 2000
	low_reject 3.
	high_reject 3.
	grow 0.
	coefficients	8
		1.
		4.
		75.82261657714843
		1998.976806640625
		6352.379757734231
		-49.88958126144397
		-1.574830271218893
		7.227135506678027E-4

# Tue 15:32:26 29-Mar-2022
begin	identify iazcomp.0034 - Ap 34
	id	iazcomp.0034
	task	identify
	image	iazcomp.0034 - Ap 34
	aperture	34
	aplow	1439.7
	aphigh	1448.6
	units	Angstroms
	features	42
	         76.54 6400.69236  6400.6961   4.0 1 1 
	        109.23 6399.20691  6399.2065   4.0 1 1 
	        206.82 6394.72912  6394.7289   4.0 1 1 
	        305.65 6390.12777  6390.1289   4.0 1 1 
	        321.34  6389.3911    6389.39   4.0 1 1 
	        333.65 6388.81194  6388.8134   4.0 1 1 
	        363.60 6387.39895  6387.3957   4.0 1 1 
	        420.02 6384.71969  6384.7169   4.0 1 1 
	        490.09 6381.36235  6381.3598   4.0 1 1 
	        524.99 6379.67787  6379.6733   4.0 1 1 
	        543.93 6378.75993  6378.7604   4.0 1 1 
	        581.57 6376.92888  6376.9305   4.0 1 1 
	        683.06 6371.94362  6371.9436   4.0 1 1 
	        730.80   6369.574  6369.5748   4.0 1 1 
	        824.22 6364.89235  6364.8937   4.0 1 1 
	        876.42  6362.2503  6362.2518   4.0 1 1 
	        926.95 6359.67568  6359.6744   4.0 1 1 
	        937.62 6359.12924  6359.1345   4.0 1 1 
	        947.57 6358.61955  6358.6211   4.0 1 1 
	        965.90 6357.67886  6357.6779   4.0 1 1 
	        978.62 6357.02446  6357.0229   4.0 1 1 
	       1000.24 6355.90943  6355.9108   4.0 1 1 
	       1005.65 6355.63005    6355.63   4.0 1 1 
	       1137.98  6348.7333  6348.7375   4.0 1 1 
	       1147.52  6348.2315  6348.2321   4.0 1 1 
	       1187.51   6346.121  6346.1209   4.0 1 1 
	       1248.94  6342.8582  6342.8595   4.0 1 1 
	       1308.54 6339.66784  6339.6684   4.0 1 1 
	       1346.52  6337.6221  6337.6201   4.0 1 1 
	       1387.39  6335.4098   6335.406   4.0 1 1 
	       1460.68   6331.414  6331.4137   4.0 1 1 
	       1535.84 6327.27847  6327.2778   4.0 1 1 
	       1552.29 6326.36804  6326.3669   4.0 1 1 
	       1716.41  6317.1855  6317.1824   4.0 1 1 
	       1741.36 6315.77354   6315.775   4.0 1 1 
	       1796.68 6312.62794  6312.6222   4.0 1 1 
	       1828.52  6310.8075  6310.8101   4.0 1 1 
	       1857.29 6309.15755    6309.16   4.0 1 1 
	       1883.34 6307.65798   6307.657   4.0 1 1 
	       1942.43 6304.23979  6304.2423   4.0 1 1 
	       1959.47 6303.24976  6303.2507   4.0 1 1 
	       1999.49 6300.91677  6300.9165   4.0 1 1 
	function chebyshev
	order 4
	sample *
	naverage 1
	niterate 2000
	low_reject 3.
	high_reject 3.
	grow 0.
	coefficients	8
		1.
		4.
		76.54005432128906
		1999.4921875
		6352.379424938175
		-49.88851454696627
		-1.574858909250526
		7.201951694609822E-4

# Mon 19:06:03 30-Jan-2023
begin	identify iazcomp.0034 - Ap 34
	id	iazcomp.0034
	task	identify
	image	iazcomp.0034 - Ap 34
	aperture	34
	aplow	1439.7
	aphigh	1448.6
	units	Angstroms
	features	37
	         88.95 6400.69285  6400.6961   4.0 1 1 
	        121.67 6399.20615  6399.2065   4.0 1 1 
	        219.30 6394.72694  6394.7289   4.0 1 1 
	        318.04 6390.13068  6390.1289   4.0 1 1 
	        333.75 6389.39303    6389.39   4.0 1 1 
	        346.08 6388.81296  6388.8134   4.0 1 1 
	        376.07 6387.39776  6387.3957   4.0 1 1 
	        432.51 6384.71844  6384.7169   4.0 1 1 
	        502.54 6381.36305  6381.3598   4.0 1 1 
	        537.47 6379.67656  6379.6733   4.0 1 1 
	        594.03 6376.92853  6376.9305   4.0 1 1 
	        695.51 6371.94347  6371.9436   4.0 1 1 
	        743.26 6369.57311  6369.5748   4.0 1 1 
	        836.68 6364.89129  6364.8937   4.0 1 1 
	        888.85 6362.25045  6362.2518   4.0 1 1 
	        939.37 6359.67549  6359.6744   4.0 1 1 
	        950.04 6359.12978  6359.1345   4.0 1 1 
	        959.98  6358.6203  6358.6211   4.0 1 1 
	        978.32 6357.67827  6357.6779   4.0 1 1 
	        991.04 6357.02415  6357.0229   4.0 1 1 
	       1012.65 6355.90965  6355.9108   4.0 1 1 
	       1150.34 6348.73426  6348.7375   4.0 1 1 
	       1159.89 6348.23204  6348.2321   4.0 1 1 
	       1199.88 6346.12087  6346.1209   4.0 1 1 
	       1261.27 6342.85906  6342.8595   4.0 1 1 
	       1320.87  6339.6681  6339.6684   4.0 1 1 
	       1358.83 6337.62292  6337.6201   4.0 1 1 
	       1472.95 6331.41516  6331.4137   4.0 1 1 
	       1548.10   6327.279  6327.2778   4.0 1 1 
	       1564.53 6326.36949  6326.3669   4.0 1 1 
	       1728.62 6317.18504  6317.1824   4.0 1 1 
	       1753.56 6315.77316   6315.775   4.0 1 1 
	       1808.86 6312.62698  6312.6222   4.0 1 1 
	       1840.68 6310.80746  6310.8101   4.0 1 1 
	       1869.46 6309.15589    6309.16   4.0 1 1 
	       1895.47 6307.65791   6307.657   4.0 1 1 
	       1971.57 6303.24958  6303.2507   4.0 1 1 
	function chebyshev
	order 4
	sample *
	naverage 1
	niterate 2000
	low_reject 3.
	high_reject 3.
	grow 0.
	coefficients	8
		1.
		4.
		88.945068359375
		1971.5712890625
		6353.485243044149
		-48.72230160891277
		-1.514028519479704
		6.628815051867094E-4

# Fri 11:54:08 03-Feb-2023
begin	identify iazcomp.0034 - Ap 34
	id	iazcomp.0034
	task	identify
	image	iazcomp.0034 - Ap 34
	aperture	34
	aplow	1439.7
	aphigh	1448.6
	units	Angstroms
	features	37
	         87.60 6400.69346  6400.6961   4.0 1 1 
	        120.38  6399.2045  6399.2065   4.0 1 1 
	        217.93 6394.72931  6394.7289   4.0 1 1 
	        316.77 6390.12828  6390.1289   4.0 1 1 
	        332.46 6389.39204    6389.39   4.0 1 1 
	        344.76 6388.81339  6388.8134   4.0 1 1 
	        374.74 6387.39873  6387.3957   4.0 1 1 
	        431.19 6384.71904  6384.7169   4.0 1 1 
	        501.24 6381.36271  6381.3598   4.0 1 1 
	        536.18 6379.67654  6379.6733   4.0 1 1 
	        592.74 6376.92895  6376.9305   4.0 1 1 
	        694.22 6371.94428  6371.9436   4.0 1 1 
	        741.98 6369.57351  6369.5748   4.0 1 1 
	        835.43 6364.89081  6364.8937   4.0 1 1 
	        887.60 6362.25039  6362.2518   4.0 1 1 
	        938.12 6359.67594  6359.6744   4.0 1 1 
	        948.80 6359.12939  6359.1345   4.0 1 1 
	        958.74 6358.62001  6358.6211   4.0 1 1 
	        977.08 6357.67823  6357.6779   4.0 1 1 
	        989.79 6357.02455  6357.0229   4.0 1 1 
	       1011.41  6355.9097  6355.9108   4.0 1 1 
	       1149.12 6348.73442  6348.7375   4.0 1 1 
	       1158.71 6348.22988  6348.2321   4.0 1 1 
	       1198.67 6346.12084  6346.1209   4.0 1 1 
	       1260.07 6342.85918  6342.8595   4.0 1 1 
	       1319.66 6339.66864  6339.6684   4.0 1 1 
	       1357.65 6337.62243  6337.6201   4.0 1 1 
	       1471.76 6331.41579  6331.4137   4.0 1 1 
	       1546.92 6327.27917  6327.2778   4.0 1 1 
	       1563.36 6326.36919  6326.3669   4.0 1 1 
	       1727.47   6317.185  6317.1824   4.0 1 1 
	       1752.39 6315.77409   6315.775   4.0 1 1 
	       1807.71 6312.62758  6312.6222   4.0 1 1 
	       1839.54 6310.80723  6310.8101   4.0 1 1 
	       1868.31 6309.15615    6309.16   4.0 1 1 
	       1894.34  6307.6575   6307.657   4.0 1 1 
	       1970.45 6303.24895  6303.2507   4.0 1 1 
	function chebyshev
	order 4
	sample *
	naverage 1
	niterate 2000
	low_reject 3.
	high_reject 3.
	grow 0.
	coefficients	8
		1.
		4.
		87.60204315185546
		1970.451904296875
		6353.485161618078
		-48.72257521710052
		-1.51395910012596
		3.186793686910038E-4

# Mon 14:51:36 06-Feb-2023
begin	identify iazcomp.0034 - Ap 34
	id	iazcomp.0034
	task	identify
	image	iazcomp.0034 - Ap 34
	aperture	34
	aplow	1439.7
	aphigh	1448.6
	units	Angstroms
	features	37
	         85.06 6400.69292  6400.6961   4.0 1 1 
	        117.80 6399.20581  6399.2065   4.0 1 1 
	        215.40 6394.72955  6394.7289   4.0 1 1 
	        314.28  6390.1282  6390.1289   4.0 1 1 
	        330.00  6389.3909    6389.39   4.0 1 1 
	        342.29 6388.81295  6388.8134   4.0 1 1 
	        372.28 6387.39818  6387.3957   4.0 1 1 
	        428.73 6384.71924  6384.7169   4.0 1 1 
	        498.80 6381.36321  6381.3598   4.0 1 1 
	        533.75 6379.67688  6379.6733   4.0 1 1 
	        590.34  6376.9288  6376.9305   4.0 1 1 
	        691.85 6371.94385  6371.9436   4.0 1 1 
	        739.63 6369.57347  6369.5748   4.0 1 1 
	        833.08 6364.89153  6364.8937   4.0 1 1 
	        885.29 6362.25002  6362.2518   4.0 1 1 
	        935.82 6359.67601  6359.6744   4.0 1 1 
	        946.48 6359.13042  6359.1345   4.0 1 1 
	        956.45 6358.61966  6358.6211   4.0 1 1 
	        974.79 6357.67835  6357.6779   4.0 1 1 
	        987.51 6357.02413  6357.0229   4.0 1 1 
	       1009.13 6355.90967  6355.9108   4.0 1 1 
	       1146.89 6348.73396  6348.7375   4.0 1 1 
	       1156.45 6348.23118  6348.2321   4.0 1 1 
	       1196.44 6346.12099  6346.1209   4.0 1 1 
	       1257.87 6342.85888  6342.8595   4.0 1 1 
	       1317.48 6339.66821  6339.6684   4.0 1 1 
	       1355.46 6337.62302  6337.6201   4.0 1 1 
	       1469.63 6331.41495  6331.4137   4.0 1 1 
	       1544.80 6327.27906  6327.2778   4.0 1 1 
	       1561.25 6326.36886  6326.3669   4.0 1 1 
	       1725.39 6317.18498  6317.1824   4.0 1 1 
	       1750.33 6315.77385   6315.775   4.0 1 1 
	       1805.64 6312.62828  6312.6222   4.0 1 1 
	       1837.50 6310.80702  6310.8101   4.0 1 1 
	       1866.26 6309.15646    6309.16   4.0 1 1 
	       1892.31 6307.65733   6307.657   4.0 1 1 
	       1968.43 6303.24899  6303.2507   4.0 1 1 
	function chebyshev
	order 4
	sample *
	naverage 1
	niterate 2000
	low_reject 3.
	high_reject 3.
	grow 0.
	coefficients	8
		1.
		4.
		85.05668640136718
		1968.43310546875
		6353.485269379115
		-48.7221748603962
		-1.514315107430338
		2.085403700426626E-4

# Mon 15:29:47 27-Feb-2023
begin	identify iazcomp.0034 - Ap 34
	id	iazcomp.0034
	task	identify
	image	iazcomp.0034 - Ap 34
	aperture	34
	aplow	1439.7
	aphigh	1448.6
	units	Angstroms
	features	33
	         89.94 6400.69353  6400.6961   4.0 1 1 
	        122.69  6399.2055  6399.2065   4.0 1 1 
	        319.01 6390.12892  6390.1289   4.0 1 1 
	        334.71 6389.39179    6389.39   4.0 1 1 
	        347.00 6388.81353  6388.8134   4.0 1 1 
	        376.98 6387.39851  6387.3957   4.0 1 1 
	        433.40  6384.7189  6384.7169   4.0 1 1 
	        538.34 6379.67691  6379.6733   4.0 1 1 
	        594.88 6376.92931  6376.9305   4.0 1 1 
	        696.34 6371.94377  6371.9436   4.0 1 1 
	        744.09  6369.5729  6369.5748   4.0 1 1 
	        837.48  6364.8914  6364.8937   4.0 1 1 
	        889.63 6362.25108  6362.2518   4.0 1 1 
	        940.13 6359.67655  6359.6744   4.0 1 1 
	        950.81    6359.13  6359.1345   4.0 1 1 
	        960.74  6358.6209  6358.6211   4.0 1 1 
	        979.12 6357.67694  6357.6779   4.0 1 1 
	        991.81 6357.02386  6357.0229   4.0 1 1 
	       1013.40 6355.91055  6355.9108   4.0 1 1 
	       1151.09 6348.73394  6348.7375   4.0 1 1 
	       1200.61 6346.12129  6346.1209   4.0 1 1 
	       1262.01 6342.85877  6342.8595   4.0 1 1 
	       1321.58 6339.66864  6339.6684   4.0 1 1 
	       1359.55 6337.62274  6337.6201   4.0 1 1 
	       1473.66 6331.41486  6331.4137   4.0 1 1 
	       1548.79 6327.27924  6327.2778   4.0 1 1 
	       1565.24 6326.36869  6326.3669   4.0 1 1 
	       1729.29 6317.18589  6317.1824   4.0 1 1 
	       1754.22 6315.77436   6315.775   4.0 1 1 
	       1841.35 6310.80774  6310.8101   4.0 1 1 
	       1870.12 6309.15666    6309.16   4.0 1 1 
	       1896.14 6307.65863   6307.657   4.0 1 1 
	       1972.23 6303.25049  6303.2507   4.0 1 1 
	function chebyshev
	order 4
	sample *
	naverage 1
	niterate 2000
	low_reject 3.
	high_reject 3.
	grow 0.
	coefficients	8
		1.
		4.
		89.94476318359374
		1972.23046875
		6353.483959445499
		-48.72218160234668
		-1.511950932256723
		6.597842993704898E-4

# Tue 13:40:38 16-May-2023
begin	identify iazcomp.0034 - Ap 34
	id	iazcomp.0034
	task	identify
	image	iazcomp.0034 - Ap 34
	aperture	34
	aplow	1439.7
	aphigh	1448.6
	units	Angstroms
	features	33
	         89.13 6400.69237  6400.6961   4.0 1 1 
	        121.85 6399.20588  6399.2065   4.0 1 1 
	        318.19 6390.13039  6390.1289   4.0 1 1 
	        333.89 6389.39304    6389.39   4.0 1 1 
	        346.23 6388.81271  6388.8134   4.0 1 1 
	        376.21 6387.39815  6387.3957   4.0 1 1 
	        432.63 6384.71907  6384.7169   4.0 1 1 
	        537.59 6379.67696  6379.6733   4.0 1 1 
	        594.15 6376.92873  6376.9305   4.0 1 1 
	        695.62 6371.94359  6371.9436   4.0 1 1 
	        743.38 6369.57281  6369.5748   4.0 1 1 
	        836.77 6364.89187  6364.8937   4.0 1 1 
	        888.95 6362.25033  6362.2518   4.0 1 1 
	        939.45 6359.67634  6359.6744   4.0 1 1 
	        950.13 6359.13002  6359.1345   4.0 1 1 
	        960.08 6358.61991  6358.6211   4.0 1 1 
	        978.41 6357.67855  6357.6779   4.0 1 1 
	        991.14 6357.02369  6357.0229   4.0 1 1 
	       1012.74 6355.90998  6355.9108   4.0 1 1 
	       1150.43 6348.73399  6348.7375   4.0 1 1 
	       1199.97 6346.12095  6346.1209   4.0 1 1 
	       1261.36 6342.85912  6342.8595   4.0 1 1 
	       1320.94  6339.6686  6339.6684   4.0 1 1 
	       1358.91 6337.62305  6337.6201   4.0 1 1 
	       1473.04 6331.41482  6331.4137   4.0 1 1 
	       1548.18 6327.27883  6327.2778   4.0 1 1 
	       1564.61 6326.36931  6326.3669   4.0 1 1 
	       1728.68 6317.18608  6317.1824   4.0 1 1 
	       1753.61 6315.77458   6315.775   4.0 1 1 
	       1840.77 6310.80728  6310.8101   4.0 1 1 
	       1869.52 6309.15705    6309.16   4.0 1 1 
	       1895.55 6307.65847   6307.657   4.0 1 1 
	       1971.65 6303.25026  6303.2507   4.0 1 1 
	function chebyshev
	order 4
	sample *
	naverage 1
	niterate 2000
	low_reject 3.
	high_reject 3.
	grow 0.
	coefficients	8
		1.
		4.
		89.13186645507812
		1971.647216796875
		6353.484245050033
		-48.72172584603747
		-1.512928852890332
		6.701495039022677E-4

# Mon 15:28:54 14-Aug-2023
begin	identify iazcomp.0034 - Ap 34
	id	iazcomp.0034
	task	identify
	image	iazcomp.0034 - Ap 34
	aperture	34
	aplow	1439.7
	aphigh	1448.6
	units	Angstroms
	features	33
	         92.82 6400.69303  6400.6961   4.0 1 1 
	        125.53 6399.20662  6399.2065   4.0 1 1 
	        321.88   6390.127  6390.1289   4.0 1 1 
	        337.52  6389.3924    6389.39   4.0 1 1 
	        349.83 6388.81342  6388.8134   4.0 1 1 
	        379.78 6387.39915  6387.3957   4.0 1 1 
	        436.21 6384.71889  6384.7169   4.0 1 1 
	        541.13 6379.67686  6379.6733   4.0 1 1 
	        597.65 6376.92932  6376.9305   4.0 1 1 
	        699.09 6371.94358  6371.9436   4.0 1 1 
	        746.82 6369.57301  6369.5748   4.0 1 1 
	        840.18 6364.89202  6364.8937   4.0 1 1 
	        892.34 6362.25036  6362.2518   4.0 1 1 
	        942.82 6359.67626  6359.6744   4.0 1 1 
	        953.48 6359.13073  6359.1345   4.0 1 1 
	        963.44 6358.61981  6358.6211   4.0 1 1 
	        981.76   6357.679  6357.6779   4.0 1 1 
	        994.50 6357.02338  6357.0229   4.0 1 1 
	       1016.08 6355.91001  6355.9108   4.0 1 1 
	       1153.72 6348.73422  6348.7375   4.0 1 1 
	       1203.24 6346.12074  6346.1209   4.0 1 1 
	       1264.61 6342.85922  6342.8595   4.0 1 1 
	       1324.17 6339.66892  6339.6684   4.0 1 1 
	       1362.14 6337.62256  6337.6201   4.0 1 1 
	       1476.22 6331.41485  6331.4137   4.0 1 1 
	       1551.33 6327.27899  6327.2778   4.0 1 1 
	       1567.77 6326.36918  6326.3669   4.0 1 1 
	       1731.81 6317.18534  6317.1824   4.0 1 1 
	       1756.72 6315.77424   6315.775   4.0 1 1 
	       1843.85  6310.8072  6310.8101   4.0 1 1 
	       1872.60 6309.15704    6309.16   4.0 1 1 
	       1898.62 6307.65841   6307.657   4.0 1 1 
	       1974.69 6303.25104  6303.2507   4.0 1 1 
	function chebyshev
	order 4
	sample *
	naverage 1
	niterate 2000
	low_reject 3.
	high_reject 3.
	grow 0.
	coefficients	8
		1.
		4.
		92.82422637939452
		1974.689819335938
		6353.483822871256
		-48.72221230267991
		-1.511790223167482
		0.001219146706542599

# Mon 16:09:35 14-Aug-2023
begin	identify iazcomp.0034 - Ap 34
	id	iazcomp.0034
	task	identify
	image	iazcomp.0034 - Ap 34
	aperture	34
	aplow	1439.7
	aphigh	1448.6
	units	Angstroms
	features	33
	         92.80 6400.69285  6400.6961   4.0 1 1 
	        125.52 6399.20586  6399.2065   4.0 1 1 
	        321.84   6390.129  6390.1289   4.0 1 1 
	        337.52 6389.39263    6389.39   4.0 1 1 
	        349.84 6388.81289  6388.8134   4.0 1 1 
	        379.80 6387.39889  6387.3957   4.0 1 1 
	        436.23 6384.71884  6384.7169   4.0 1 1 
	        541.15 6379.67739  6379.6733   4.0 1 1 
	        597.70 6376.92912  6376.9305   4.0 1 1 
	        699.17 6371.94322  6371.9436   4.0 1 1 
	        746.91 6369.57285  6369.5748   4.0 1 1 
	        840.29 6364.89163  6364.8937   4.0 1 1 
	        892.43 6362.25156  6362.2518   4.0 1 1 
	        942.95 6359.67608  6359.6744   4.0 1 1 
	        953.62 6359.13006  6359.1345   4.0 1 1 
	        963.57 6358.62022  6358.6211   4.0 1 1 
	        981.91 6357.67808  6357.6779   4.0 1 1 
	        994.64 6357.02317  6357.0229   4.0 1 1 
	       1016.21 6355.91039  6355.9108   4.0 1 1 
	       1153.91 6348.73359  6348.7375   4.0 1 1 
	       1203.43   6346.121  6346.1209   4.0 1 1 
	       1264.82 6342.85881  6342.8595   4.0 1 1 
	       1324.38 6339.66879  6339.6684   4.0 1 1 
	       1362.35 6337.62281  6337.6201   4.0 1 1 
	       1476.46 6331.41529  6331.4137   4.0 1 1 
	       1551.58 6327.27963  6327.2778   4.0 1 1 
	       1568.03 6326.36905  6326.3669   4.0 1 1 
	       1732.10 6317.18536  6317.1824   4.0 1 1 
	       1757.03 6315.77398   6315.775   4.0 1 1 
	       1844.16  6310.8071  6310.8101   4.0 1 1 
	       1872.90 6309.15779    6309.16   4.0 1 1 
	       1898.93 6307.65871   6307.657   4.0 1 1 
	       1975.03 6303.25015  6303.2507   4.0 1 1 
	function chebyshev
	order 4
	sample *
	naverage 1
	niterate 2000
	low_reject 3.
	high_reject 3.
	grow 0.
	coefficients	8
		1.
		4.
		92.80360412597655
		1975.031616210937
		6353.483207087098
		-48.72196275360328
		-1.511710085118014
		6.115149030152121E-4

