# Tue 22:46:55 07-Sep-2021
begin	identify iazcomp.0041 - Ap 41
	id	iazcomp.0041
	task	identify
	image	iazcomp.0041 - Ap 41
	aperture	41
	aplow	1520.09
	aphigh	1527.67
	units	Angstroms
	features	24
	         71.82 7316.00359   7316.005   4.0 1 1 
	         89.89 7315.06804  7315.0661   4.0 1 1 
	        154.25 7311.71489  7311.7159   4.0 1 1 
	        273.75 7305.40422  7305.4043   4.0 1 1 
	        408.71 7298.14357  7298.1434   4.0 1 1 
	        443.20 7296.26484  7296.2659   4.0 1 1 
	        638.62 7285.44802  7285.4437   4.0 1 1 
	        648.32 7284.90292  7284.9033   4.0 1 1 
	        991.32 7265.17207  7265.1724   4.0 1 1 
	       1109.32  7258.1722   7258.177   4.0 1 1 
	       1156.30 7255.35522  7255.3541   4.0 1 1 
	       1308.27 7246.12486  7246.1277   4.0 1 1 
	       1331.54 7244.69557  7244.6965   4.0 1 1 
	       1373.72 7242.09394  7242.0919   4.0 1 1 
	       1404.53 7240.18483  7240.1848   4.0 1 1 
	       1553.26 7230.86495  7230.8623   4.0 1 1 
	       1567.87 7229.94026   7229.938   4.0 1 1 
	       1643.73 7225.11149  7225.1099   4.0 1 1 
	       1708.07 7220.98153  7220.9809   4.0 1 1 
	       1736.41 7219.15145  7219.1515   4.0 1 1 
	       1753.42 7218.05021  7218.0542   4.0 1 1 
	       1835.73 7212.68985  7212.6896   4.0 1 1 
	       1922.52 7206.98059  7206.9804   4.0 1 1 
	       2026.77 7200.04509  7200.0454   4.0 1 1 
	function chebyshev
	order 4
	sample *
	naverage 1
	niterate 2000
	low_reject 3.
	high_reject 3.
	grow 0.
	coefficients	8
		1.
		4.
		71.81562042236327
		2026.768310546875
		7259.885497276096
		-57.97862937694833
		-1.861152825367781
		-6.207868805557565E-4

# Fri 11:06:11 11-Mar-2022
begin	identify iazcomp.0041 - Ap 41
	id	iazcomp.0041
	task	identify
	image	iazcomp.0041 - Ap 41
	aperture	41
	aplow	1520.09
	aphigh	1527.67
	units	Angstroms
	features	27
	         55.62  7316.0021   7316.005   4.0 1 1 
	         73.66 7315.06838  7315.0661   4.0 1 1 
	        138.04 7311.71643  7311.7159   4.0 1 1 
	        257.68  7305.4011  7305.4043   4.0 1 1 
	        392.58 7298.14715  7298.1434   4.0 1 1 
	        427.12 7296.26698  7296.2659   4.0 1 1 
	        632.32  7284.9052  7284.9033   4.0 1 1 
	        881.65 7270.65945  7270.6636   4.0 1 1 
	        975.46 7265.17403  7265.1724   4.0 1 1 
	       1093.54 7258.17253   7258.177   4.0 1 1 
	       1140.52 7255.35649  7255.3541   4.0 1 1 
	       1292.56 7246.12601  7246.1277   4.0 1 1 
	       1315.86 7244.69587  7244.6965   4.0 1 1 
	       1358.07 7242.09408  7242.0919   4.0 1 1 
	       1388.93 7240.18241  7240.1848   4.0 1 1 
	       1537.72  7230.8641  7230.8623   4.0 1 1 
	       1552.32 7229.94057   7229.938   4.0 1 1 
	       1628.25 7225.11037  7225.1099   4.0 1 1 
	       1692.61 7220.98093  7220.9809   4.0 1 1 
	       1720.97 7219.15086  7219.1515   4.0 1 1 
	       1820.36 7212.68922  7212.6896   4.0 1 1 
	       1907.20 7206.98054  7206.9804   4.0 1 1 
	       1914.67 7206.48663   7206.483   4.0 1 1 
	       1974.53 7202.51389  7202.5166   4.0 1 1 
	       1979.36  7202.1923   7202.191   4.0 1 1 
	       1985.17 7201.80535  7201.8091   4.0 1 1 
	       2011.50  7200.0466  7200.0454   4.0 1 1 
	function chebyshev
	order 4
	sample *
	naverage 1
	niterate 2000
	low_reject 3.
	high_reject 3.
	grow 0.
	coefficients	8
		1.
		4.
		55.61774444580078
		2011.501953125
		7259.883524227996
		-57.97838771689713
		-1.859172988031486
		6.347955894928807E-4

# Tue 15:32:35 29-Mar-2022
begin	identify iazcomp.0041 - Ap 41
	id	iazcomp.0041
	task	identify
	image	iazcomp.0041 - Ap 41
	aperture	41
	aplow	1520.09
	aphigh	1527.67
	units	Angstroms
	features	26
	         56.32 7316.00165   7316.005   4.0 1 1 
	         74.39 7315.06634  7315.0661   4.0 1 1 
	        138.71 7311.71723  7311.7159   4.0 1 1 
	        258.30 7305.40436  7305.4043   4.0 1 1 
	        393.24 7298.14745  7298.1434   4.0 1 1 
	        427.81 7296.26582  7296.2659   4.0 1 1 
	        632.97 7284.90542  7284.9033   4.0 1 1 
	        882.28 7270.65898  7270.6636   4.0 1 1 
	        976.09 7265.17352  7265.1724   4.0 1 1 
	       1094.14 7258.17291   7258.177   4.0 1 1 
	       1141.14 7255.35582  7255.3541   4.0 1 1 
	       1293.18 7246.12432  7246.1277   4.0 1 1 
	       1316.45 7244.69599  7244.6965   4.0 1 1 
	       1358.66 7242.09355  7242.0919   4.0 1 1 
	       1389.50 7240.18319  7240.1848   4.0 1 1 
	       1538.29  7230.8643  7230.8623   4.0 1 1 
	       1552.88 7229.94083   7229.938   4.0 1 1 
	       1628.79 7225.11187  7225.1099   4.0 1 1 
	       1693.17 7220.98093  7220.9809   4.0 1 1 
	       1721.53 7219.15141  7219.1515   4.0 1 1 
	       1820.92  7212.6891  7212.6896   4.0 1 1 
	       1907.74 7206.98178  7206.9804   4.0 1 1 
	       1915.23 7206.48624   7206.483   4.0 1 1 
	       1975.11 7202.51247  7202.5166   4.0 1 1 
	       1985.69 7201.80751  7201.8091   4.0 1 1 
	       2012.07  7200.0456  7200.0454   4.0 1 1 
	function chebyshev
	order 4
	sample *
	naverage 1
	niterate 2000
	low_reject 3.
	high_reject 3.
	grow 0.
	coefficients	8
		1.
		4.
		56.31626510620117
		2012.069458007813
		7259.882528349319
		-57.97901734074595
		-1.858902909645447
		9.940151330509626E-4

# Mon 19:13:13 30-Jan-2023
begin	identify iazcomp.0041 - Ap 41
	id	iazcomp.0041
	task	identify
	image	iazcomp.0041 - Ap 41
	aperture	41
	aplow	1520.09
	aphigh	1527.67
	units	Angstroms
	features	17
	         68.96 7315.97588   7316.005   4.0 1 1 
	         86.99 7315.05392  7315.0661   4.0 1 1 
	        151.42 7311.73033  7311.7159   4.0 1 1 
	        271.01  7305.4428  7305.4043   4.0 1 1 
	        405.90 7298.17375  7298.1434   4.0 1 1 
	        440.47 7296.28171  7296.2659   4.0 1 1 
	        635.90 7285.37187  7285.4437   4.0 1 1 
	       1099.86 7258.15742   7258.177   4.0 1 1 
	       1173.17 7253.70641   7253.676   4.0 1 1 
	       1296.61 7246.13063  7246.1277   4.0 1 1 
	       1695.53 7221.02176  7220.9809   4.0 1 1 
	       1724.84 7219.14378  7219.1515   4.0 1 1 
	       1742.54 7218.00752  7218.0542   4.0 1 1 
	       1920.10 7206.53471   7206.483   4.0 1 1 
	       1982.29 7202.48581  7202.5166   4.0 1 1 
	       1987.45 7202.14897   7202.191   4.0 1 1 
	       1992.13 7201.84401  7201.8091   4.0 1 1 
	function chebyshev
	order 4
	sample *
	naverage 1
	niterate 2000
	low_reject 3.
	high_reject 3.
	grow 0.
	coefficients	8
		1.
		4.
		68.9560089111328
		1992.126342773438
		7260.620070178729
		-57.21043958635986
		-1.710126873678387
		0.1445016171337588

# Fri 11:54:30 03-Feb-2023
begin	identify iazcomp.0041 - Ap 41
	id	iazcomp.0041
	task	identify
	image	iazcomp.0041 - Ap 41
	aperture	41
	aplow	1520.09
	aphigh	1527.67
	units	Angstroms
	features	17
	         67.62 7315.97832   7316.005   4.0 1 1 
	         85.67 7315.05493  7315.0661   4.0 1 1 
	        150.06 7311.73174  7311.7159   4.0 1 1 
	        269.67 7305.44119  7305.4043   4.0 1 1 
	        404.61 7298.16901  7298.1434   4.0 1 1 
	        439.14 7296.27932  7296.2659   4.0 1 1 
	        634.60 7285.36966  7285.4437   4.0 1 1 
	       1098.58 7258.16429   7258.177   4.0 1 1 
	       1171.91 7253.71472   7253.676   4.0 1 1 
	       1295.56 7246.12838  7246.1277   4.0 1 1 
	       1694.46 7221.02409  7220.9809   4.0 1 1 
	       1723.60 7219.15645  7219.1515   4.0 1 1 
	       1742.01 7217.97495  7218.0542   4.0 1 1 
	       1918.95 7206.53842   7206.483   4.0 1 1 
	       1980.90 7202.50336  7202.5166   4.0 1 1 
	       1986.32 7202.14974   7202.191   4.0 1 1 
	       1991.17 7201.83273  7201.8091   4.0 1 1 
	function chebyshev
	order 4
	sample *
	naverage 1
	niterate 2000
	low_reject 3.
	high_reject 3.
	grow 0.
	coefficients	8
		1.
		4.
		67.6184844970703
		1991.171630859375
		7260.616645486228
		-57.21260545074954
		-1.7111214371968
		0.1398100091555748

# Mon 14:51:53 06-Feb-2023
begin	identify iazcomp.0041 - Ap 41
	id	iazcomp.0041
	task	identify
	image	iazcomp.0041 - Ap 41
	aperture	41
	aplow	1520.09
	aphigh	1527.67
	units	Angstroms
	features	17
	         67.62 7315.97833   7316.005   4.0 1 1 
	         85.67 7315.05487  7315.0661   4.0 1 1 
	        150.06 7311.73169  7311.7159   4.0 1 1 
	        269.67 7305.44144  7305.4043   4.0 1 1 
	        404.61 7298.16902  7298.1434   4.0 1 1 
	        439.14 7296.27915  7296.2659   4.0 1 1 
	        634.60  7285.3696  7285.4437   4.0 1 1 
	       1098.58 7258.16455   7258.177   4.0 1 1 
	       1171.91 7253.71461   7253.676   4.0 1 1 
	       1295.56 7246.12827  7246.1277   4.0 1 1 
	       1694.46 7221.02397  7220.9809   4.0 1 1 
	       1723.60 7219.15668  7219.1515   4.0 1 1 
	       1742.01 7217.97487  7218.0542   4.0 1 1 
	       1918.95 7206.53842   7206.483   4.0 1 1 
	       1980.90 7202.50331  7202.5166   4.0 1 1 
	       1986.32 7202.14957   7202.191   4.0 1 1 
	       1991.17 7201.83294  7201.8091   4.0 1 1 
	function chebyshev
	order 4
	sample *
	naverage 1
	niterate 2000
	low_reject 3.
	high_reject 3.
	grow 0.
	coefficients	8
		1.
		4.
		67.62000000000002
		1991.17
		7260.616714210816
		-57.21252509810698
		-1.711082431412878
		0.1398290568608618

# Mon 15:31:13 27-Feb-2023
begin	identify iazcomp.0041 - Ap 41
	id	iazcomp.0041
	task	identify
	image	iazcomp.0041 - Ap 41
	aperture	41
	aplow	1520.09
	aphigh	1527.67
	units	Angstroms
	features	10
	         69.95  7315.9889   7316.005   6.0 1 1 
	         87.98 7315.06304  7315.0661   6.0 1 1 
	        152.39 7311.72741  7311.7159   4.0 1 1 
	        271.89 7305.42655  7305.4043   4.0 1 1 
	        441.29 7296.25481  7296.2659   4.0 1 1 
	       1100.63  7258.1483   7258.177   4.0 1 1 
	       1173.93 7253.70093   7253.676   6.0 1 1 
	       1297.46 7246.12237  7246.1277   4.0 1 1 
	       1696.32 7220.99428  7220.9809   6.0 1 1 
	       1920.68  7206.4752   7206.483   4.0 1 1 
	function chebyshev
	order 4
	sample *
	naverage 1
	niterate 2000
	low_reject 3.
	high_reject 3.
	grow 0.
	coefficients	8
		1.
		4.
		69.94997406005859
		1920.680786132812
		7262.850739902185
		-54.86241283292482
		-1.618689289586683
		0.1055615692022529

# Tue 13:41:12 16-May-2023
begin	identify iazcomp.0041 - Ap 41
	id	iazcomp.0041
	task	identify
	image	iazcomp.0041 - Ap 41
	aperture	41
	aplow	1520.09
	aphigh	1527.67
	units	Angstroms
	features	16
	         69.08 7315.96795   7316.005   6.0 1 1 
	         87.15  7315.0466  7315.0661   6.0 1 1 
	        151.53 7311.73261  7311.7159   4.0 1 1 
	        271.05 7305.45857  7305.4043   4.0 1 1 
	        406.03 7298.18976  7298.1434   4.0 1 1 
	        440.58 7296.29922  7296.2659   4.0 1 1 
	        636.01 7285.38787  7285.4437   4.0 1 1 
	        645.71 7284.83681  7284.9033   4.0 1 1 
	       1099.99 7258.14994   7258.177   4.0 1 1 
	       1173.24  7253.6996   7253.676   6.0 1 1 
	       1296.78 7246.11193  7246.1277   4.0 1 1 
	       1318.52 7244.76657  7244.6965   4.0 1 1 
	       1695.97 7220.98484  7220.9809   6.0 1 1 
	       1742.23 7218.02119  7218.0542   4.0 1 1 
	       1987.47 7202.16703   7202.191   4.0 1 1 
	       1992.51 7201.83949  7201.8091   4.0 1 1 
	function chebyshev
	order 4
	sample *
	naverage 1
	niterate 2000
	low_reject 3.
	high_reject 3.
	grow 0.
	coefficients	8
		1.
		4.
		69.08102416992187
		1992.505004882813
		7260.611649134116
		-57.22464697338091
		-1.707927350104724
		0.1604164195518499

# Mon 15:29:43 14-Aug-2023
begin	identify iazcomp.0041 - Ap 41
	id	iazcomp.0041
	task	identify
	image	iazcomp.0041 - Ap 41
	aperture	41
	aplow	1520.09
	aphigh	1527.67
	units	Angstroms
	features	11
	         72.81 7315.98137   7316.005   6.0 1 1 
	         90.85 7315.05671  7315.0661   6.0 1 1 
	        155.21 7311.72942  7311.7159   4.0 1 1 
	        274.69 7305.43547  7305.4043   4.0 1 1 
	        409.59 7298.15367  7298.1434   4.0 1 1 
	        444.12 7296.26061  7296.2659   4.0 1 1 
	       1103.26 7258.11884   7258.177   4.0 1 1 
	       1176.56 7253.66871   7253.676   6.0 1 1 
	       1321.88 7244.74047  7244.6965   4.0 1 1 
	       1698.98  7220.9979  7220.9809   6.0 1 1 
	       1990.51 7202.17884   7202.191   4.0 1 1 
	function chebyshev
	order 4
	sample *
	naverage 1
	niterate 2000
	low_reject 3.
	high_reject 3.
	grow 0.
	coefficients	8
		1.
		4.
		72.80751800537108
		1990.513916015625
		7260.754811062539
		-57.04643446194431
		-1.674705744070651
		0.1451736709275332

# Mon 16:09:57 14-Aug-2023
begin	identify iazcomp.0041 - Ap 41
	id	iazcomp.0041
	task	identify
	image	iazcomp.0041 - Ap 41
	aperture	41
	aplow	1520.09
	aphigh	1527.67
	units	Angstroms
	features	11
	         72.78 7315.97986   7316.005   6.0 1 1 
	         90.80 7315.05653  7315.0661   6.0 1 1 
	        155.19 7311.72955  7311.7159   4.0 1 1 
	        274.70 7305.43666  7305.4043   4.0 1 1 
	        409.63 7298.15481  7298.1434   4.0 1 1 
	        444.17 7296.26156  7296.2659   4.0 1 1 
	       1103.44 7258.11513   7258.177   4.0 1 1 
	       1176.74 7253.66471   7253.676   6.0 1 1 
	       1321.92 7244.74619  7244.6965   4.0 1 1 
	       1699.15 7220.99918  7220.9809   6.0 1 1 
	       1990.81 7202.17781   7202.191   4.0 1 1 
	function chebyshev
	order 4
	sample *
	naverage 1
	niterate 2000
	low_reject 3.
	high_reject 3.
	grow 0.
	coefficients	8
		1.
		4.
		72.77630615234375
		1990.813354492187
		7260.753612047702
		-57.04836808306686
		-1.674773988178366
		0.1473427725773674

