# Tue 22:48:15 07-Sep-2021
begin	identify iazcomp.0048 - Ap 48
	id	iazcomp.0048
	task	identify
	image	iazcomp.0048 - Ap 48
	aperture	48
	aplow	1590.23
	aphigh	1598.83
	units	Angstroms
	features	12
	        374.21 8516.55545  8516.5542   4.0 1 1 
	        467.46 8510.62228   8510.624   4.0 1 1 
	        955.07 8478.35692   8478.358   4.0 1 1 
	       1138.41 8465.67538  8465.6706   4.0 1 1 
	       1407.54 8446.50592  8446.5116   4.0 1 1 
	       1421.58 8445.48765   8445.487   4.0 1 1 
	       1749.09 8421.22614  8421.2254   4.0 1 1 
	       1791.66 8418.00063  8417.9982   4.0 1 1 
	       1808.42 8416.72675  8416.7269   4.0 1 1 
	       1871.39 8411.91597  8411.9172   4.0 1 1 
	       1976.57 8403.80018  8403.7965   4.0 1 1 
	       1999.91 8401.98531   8401.989   4.0 1 1 
	function chebyshev
	order 5
	sample *
	naverage 1
	niterate 0
	low_reject 3.
	high_reject 3.
	grow 0.
	coefficients	9
		1.
		5.
		374.20947265625
		1999.909790039063
		8460.762496504546
		-57.2787556005512
		-1.494233580372595
		-0.006314267902866885
		0.002121353693831604

# Fri 11:18:13 11-Mar-2022
begin	identify iazcomp.0048 - Ap 48
	id	iazcomp.0048
	task	identify
	image	iazcomp.0048 - Ap 48
	aperture	48
	aplow	1590.23
	aphigh	1598.83
	units	Angstroms
	features	15
	        279.70 8521.44749  8521.4422   4.0 1 1 
	        358.16  8516.5371  8516.5542   4.0 1 1 
	        451.13 8510.63966   8510.624   4.0 1 1 
	        762.36 8490.29923  8490.3065   4.0 1 1 
	        938.99 8478.36327   8478.358   4.0 1 1 
	       1122.45 8465.67244  8465.6706   4.0 1 1 
	       1143.01 8464.23179  8464.2367   4.0 1 1 
	       1254.63 8456.34513  8456.3468   4.0 1 1 
	       1391.68 8446.51002  8446.5116   4.0 1 1 
	       1405.76 8445.48964   8445.487   4.0 1 1 
	       1582.91 8432.49983  8432.4935   4.0 1 1 
	       1733.46  8421.2265  8421.2254   4.0 1 1 
	       1776.06 8417.99635  8417.9982   4.0 1 1 
	       1792.81 8416.72143  8416.7269   4.0 1 1 
	       2018.47 8399.25951  8399.2578   4.0 1 1 
	function chebyshev
	order 5
	sample *
	naverage 1
	niterate 0
	low_reject 3.
	high_reject 3.
	grow 0.
	coefficients	9
		1.
		5.
		279.6982727050781
		2018.47412109375
		8462.093648084685
		-61.08184386717273
		-1.726044191521445
		-0.0121452314674059
		-0.0141077967781844

# Tue 15:32:44 29-Mar-2022
begin	identify iazcomp.0048 - Ap 48
	id	iazcomp.0048
	task	identify
	image	iazcomp.0048 - Ap 48
	aperture	48
	aplow	1590.23
	aphigh	1598.83
	units	Angstroms
	features	15
	        280.52 8521.44202  8521.4422   4.0 1 1 
	        358.70 8516.54709  8516.5542   4.0 1 1 
	        451.84 8510.63636   8510.624   4.0 1 1 
	        763.01 8490.29719  8490.3065   4.0 1 1 
	        939.66  8478.3601   8478.358   4.0 1 1 
	       1123.03 8465.67652  8465.6706   4.0 1 1 
	       1143.66 8464.23073  8464.2367   4.0 1 1 
	       1255.22 8456.34893  8456.3468   4.0 1 1 
	       1392.29 8446.51152  8446.5116   4.0 1 1 
	       1406.38 8445.49075   8445.487   4.0 1 1 
	       1583.68 8432.48871  8432.4935   4.0 1 1 
	       1734.04 8421.22833  8421.2254   4.0 1 1 
	       1776.61 8417.99975  8417.9982   4.0 1 1 
	       1793.38 8416.72285  8416.7269   4.0 1 1 
	       2019.04 8399.25854  8399.2578   4.0 1 1 
	function chebyshev
	order 5
	sample *
	naverage 1
	niterate 0
	low_reject 3.
	high_reject 3.
	grow 0.
	coefficients	9
		1.
		5.
		280.5209655761719
		2019.0390625
		8462.089267234998
		-61.07740837991333
		-1.725524990889019
		-0.01433061130651067
		-0.01346074628105492

# Mon 19:21:46 30-Jan-2023
begin	identify iazcomp.0048 - Ap 48
	id	iazcomp.0048
	task	identify
	image	iazcomp.0048 - Ap 48
	aperture	48
	aplow	1590.23
	aphigh	1598.83
	units	Angstroms
	features	0
	function chebyshev
	order 5
	sample *
	naverage 1
	niterate 0
	low_reject 3.
	high_reject 3.
	grow 0.
	coefficients	6
		1.
		2.
		1127.629516601563
		1149.44775390625
		0.
		0.

# Mon 19:43:14 30-Jan-2023
begin	identify iazcomp.0048 - Ap 48
	id	iazcomp.0048
	task	identify
	image	iazcomp.0048 - Ap 48
	aperture	48
	aplow	1590.23
	aphigh	1598.83
	units	Angstroms
	features	14
	        293.56 8521.44414  8521.4422   4.0 1 1 
	        371.43 8516.55175  8516.5542   4.0 1 1 
	        464.69 8510.62363   8510.624   4.0 1 1 
	        952.48 8478.36197   8478.358   4.0 1 1 
	       1156.50 8464.23294  8464.2367   4.0 1 1 
	       1268.07 8456.34656  8456.3468   4.0 1 1 
	       1405.02 8446.50981  8446.5116   4.0 1 1 
	       1419.10 8445.48911   8445.487   4.0 1 1 
	       1746.63 8421.22643  8421.2254   4.0 1 1 
	       1789.22 8418.00025  8417.9982   4.0 1 1 
	       1805.98 8416.72599  8416.7269   4.0 1 1 
	       1868.96 8411.91476  8411.9172   4.0 1 1 
	       1974.14 8403.79951  8403.7965   4.0 1 1 
	       1997.46 8401.98684   8401.989   4.0 1 1 
	function chebyshev
	order 5
	sample *
	naverage 1
	niterate 0
	low_reject 3.
	high_reject 3.
	grow 0.
	coefficients	9
		1.
		5.
		293.5636291503906
		1997.461547851562
		8463.357103519033
		-59.72278456444194
		-1.644142181178931
		-0.005864894681873153
		0.002526850443604376

# Fri 11:54:45 03-Feb-2023
begin	identify iazcomp.0048 - Ap 48
	id	iazcomp.0048
	task	identify
	image	iazcomp.0048 - Ap 48
	aperture	48
	aplow	1590.23
	aphigh	1598.83
	units	Angstroms
	features	14
	        292.30 8521.44348  8521.4422   4.0 1 1 
	        370.09 8516.55381  8516.5542   4.0 1 1 
	        463.38 8510.62191   8510.624   4.0 1 1 
	        951.21 8478.36238   8478.358   4.0 1 1 
	       1155.24  8464.2348  8464.2367   4.0 1 1 
	       1266.89 8456.34338  8456.3468   4.0 1 1 
	       1403.81 8446.50988  8446.5116   4.0 1 1 
	       1417.87 8445.49058   8445.487   4.0 1 1 
	       1745.46 8421.22547  8421.2254   4.0 1 1 
	       1788.06 8417.99877  8417.9982   4.0 1 1 
	       1804.80 8416.72631  8416.7269   4.0 1 1 
	       1867.77 8411.91729  8411.9172   4.0 1 1 
	       1973.03 8403.79984  8403.7965   4.0 1 1 
	       1996.38 8401.98578   8401.989   4.0 1 1 
	function chebyshev
	order 5
	sample *
	naverage 1
	niterate 0
	low_reject 3.
	high_reject 3.
	grow 0.
	coefficients	9
		1.
		5.
		292.3034057617188
		1996.376342773437
		8463.352778817458
		-59.72237525802157
		-1.642382738943102
		-0.006474014039398094
		0.004230494427933034

# Mon 14:52:29 06-Feb-2023
begin	identify iazcomp.0048 - Ap 48
	id	iazcomp.0048
	task	identify
	image	iazcomp.0048 - Ap 48
	aperture	48
	aplow	1590.23
	aphigh	1598.83
	units	Angstroms
	features	14
	        289.70 8521.44511  8521.4422   4.0 1 1 
	        367.63  8516.5511  8516.5542   4.0 1 1 
	        460.94 8510.62268   8510.624   4.0 1 1 
	        948.94 8478.36297   8478.358   4.0 1 1 
	       1153.01 8464.23644  8464.2367   4.0 1 1 
	       1264.73 8456.34207  8456.3468   4.0 1 1 
	       1401.68 8446.50883  8446.5116   4.0 1 1 
	       1415.73 8445.48986   8445.487   4.0 1 1 
	       1743.38 8421.22737  8421.2254   4.0 1 1 
	       1786.01 8417.99893  8417.9982   4.0 1 1 
	       1802.75 8416.72693  8416.7269   4.0 1 1 
	       1865.75 8411.91627  8411.9172   4.0 1 1 
	       1971.02 8403.79816  8403.7965   4.0 1 1 
	       1994.33 8401.98699   8401.989   4.0 1 1 
	function chebyshev
	order 5
	sample *
	naverage 1
	niterate 0
	low_reject 3.
	high_reject 3.
	grow 0.
	coefficients	9
		1.
		5.
		289.7008972167969
		1994.332641601563
		8463.358516356249
		-59.72381556967149
		-1.645588137909894
		-0.0052451831904129
		0.003119043372042994

# Mon 15:32:03 27-Feb-2023
begin	identify iazcomp.0048 - Ap 48
	id	iazcomp.0048
	task	identify
	image	iazcomp.0048 - Ap 48
	aperture	48
	aplow	1590.23
	aphigh	1598.83
	units	Angstroms
	features	13
	        294.41 8521.44341  8521.4422   4.0 1 1 
	        372.24 8516.55536  8516.5542   4.0 1 1 
	        465.61 8510.61986   8510.624   4.0 1 1 
	        953.18 8478.36219   8478.358   4.0 1 1 
	       1157.08 8464.23717  8464.2367   4.0 1 1 
	       1405.68 8446.50592  8446.5116   4.0 1 1 
	       1419.73 8445.48699   8445.487   4.0 1 1 
	       1747.21 8421.22811  8421.2254   4.0 1 1 
	       1789.83 8417.99951  8417.9982   4.0 1 1 
	       1806.56 8416.72762  8416.7269   4.0 1 1 
	       1869.54 8411.91586  8411.9172   4.0 1 1 
	       1974.73 8403.79966  8403.7965   4.0 1 1 
	       1998.06 8401.98524   8401.989   4.0 1 1 
	function chebyshev
	order 5
	sample *
	naverage 1
	niterate 0
	low_reject 3.
	high_reject 3.
	grow 0.
	coefficients	9
		1.
		5.
		294.4143981933594
		1998.063598632812
		8463.35522685267
		-59.72476798214944
		-1.641725542967024
		-0.004317452186442573
		8.200834628354336E-4

# Tue 13:41:27 16-May-2023
begin	identify iazcomp.0048 - Ap 48
	id	iazcomp.0048
	task	identify
	image	iazcomp.0048 - Ap 48
	aperture	48
	aplow	1590.23
	aphigh	1598.83
	units	Angstroms
	features	13
	        293.54 8521.44432  8521.4422   4.0 1 1 
	        371.45 8516.55353  8516.5542   4.0 1 1 
	        464.83 8510.62073   8510.624   4.0 1 1 
	        952.52 8478.36275   8478.358   4.0 1 1 
	       1156.47  8464.2366  8464.2367   4.0 1 1 
	       1405.10  8446.5051  8446.5116   4.0 1 1 
	       1419.13 8445.48757   8445.487   4.0 1 1 
	       1746.64 8421.22911  8421.2254   4.0 1 1 
	       1789.27 8417.99935  8417.9982   4.0 1 1 
	       1805.99 8416.72841  8416.7269   4.0 1 1 
	       1869.00 8411.91436  8411.9172   4.0 1 1 
	       1974.17 8403.79876  8403.7965   4.0 1 1 
	       1997.48 8401.98632   8401.989   4.0 1 1 
	function chebyshev
	order 5
	sample *
	naverage 1
	niterate 0
	low_reject 3.
	high_reject 3.
	grow 0.
	coefficients	9
		1.
		5.
		293.5357055664062
		1997.476928710938
		8463.360294074181
		-59.72523237990892
		-1.645095042176899
		-0.003768390217758154
		1.221230681261095E-4

# Mon 15:30:00 14-Aug-2023
begin	identify iazcomp.0048 - Ap 48
	id	iazcomp.0048
	task	identify
	image	iazcomp.0048 - Ap 48
	aperture	48
	aplow	1590.23
	aphigh	1598.83
	units	Angstroms
	features	13
	        297.25 8521.44353  8521.4422   4.0 1 1 
	        375.07 8516.55366  8516.5542   4.0 1 1 
	        468.36 8510.62208   8510.624   4.0 1 1 
	        955.92 8478.36151   8478.358   4.0 1 1 
	       1159.81 8464.23554  8464.2367   4.0 1 1 
	       1408.34  8446.5056  8446.5116   4.0 1 1 
	       1422.34 8445.48984   8445.487   4.0 1 1 
	       1749.78 8421.22856  8421.2254   4.0 1 1 
	       1792.37  8418.0004  8417.9982   4.0 1 1 
	       1809.11 8416.72713  8416.7269   4.0 1 1 
	       1872.11 8411.91317  8411.9172   4.0 1 1 
	       1977.26 8403.79686  8403.7965   4.0 1 1 
	       2000.51 8401.98903   8401.989   4.0 1 1 
	function chebyshev
	order 5
	sample *
	naverage 1
	niterate 0
	low_reject 3.
	high_reject 3.
	grow 0.
	coefficients	9
		1.
		5.
		297.2483825683594
		2000.507202148437
		8463.358028196228
		-59.72196827617113
		-1.643061683711654
		-0.005279002650945164
		0.001311794334154645

# Mon 16:10:14 14-Aug-2023
begin	identify iazcomp.0048 - Ap 48
	id	iazcomp.0048
	task	identify
	image	iazcomp.0048 - Ap 48
	aperture	48
	aplow	1590.23
	aphigh	1598.83
	units	Angstroms
	features	13
	        297.39 8521.44161  8521.4422   4.0 1 1 
	        375.09 8516.55704  8516.5542   4.0 1 1 
	        468.42 8510.62093   8510.624   4.0 1 1 
	        956.03 8478.35998   8478.358   4.0 1 1 
	       1159.93 8464.23682  8464.2367   4.0 1 1 
	       1408.52 8446.50592  8446.5116   4.0 1 1 
	       1422.53 8445.48985   8445.487   4.0 1 1 
	       1750.00 8421.22883  8421.2254   4.0 1 1 
	       1792.63 8417.99912  8417.9982   4.0 1 1 
	       1809.35 8416.72757  8416.7269   4.0 1 1 
	       1872.36 8411.91264  8411.9172   4.0 1 1 
	       1977.52 8403.79823  8403.7965   4.0 1 1 
	       2000.80 8401.98834   8401.989   4.0 1 1 
	function chebyshev
	order 5
	sample *
	naverage 1
	niterate 0
	low_reject 3.
	high_reject 3.
	grow 0.
	coefficients	9
		1.
		5.
		297.3861694335938
		2000.79833984375
		8463.35337897792
		-59.71959641785646
		-1.640892344239018
		-0.007037253871859681
		0.002490359944690267

