# Tue 22:47:40 07-Sep-2021
begin	identify iazcomp.0045 - Ap 45
	id	iazcomp.0045
	task	identify
	image	iazcomp.0045 - Ap 45
	aperture	45
	aplow	1561.76
	aphigh	1568.93
	units	Angstroms
	features	13
	        234.50 7956.97449   7956.974   4.0 1 1 
	        275.69 7954.59084  7954.5923   4.0 1 1 
	        493.88 7941.72446  7941.7259   4.0 1 1 
	        560.15 7937.73676  7937.7335   4.0 1 1 
	        904.08 7916.44376   7916.442   4.0 1 1 
	       1154.39 7900.31738    7900.32   4.0 1 1 
	       1294.27 7891.07469   7891.075   4.0 1 1 
	       1365.86  7886.2799   7886.283   4.0 1 1 
	       1662.18 7865.97164  7865.9698   4.0 1 1 
	       1690.06  7864.0223  7864.0218   4.0 1 1 
	       1720.13 7861.91288    7861.91   4.0 1 1 
	       1922.18 7847.53976  7847.5394   4.0 1 1 
	       1995.15 7842.26344  7842.2656   4.0 1 1 
	function chebyshev
	order 4
	sample *
	naverage 1
	niterate 2000
	low_reject 3.
	high_reject 3.
	grow 0.
	coefficients	8
		1.
		4.
		234.5041351318359
		1995.150268554688
		7901.260324389606
		-57.35511074072686
		-1.641359221264653
		-4.182871848252959E-4

# Fri 11:12:57 11-Mar-2022
begin	identify iazcomp.0045 - Ap 45
	id	iazcomp.0045
	task	identify
	image	iazcomp.0045 - Ap 45
	aperture	45
	aplow	1561.76
	aphigh	1568.93
	units	Angstroms
	features	16
	        218.15 7956.97769   7956.974   4.0 1 1 
	        259.47 7954.58682  7954.5923   4.0 1 1 
	        477.65 7941.72544  7941.7259   4.0 1 1 
	        544.01 7937.73419  7937.7335   4.0 1 1 
	        739.59 7925.75374  7925.7478   4.0 1 1 
	        888.08 7916.44239   7916.442   4.0 1 1 
	       1138.54 7900.31454    7900.32   4.0 1 1 
	       1240.21 7893.61664  7893.6191   4.0 1 1 
	       1278.45  7891.0749   7891.075   4.0 1 1 
	       1350.09 7886.27918   7886.283   4.0 1 1 
	       1509.28 7875.46832  7875.4626   4.0 1 1 
	       1646.58 7865.97142  7865.9698   4.0 1 1 
	       1674.48 7864.02171  7864.0218   4.0 1 1 
	       1704.57 7861.91201    7861.91   4.0 1 1 
	       1906.72 7847.53926  7847.5394   4.0 1 1 
	       1979.73 7842.26357  7842.2656   4.0 1 1 
	function chebyshev
	order 4
	sample *
	naverage 1
	niterate 2000
	low_reject 3.
	high_reject 3.
	grow 0.
	coefficients	8
		1.
		4.
		218.1481323242188
		1979.725952148437
		7901.260447847578
		-57.3561753180814
		-1.639821163799519
		-8.834339544319271E-4

# Tue 15:32:40 29-Mar-2022
begin	identify iazcomp.0045 - Ap 45
	id	iazcomp.0045
	task	identify
	image	iazcomp.0045 - Ap 45
	aperture	45
	aplow	1561.76
	aphigh	1568.93
	units	Angstroms
	features	16
	        218.91 7956.97352   7956.974   4.0 1 1 
	        260.06 7954.59204  7954.5923   4.0 1 1 
	        478.33 7941.72241  7941.7259   4.0 1 1 
	        544.64  7937.7334  7937.7335   4.0 1 1 
	        740.07 7925.76128  7925.7478   4.0 1 1 
	        888.73  7916.4396   7916.442   4.0 1 1 
	       1139.15 7900.31455    7900.32   4.0 1 1 
	       1240.91 7893.61006  7893.6191   4.0 1 1 
	       1279.05 7891.07539   7891.075   4.0 1 1 
	       1350.68 7886.28031   7886.283   4.0 1 1 
	       1509.86 7875.46944  7875.4626   4.0 1 1 
	       1647.17 7865.97192  7865.9698   4.0 1 1 
	       1675.05 7864.02354  7864.0218   4.0 1 1 
	       1705.15  7861.9129    7861.91   4.0 1 1 
	       1907.28 7847.53957  7847.5394   4.0 1 1 
	       1980.30 7842.26187  7842.2656   4.0 1 1 
	function chebyshev
	order 4
	sample *
	naverage 1
	niterate 2000
	low_reject 3.
	high_reject 3.
	grow 0.
	coefficients	8
		1.
		4.
		218.9114227294922
		1980.30322265625
		7901.256738590601
		-57.35359723827878
		-1.63904240881658
		-0.002229086353873556

# Mon 19:16:11 30-Jan-2023
begin	identify iazcomp.0045 - Ap 45
	id	iazcomp.0045
	task	identify
	image	iazcomp.0045 - Ap 45
	aperture	45
	aplow	1561.76
	aphigh	1568.93
	units	Angstroms
	features	14
	        272.94 7954.59315  7954.5923   4.0 1 1 
	        491.12 7941.72391  7941.7259   4.0 1 1 
	        557.44  7937.7338  7937.7335   4.0 1 1 
	        901.47 7916.44364   7916.442   4.0 1 1 
	       1151.83 7900.32129    7900.32   4.0 1 1 
	       1162.55 7899.61923  7899.6229   4.0 1 1 
	       1253.61 7893.61523  7893.6191   4.0 1 1 
	       1291.72 7891.08117   7891.075   4.0 1 1 
	       1363.33 7886.28568   7886.283   4.0 1 1 
	       1499.13 7877.07137  7877.0756   4.0 1 1 
	       1659.69  7865.9717  7865.9698   4.0 1 1 
	       1687.59 7864.02068  7864.0218   4.0 1 1 
	       1717.66 7861.90975    7861.91   4.0 1 1 
	       2019.30  7840.2984  7840.2981   4.0 1 1 
	function chebyshev
	order 4
	sample *
	naverage 1
	niterate 2000
	low_reject 3.
	high_reject 3.
	grow 0.
	coefficients	8
		1.
		4.
		272.9444274902344
		2019.302001953125
		7899.070389593172
		-57.13911874097989
		-1.624614804361662
		-0.008255767827765754

# Fri 11:54:38 03-Feb-2023
begin	identify iazcomp.0045 - Ap 45
	id	iazcomp.0045
	task	identify
	image	iazcomp.0045 - Ap 45
	aperture	45
	aplow	1561.76
	aphigh	1568.93
	units	Angstroms
	features	14
	        271.53 7954.59347  7954.5923   4.0 1 1 
	        489.78 7941.72283  7941.7259   4.0 1 1 
	        556.08 7937.73467  7937.7335   4.0 1 1 
	        900.18 7916.44344   7916.442   4.0 1 1 
	       1150.61 7900.31963    7900.32   4.0 1 1 
	       1161.30  7899.6193  7899.6229   4.0 1 1 
	       1252.35  7893.6163  7893.6191   4.0 1 1 
	       1290.49 7891.08095   7891.075   4.0 1 1 
	       1362.13 7886.28419   7886.283   4.0 1 1 
	       1497.82 7877.07833  7877.0756   4.0 1 1 
	       1658.53 7865.96982  7865.9698   4.0 1 1 
	       1686.42 7864.01902  7864.0218   4.0 1 1 
	       1716.50 7861.90756    7861.91   4.0 1 1 
	       2018.14 7840.29948  7840.2981   4.0 1 1 
	function chebyshev
	order 4
	sample *
	naverage 1
	niterate 2000
	low_reject 3.
	high_reject 3.
	grow 0.
	coefficients	8
		1.
		4.
		271.5251159667969
		2018.141967773438
		7899.071902899268
		-57.13911912019719
		-1.625427521817528
		-0.007874355936899873

# Mon 14:52:10 06-Feb-2023
begin	identify iazcomp.0045 - Ap 45
	id	iazcomp.0045
	task	identify
	image	iazcomp.0045 - Ap 45
	aperture	45
	aplow	1561.76
	aphigh	1568.93
	units	Angstroms
	features	14
	        269.05 7954.59283  7954.5923   4.0 1 1 
	        487.35 7941.72445  7941.7259   4.0 1 1 
	        553.72 7937.73385  7937.7335   4.0 1 1 
	        897.90 7916.44376   7916.442   4.0 1 1 
	       1148.39 7900.31997    7900.32   4.0 1 1 
	       1159.09 7899.61917  7899.6229   4.0 1 1 
	       1250.16 7893.61612  7893.6191   4.0 1 1 
	       1288.30 7891.08127   7891.075   4.0 1 1 
	       1359.96 7886.28462   7886.283   4.0 1 1 
	       1495.78 7877.07284  7877.0756   4.0 1 1 
	       1656.44 7865.97151  7865.9698   4.0 1 1 
	       1684.34 7864.02083  7864.0218   4.0 1 1 
	       1714.43 7861.90945    7861.91   4.0 1 1 
	       2016.23 7840.29833  7840.2981   4.0 1 1 
	function chebyshev
	order 4
	sample *
	naverage 1
	niterate 2000
	low_reject 3.
	high_reject 3.
	grow 0.
	coefficients	8
		1.
		4.
		269.0548400878906
		2016.234375
		7899.070532656162
		-57.14020478907386
		-1.624952886048788
		-0.00704084988551919

# Mon 15:31:50 27-Feb-2023
begin	identify iazcomp.0045 - Ap 45
	id	iazcomp.0045
	task	identify
	image	iazcomp.0045 - Ap 45
	aperture	45
	aplow	1561.76
	aphigh	1568.93
	units	Angstroms
	features	20
	        232.67 7956.97309   7956.974   6.0 1 1 
	        273.82 7954.59098  7954.5923   6.0 1 1 
	        491.98 7941.72428  7941.7259   6.0 1 1 
	        558.20 7937.73954  7937.7335   6.0 1 1 
	        753.88  7925.7483  7925.7478   6.0 1 1 
	        902.19 7916.44457   7916.442   4.0 1 1 
	       1152.51 7900.32006    7900.32   6.0 1 1 
	       1163.24 7899.61711  7899.6229   4.0 1 1 
	       1254.29 7893.61196  7893.6191   6.0 1 1 
	       1292.39 7891.07785   7891.075   4.0 1 1 
	       1363.98 7886.28409   7886.283   4.0 1 1 
	       1499.64 7877.07943  7877.0756   6.0 1 1 
	       1523.29 7875.45875  7875.4626   6.0 1 1 
	       1564.49 7872.62463  7872.6316   6.0 1 1 
	       1660.33 7865.97428  7865.9698   4.0 1 1 
	       1688.21 7864.02517  7864.0218   6.0 1 1 
	       1718.27 7861.91662    7861.91   6.0 1 1 
	       1920.32 7847.54098  7847.5394   6.0 1 1 
	       1993.30 7842.26278  7842.2656   6.0 1 1 
	       1999.83 7841.78854  7841.7911   6.0 1 1 
	function chebyshev
	order 4
	sample *
	naverage 1
	niterate 2000
	low_reject 3.
	high_reject 3.
	grow 0.
	coefficients	8
		1.
		4.
		232.665771484375
		1999.827880859375
		7901.034790551477
		-57.58984868229568
		-1.653975632905629
		-0.002430826218851925

# Tue 13:41:21 16-May-2023
begin	identify iazcomp.0045 - Ap 45
	id	iazcomp.0045
	task	identify
	image	iazcomp.0045 - Ap 45
	aperture	45
	aplow	1561.76
	aphigh	1568.93
	units	Angstroms
	features	20
	        231.82 7956.97422   7956.974   6.0 1 1 
	        273.00  7954.5905  7954.5923   6.0 1 1 
	        491.22 7941.72274  7941.7259   6.0 1 1 
	        557.50 7937.73523  7937.7335   6.0 1 1 
	        752.98 7925.75832  7925.7478   6.0 1 1 
	        901.51  7916.4433   7916.442   4.0 1 1 
	       1151.87 7900.31828    7900.32   6.0 1 1 
	       1162.62  7899.6143  7899.6229   4.0 1 1 
	       1253.66 7893.61099  7893.6191   6.0 1 1 
	       1291.77 7891.07657   7891.075   4.0 1 1 
	       1363.36 7886.28312   7886.283   4.0 1 1 
	       1499.07 7877.07707  7877.0756   6.0 1 1 
	       1522.53 7875.46948  7875.4626   6.0 1 1 
	       1563.94 7872.62064  7872.6316   6.0 1 1 
	       1659.75  7865.9739  7865.9698   4.0 1 1 
	       1687.61 7864.02657  7864.0218   6.0 1 1 
	       1717.69 7861.91618    7861.91   6.0 1 1 
	       1919.75 7847.54093  7847.5394   6.0 1 1 
	       1992.74 7842.26264  7842.2656   6.0 1 1 
	       1999.27 7841.78802  7841.7911   6.0 1 1 
	function chebyshev
	order 4
	sample *
	naverage 1
	niterate 2000
	low_reject 3.
	high_reject 3.
	grow 0.
	coefficients	8
		1.
		4.
		231.8207550048828
		1999.27001953125
		7901.036026810625
		-57.59017450294684
		-1.654907096869811
		-0.002927075455176705

# Mon 15:29:51 14-Aug-2023
begin	identify iazcomp.0045 - Ap 45
	id	iazcomp.0045
	task	identify
	image	iazcomp.0045 - Ap 45
	aperture	45
	aplow	1561.76
	aphigh	1568.93
	units	Angstroms
	features	20
	        235.43 7956.97471   7956.974   6.0 1 1 
	        276.64 7954.58955  7954.5923   6.0 1 1 
	        494.76  7941.7251  7941.7259   6.0 1 1 
	        561.01 7937.73802  7937.7335   6.0 1 1 
	        751.64  7926.0588  7925.7478   6.0 1 0 
	        904.92 7916.44439   7916.442   4.0 1 1 
	       1155.14 7900.32235    7900.32   6.0 1 1 
	       1165.91 7899.61599  7899.6229   4.0 1 1 
	       1256.88 7893.61479  7893.6191   6.0 1 1 
	       1295.02 7891.07778   7891.075   4.0 1 1 
	       1366.60 7886.28277   7886.283   4.0 1 1 
	       1502.37 7877.06908  7877.0756   6.0 1 1 
	       1525.68 7875.47121  7875.4626   6.0 1 1 
	       1567.07 7872.62274  7872.6316   6.0 1 1 
	       1662.90 7865.97253  7865.9698   4.0 1 1 
	       1690.75 7864.02512  7864.0218   6.0 1 1 
	       1720.81 7861.91586    7861.91   6.0 1 1 
	       1922.82  7847.5414  7847.5394   6.0 1 1 
	       1995.79 7842.26299  7842.2656   6.0 1 1 
	       2002.32 7841.78882  7841.7911   6.0 1 1 
	function chebyshev
	order 4
	sample *
	naverage 1
	niterate 2000
	low_reject 3.
	high_reject 3.
	grow 0.
	coefficients	8
		1.
		4.
		235.4297180175781
		2002.319580078125
		7901.036727887943
		-57.59183816232504
		-1.654961342113079
		-0.001106808384996151

# Mon 16:10:09 14-Aug-2023
begin	identify iazcomp.0045 - Ap 45
	id	iazcomp.0045
	task	identify
	image	iazcomp.0045 - Ap 45
	aperture	45
	aplow	1561.76
	aphigh	1568.93
	units	Angstroms
	features	19
	        235.45 7956.97445   7956.974   6.0 1 1 
	        276.64 7954.59021  7954.5923   6.0 1 1 
	        494.79 7941.72513  7941.7259   6.0 1 1 
	        561.06 7937.73698  7937.7335   6.0 1 1 
	        905.02 7916.44455   7916.442   4.0 1 1 
	       1155.29 7900.32281    7900.32   6.0 1 1 
	       1166.04 7899.61778  7899.6229   4.0 1 1 
	       1257.08 7893.61381  7893.6191   6.0 1 1 
	       1295.20 7891.07848   7891.075   4.0 1 1 
	       1366.79  7886.2842   7886.283   4.0 1 1 
	       1502.64 7877.06675  7877.0756   6.0 1 1 
	       1526.03 7875.46337  7875.4626   6.0 1 1 
	       1567.26 7872.62711  7872.6316   6.0 1 1 
	       1663.15 7865.97315  7865.9698   4.0 1 1 
	       1691.00 7864.02619  7864.0218   6.0 1 1 
	       1721.05 7861.91774    7861.91   6.0 1 1 
	       1923.12 7847.54097  7847.5394   6.0 1 1 
	       1996.09 7842.26324  7842.2656   6.0 1 1 
	       2002.62 7841.78828  7841.7911   6.0 1 1 
	function chebyshev
	order 4
	sample *
	naverage 1
	niterate 2000
	low_reject 3.
	high_reject 3.
	grow 0.
	coefficients	8
		1.
		4.
		235.4535369873047
		2002.624633789062
		7901.035964209055
		-57.59083183770874
		-1.65459601986747
		-0.002252701278952205

