# Tue 22:43:25 07-Sep-2021
begin	identify iazcomp.0027 - Ap 27
	id	iazcomp.0027
	task	identify
	image	iazcomp.0027 - Ap 27
	aperture	27
	aplow	1348.66
	aphigh	1358.
	units	Angstroms
	features	27
	         40.76 5691.66071  5691.6612   4.0 1 1 
	        147.65 5687.34902  5687.3489   4.0 1 1 
	        200.55 5685.19005  5685.1921   4.0 1 1 
	        280.29 5681.90463  5681.9001   4.0 1 1 
	        396.48 5677.04991  5677.0529   4.0 1 1 
	        445.15 5674.99206  5674.9864   4.0 1 1 
	        472.43 5673.83252  5673.8358   4.0 1 1 
	        628.15 5667.12732  5667.1281   4.0 1 1 
	        644.27 5666.42435  5666.4185   4.0 1 1 
	        662.56 5665.62554  5665.6283   4.0 1 1 
	        672.79 5665.17756  5665.1799   4.0 1 1 
	        685.56 5664.61766   5664.621   4.0 1 1 
	        721.46 5663.03839   5663.042   4.0 1 1 
	        809.48 5659.13289  5659.1272   4.0 1 1 
	        836.49 5657.92498  5657.9255   4.0 1 1 
	        890.58 5655.49231  5655.4897   4.0 1 1 
	        923.09 5654.02161  5654.0234   4.0 1 1 
	        995.88 5650.70522  5650.7043   4.0 1 1 
	       1033.29 5648.98796   5648.991   4.0 1 1 
	       1088.23 5646.45094  5646.4514   4.0 1 1 
	       1231.46 5639.74898  5639.7461   4.0 1 1 
	       1366.94 5633.29505   5633.295   4.0 1 1 
	       1732.63 5615.31933  5615.3195   4.0 1 1 
	       1797.11 5612.06689  5612.0679   4.0 1 1 
	       1824.48 5610.67925  5610.6809   4.0 1 1 
	       1901.80 5606.73481   5606.733   4.0 1 1 
	       1945.00 5604.51556  5604.5154   4.0 1 1 
	function chebyshev
	order 5
	sample *
	naverage 1
	niterate 2000
	low_reject 3.
	high_reject 3.
	grow 0.
	coefficients	9
		1.
		5.
		40.7607421875
		1945.002319335937
		5649.462002656419
		-43.57312772671514
		-1.377104209700945
		5.531395310357013E-4
		0.003240523595301892

# Fri 10:58:26 11-Mar-2022
begin	identify iazcomp.0027 - Ap 27
	id	iazcomp.0027
	task	identify
	image	iazcomp.0027 - Ap 27
	aperture	27
	aplow	1348.66
	aphigh	1358.
	units	Angstroms
	features	32
	         24.96 5691.65978  5691.6612   4.0 1 1 
	        131.81 5687.35146  5687.3489   4.0 1 1 
	        184.81 5685.18957  5685.1921   4.0 1 1 
	        264.61  5681.9035  5681.9001   4.0 1 1 
	        380.77 5677.05184  5677.0529   4.0 1 1 
	        456.75 5673.83491  5673.8358   4.0 1 1 
	        612.55 5667.12867  5667.1281   4.0 1 1 
	        628.77 5666.42229  5666.4185   4.0 1 1 
	        646.99  5665.6267  5665.6283   4.0 1 1 
	        657.23 5665.17866  5665.1799   4.0 1 1 
	        670.01 5664.61825   5664.621   4.0 1 1 
	        705.90 5663.03985   5663.042   4.0 1 1 
	        793.98 5659.13335  5659.1272   4.0 1 1 
	        821.00 5657.92527  5657.9255   4.0 1 1 
	        907.65 5654.02147  5654.0234   4.0 1 1 
	        980.46 5650.70535  5650.7043   4.0 1 1 
	       1017.88 5648.98823   5648.991   4.0 1 1 
	       1072.86 5646.45036  5646.4514   4.0 1 1 
	       1216.20  5639.7463  5639.7461   4.0 1 1 
	       1351.75 5633.29127   5633.295   4.0 1 1 
	       1413.74 5630.30225  5630.2969   4.0 1 1 
	       1508.61 5625.68319  5625.6782   4.0 1 1 
	       1624.33 5619.97579  5619.9755   4.0 1 1 
	       1717.64 5615.31604  5615.3195   4.0 1 1 
	       1782.17 5612.06406  5612.0679   4.0 1 1 
	       1809.53 5610.67741  5610.6809   4.0 1 1 
	       1831.19 5609.57713  5609.5735   4.0 1 1 
	       1886.91 5606.73334   5606.733   4.0 1 1 
	       1893.67 5606.38743  5606.3861   4.0 1 1 
	       1930.14 5604.51493  5604.5154   4.0 1 1 
	       1962.25 5602.86075   5602.863   4.0 1 1 
	       1986.51 5601.60642  5601.6032   4.0 1 1 
	function chebyshev
	order 5
	sample *
	naverage 1
	niterate 2000
	low_reject 3.
	high_reject 3.
	grow 0.
	coefficients	9
		1.
		5.
		24.95893478393555
		1986.511474609375
		5648.085708357708
		-45.02974941759005
		-1.456705956751295
		0.003068955444569308
		0.004101096096699625

# Tue 15:32:15 29-Mar-2022
begin	identify iazcomp.0027 - Ap 27
	id	iazcomp.0027
	task	identify
	image	iazcomp.0027 - Ap 27
	aperture	27
	aplow	1348.66
	aphigh	1358.
	units	Angstroms
	features	32
	         25.64 5691.66146  5691.6612   4.0 1 1 
	        132.62 5687.34705  5687.3489   4.0 1 1 
	        185.48 5685.19057  5685.1921   4.0 1 1 
	        265.24 5681.90577  5681.9001   4.0 1 1 
	        381.44  5677.0517  5677.0529   4.0 1 1 
	        457.43 5673.83391  5673.8358   4.0 1 1 
	        613.19 5667.12872  5667.1281   4.0 1 1 
	        629.41 5666.42227  5666.4185   4.0 1 1 
	        647.62 5665.62676  5665.6283   4.0 1 1 
	        657.86 5665.17866  5665.1799   4.0 1 1 
	        670.63   5664.619   5664.621   4.0 1 1 
	        706.52 5663.04049   5663.042   4.0 1 1 
	        794.59 5659.13359  5659.1272   4.0 1 1 
	        821.62 5657.92535  5657.9255   4.0 1 1 
	        908.25 5654.02143  5654.0234   4.0 1 1 
	        981.07 5650.70468  5650.7043   4.0 1 1 
	       1018.48 5648.98799   5648.991   4.0 1 1 
	       1073.47 5646.44913  5646.4514   4.0 1 1 
	       1216.76 5639.74644  5639.7461   4.0 1 1 
	       1352.29 5633.29199   5633.295   4.0 1 1 
	       1414.29 5630.30192  5630.2969   4.0 1 1 
	       1509.14 5625.68339  5625.6782   4.0 1 1 
	       1624.82 5619.97774  5619.9755   4.0 1 1 
	       1718.19 5615.31479  5615.3195   4.0 1 1 
	       1782.68  5612.0641  5612.0679   4.0 1 1 
	       1810.08 5610.67588  5610.6809   4.0 1 1 
	       1831.68 5609.57862  5609.5735   4.0 1 1 
	       1887.44 5606.73254   5606.733   4.0 1 1 
	       1894.21 5606.38624  5606.3861   4.0 1 1 
	       1930.65 5604.51534  5604.5154   4.0 1 1 
	       1962.72 5602.86297   5602.863   4.0 1 1 
	       1987.05 5601.60534  5601.6032   4.0 1 1 
	function chebyshev
	order 5
	sample *
	naverage 1
	niterate 2000
	low_reject 3.
	high_reject 3.
	grow 0.
	coefficients	9
		1.
		5.
		25.63787460327148
		1987.048583984375
		5648.085400539362
		-45.03133958115326
		-1.456265957217326
		0.003277804222087141
		0.004263481558605817

# Mon 19:04:12 30-Jan-2023
begin	identify iazcomp.0027 - Ap 27
	id	iazcomp.0027
	task	identify
	image	iazcomp.0027 - Ap 27
	aperture	27
	aplow	1348.66
	aphigh	1358.
	units	Angstroms
	features	31
	         37.93 5691.66001  5691.6612   4.0 1 1 
	        144.85 5687.34836  5687.3489   4.0 1 1 
	        197.73 5685.19141  5685.1921   4.0 1 1 
	        277.50 5681.90576  5681.9001   4.0 1 1 
	        393.70 5677.05197  5677.0529   4.0 1 1 
	        469.67 5673.83486  5673.8358   4.0 1 1 
	        625.43 5667.12915  5667.1281   4.0 1 1 
	        659.86 5665.62689  5665.6283   4.0 1 1 
	        670.10 5665.17888  5665.1799   4.0 1 1 
	        682.87  5664.6192   5664.621   4.0 1 1 
	        718.78  5663.0394   5663.042   4.0 1 1 
	        806.81 5659.13395  5659.1272   4.0 1 1 
	        833.83 5657.92568  5657.9255   4.0 1 1 
	        920.45  5654.0215  5654.0234   4.0 1 1 
	        993.24 5650.70529  5650.7043   4.0 1 1 
	       1030.66 5648.98745   5648.991   4.0 1 1 
	       1085.59 5646.45056  5646.4514   4.0 1 1 
	       1228.86 5639.74684  5639.7461   4.0 1 1 
	       1364.36 5633.29153   5633.295   4.0 1 1 
	       1426.36 5630.30086  5630.2969   4.0 1 1 
	       1521.12 5625.68468  5625.6782   4.0 1 1 
	       1636.77 5619.97852  5619.9755   4.0 1 1 
	       1730.13 5615.31448  5615.3195   4.0 1 1 
	       1794.61 5612.06358  5612.0679   4.0 1 1 
	       1822.00 5610.67558  5610.6809   4.0 1 1 
	       1843.59 5609.57833  5609.5735   4.0 1 1 
	       1899.34 5606.73232   5606.733   4.0 1 1 
	       1906.11 5606.38526  5606.3861   4.0 1 1 
	       1942.53 5604.51531  5604.5154   4.0 1 1 
	       1974.59 5602.86319   5602.863   4.0 1 1 
	       1998.89  5601.6065  5601.6032   4.0 1 1 
	function chebyshev
	order 5
	sample *
	naverage 1
	niterate 2000
	low_reject 3.
	high_reject 3.
	grow 0.
	coefficients	9
		1.
		5.
		37.93069839477539
		1998.893676757813
		5648.087407174601
		-45.03066463213276
		-1.458716008951929
		0.003907955965763213
		0.004566310158561155

# Fri 11:53:58 03-Feb-2023
begin	identify iazcomp.0027 - Ap 27
	id	iazcomp.0027
	task	identify
	image	iazcomp.0027 - Ap 27
	aperture	27
	aplow	1348.66
	aphigh	1358.
	units	Angstroms
	features	31
	         36.55 5691.66054  5691.6612   4.0 1 1 
	        143.52 5687.34714  5687.3489   4.0 1 1 
	        196.39   5685.191  5685.1921   4.0 1 1 
	        276.13 5681.90716  5681.9001   4.0 1 1 
	        392.38 5677.05187  5677.0529   4.0 1 1 
	        468.35 5673.83504  5673.8358   4.0 1 1 
	        624.15 5667.12876  5667.1281   4.0 1 1 
	        658.59 5665.62642  5665.6283   4.0 1 1 
	        668.81 5665.17909  5665.1799   4.0 1 1 
	        681.58 5664.61919   5664.621   4.0 1 1 
	        717.50 5663.03965   5663.042   4.0 1 1 
	        805.54 5659.13403  5659.1272   4.0 1 1 
	        832.56 5657.92602  5657.9255   4.0 1 1 
	        919.22 5654.02086  5654.0234   4.0 1 1 
	        992.00 5650.70529  5650.7043   4.0 1 1 
	       1029.44 5648.98727   5648.991   4.0 1 1 
	       1084.37 5646.45088  5646.4514   4.0 1 1 
	       1227.66 5639.74697  5639.7461   4.0 1 1 
	       1363.18 5633.29193   5633.295   4.0 1 1 
	       1425.19 5630.30082  5630.2969   4.0 1 1 
	       1519.97 5625.68422  5625.6782   4.0 1 1 
	       1635.63 5619.97839  5619.9755   4.0 1 1 
	       1728.99  5615.3147  5615.3195   4.0 1 1 
	       1793.48 5612.06354  5612.0679   4.0 1 1 
	       1820.85  5610.6762  5610.6809   4.0 1 1 
	       1842.47 5609.57774  5609.5735   4.0 1 1 
	       1898.21  5606.7326   5606.733   4.0 1 1 
	       1904.99 5606.38523  5606.3861   4.0 1 1 
	       1941.41   5604.515  5604.5154   4.0 1 1 
	       1973.47 5602.86292   5602.863   4.0 1 1 
	       1997.76 5601.60684  5601.6032   4.0 1 1 
	function chebyshev
	order 5
	sample *
	naverage 1
	niterate 2000
	low_reject 3.
	high_reject 3.
	grow 0.
	coefficients	9
		1.
		5.
		36.54943466186523
		1997.763793945313
		5648.088224800644
		-45.0303793325386
		-1.459070935917377
		0.003532423049297285
		0.004535342229837535

# Mon 14:51:14 06-Feb-2023
begin	identify iazcomp.0027 - Ap 27
	id	iazcomp.0027
	task	identify
	image	iazcomp.0027 - Ap 27
	aperture	27
	aplow	1348.66
	aphigh	1358.
	units	Angstroms
	features	31
	         33.94 5691.66009  5691.6612   4.0 1 1 
	        140.90 5687.34908  5687.3489   4.0 1 1 
	        193.84  5685.1905  5685.1921   4.0 1 1 
	        273.64 5681.90555  5681.9001   4.0 1 1 
	        389.90 5677.05165  5677.0529   4.0 1 1 
	        465.88 5673.83552  5673.8358   4.0 1 1 
	        621.74 5667.12889  5667.1281   4.0 1 1 
	        656.19 5665.62642  5665.6283   4.0 1 1 
	        666.43 5665.17872  5665.1799   4.0 1 1 
	        679.19 5664.61956   5664.621   4.0 1 1 
	        715.10 5663.04063   5663.042   4.0 1 1 
	        803.20  5659.1341  5659.1272   4.0 1 1 
	        830.24 5657.92535  5657.9255   4.0 1 1 
	        916.91  5654.0208  5654.0234   4.0 1 1 
	        989.72 5650.70523  5650.7043   4.0 1 1 
	       1027.15 5648.98818   5648.991   4.0 1 1 
	       1082.14 5646.44967  5646.4514   4.0 1 1 
	       1225.46 5639.74678  5639.7461   4.0 1 1 
	       1361.00 5633.29242   5633.295   4.0 1 1 
	       1423.02 5630.30177  5630.2969   4.0 1 1 
	       1517.87 5625.68333  5625.6782   4.0 1 1 
	       1633.56 5619.97714  5619.9755   4.0 1 1 
	       1726.91 5615.31542  5615.3195   4.0 1 1 
	       1791.42 5612.06391  5612.0679   4.0 1 1 
	       1818.80 5610.67663  5610.6809   4.0 1 1 
	       1840.43 5609.57738  5609.5735   4.0 1 1 
	       1896.17 5606.73246   5606.733   4.0 1 1 
	       1902.94 5606.38588  5606.3861   4.0 1 1 
	       1939.38   5604.515  5604.5154   4.0 1 1 
	       1971.45 5602.86267   5602.863   4.0 1 1 
	       1995.75 5601.60656  5601.6032   4.0 1 1 
	function chebyshev
	order 5
	sample *
	naverage 1
	niterate 2000
	low_reject 3.
	high_reject 3.
	grow 0.
	coefficients	9
		1.
		5.
		33.94418716430664
		1995.749145507813
		5648.088976078581
		-45.02998032989371
		-1.460067667056584
		0.003212791308355484
		0.004417034789705331

# Mon 15:29:16 27-Feb-2023
begin	identify iazcomp.0027 - Ap 27
	id	iazcomp.0027
	task	identify
	image	iazcomp.0027 - Ap 27
	aperture	27
	aplow	1348.66
	aphigh	1358.
	units	Angstroms
	features	31
	         38.89 5691.66045  5691.6612   6.0 1 1 
	        145.82 5687.34838  5687.3489   6.0 1 1 
	        198.68 5685.19204  5685.1921   6.0 1 1 
	        278.49 5681.90409  5681.9001   4.0 1 1 
	        394.62 5677.05207  5677.0529   4.0 1 1 
	        470.57 5673.83466  5673.8358   4.0 1 1 
	        626.31 5667.12827  5667.1281   4.0 1 1 
	        660.72 5665.62632  5665.6283   4.0 1 1 
	        670.96 5665.17805  5665.1799   4.0 1 1 
	        683.68 5664.62044   5664.621   6.0 1 1 
	        719.57 5663.04141   5663.042   6.0 1 1 
	        807.68 5659.13136  5659.1272   4.0 1 1 
	        834.66 5657.92453  5657.9255   4.0 1 1 
	        888.67 5655.49549  5655.4897   6.0 1 1 
	        921.26  5654.0211  5654.0234   6.0 1 1 
	        994.07 5650.70356  5650.7043   4.0 1 1 
	       1031.40 5648.98965   5648.991   6.0 1 1 
	       1086.39 5646.45006  5646.4514   6.0 1 1 
	       1229.67  5639.7458  5639.7461   4.0 1 1 
	       1365.14 5633.29199   5633.295   6.0 1 1 
	       1427.12 5630.30197  5630.2969   4.0 1 1 
	       1637.56 5619.97739  5619.9755   6.0 1 1 
	       1703.39 5616.69343  5616.6908   6.0 1 1 
	       1730.84 5615.31649  5615.3195   6.0 1 1 
	       1795.31 5612.06504  5612.0679   6.0 1 1 
	       1822.69 5610.67698  5610.6809   6.0 1 1 
	       1844.34 5609.57629  5609.5735   6.0 1 1 
	       1900.01 5606.73286   5606.733   6.0 1 1 
	       1906.76 5606.38702  5606.3861   6.0 1 1 
	       1943.20   5604.515  5604.5154   6.0 1 1 
	       1999.55 5601.60441  5601.6032   4.0 1 1 
	function chebyshev
	order 5
	sample *
	naverage 1
	niterate 2000
	low_reject 3.
	high_reject 3.
	grow 0.
	coefficients	9
		1.
		5.
		38.89495468139649
		1999.551879882812
		5648.087776536894
		-45.03066800685163
		-1.458644457966903
		0.002646734171654536
		0.003297534100181735

# Tue 13:40:28 16-May-2023
begin	identify iazcomp.0027 - Ap 27
	id	iazcomp.0027
	task	identify
	image	iazcomp.0027 - Ap 27
	aperture	27
	aplow	1348.66
	aphigh	1358.
	units	Angstroms
	features	31
	         38.00 5691.66044  5691.6612   6.0 1 1 
	        144.99 5687.34818  5687.3489   6.0 1 1 
	        197.85 5685.19219  5685.1921   6.0 1 1 
	        277.69 5681.90427  5681.9001   4.0 1 1 
	        393.85 5677.05229  5677.0529   4.0 1 1 
	        469.85 5673.83372  5673.8358   4.0 1 1 
	        625.58 5667.12887  5667.1281   4.0 1 1 
	        660.01 5665.62639  5665.6283   4.0 1 1 
	        670.25 5665.17811  5665.1799   4.0 1 1 
	        682.95 5664.62116   5664.621   6.0 1 1 
	        718.85 5663.04189   5663.042   6.0 1 1 
	        807.00 5659.13057  5659.1272   4.0 1 1 
	        833.97 5657.92456  5657.9255   4.0 1 1 
	        888.02 5655.49347  5655.4897   6.0 1 1 
	        920.55 5654.02201  5654.0234   6.0 1 1 
	        993.38 5650.70372  5650.7043   4.0 1 1 
	       1030.73 5648.98977   5648.991   6.0 1 1 
	       1085.73 5646.44979  5646.4514   6.0 1 1 
	       1229.01 5639.74602  5639.7461   4.0 1 1 
	       1364.50 5633.29186   5633.295   6.0 1 1 
	       1426.46 5630.30305  5630.2969   4.0 1 1 
	       1636.95 5619.97767  5619.9755   6.0 1 1 
	       1702.83 5616.69181  5616.6908   6.0 1 1 
	       1730.24 5615.31681  5615.3195   6.0 1 1 
	       1794.73 5612.06502  5612.0679   6.0 1 1 
	       1822.10 5610.67726  5610.6809   6.0 1 1 
	       1843.78 5609.57541  5609.5735   6.0 1 1 
	       1899.44 5606.73298   5606.733   6.0 1 1 
	       1906.17  5606.3881  5606.3861   6.0 1 1 
	       1942.63 5604.51512  5604.5154   6.0 1 1 
	       1999.01 5601.60408  5601.6032   4.0 1 1 
	function chebyshev
	order 5
	sample *
	naverage 1
	niterate 2000
	low_reject 3.
	high_reject 3.
	grow 0.
	coefficients	9
		1.
		5.
		38.00302505493164
		1999.005615234375
		5648.08884269244
		-45.03168203646178
		-1.459689882750416
		0.003501344262940707
		0.003110280180667277

# Mon 15:28:45 14-Aug-2023
begin	identify iazcomp.0027 - Ap 27
	id	iazcomp.0027
	task	identify
	image	iazcomp.0027 - Ap 27
	aperture	27
	aplow	1348.66
	aphigh	1358.
	units	Angstroms
	features	31
	         41.74 5691.66038  5691.6612   6.0 1 1 
	        148.68 5687.34803  5687.3489   6.0 1 1 
	        201.52 5685.19204  5685.1921   6.0 1 1 
	        281.31 5681.90491  5681.9001   4.0 1 1 
	        397.44 5677.05198  5677.0529   4.0 1 1 
	        473.39 5673.83445  5673.8358   4.0 1 1 
	        629.07 5667.12837  5667.1281   4.0 1 1 
	        663.49 5665.62583  5665.6283   4.0 1 1 
	        673.72 5665.17788  5665.1799   4.0 1 1 
	        686.42 5664.62111   5664.621   6.0 1 1 
	        722.29 5663.04219   5663.042   6.0 1 1 
	        810.43 5659.13008  5659.1272   4.0 1 1 
	        837.38 5657.92411  5657.9255   4.0 1 1 
	        891.37 5655.49527  5655.4897   6.0 1 1 
	        923.92 5654.02195  5654.0234   6.0 1 1 
	        996.73 5650.70362  5650.7043   4.0 1 1 
	       1034.06 5648.98968   5648.991   6.0 1 1 
	       1089.05 5646.44929  5646.4514   6.0 1 1 
	       1232.27 5639.74619  5639.7461   4.0 1 1 
	       1367.72  5633.2916   5633.295   6.0 1 1 
	       1429.64 5630.30368  5630.2969   4.0 1 1 
	       1640.08  5619.9778  5619.9755   6.0 1 1 
	       1705.96  5616.6908  5616.6908   6.0 1 1 
	       1733.35 5615.31692  5615.3195   6.0 1 1 
	       1797.82 5612.06516  5612.0679   6.0 1 1 
	       1825.18 5610.67765  5610.6809   6.0 1 1 
	       1846.84 5609.57653  5609.5735   6.0 1 1 
	       1902.51 5606.73305   5606.733   6.0 1 1 
	       1902.51 5606.73305  5606.3861   6.0 1 0 
	       1945.69 5604.51534  5604.5154   6.0 1 1 
	       2002.05  5601.6046  5601.6032   4.0 1 1 
	function chebyshev
	order 5
	sample *
	naverage 1
	niterate 2000
	low_reject 3.
	high_reject 3.
	grow 0.
	coefficients	9
		1.
		5.
		41.74227905273438
		2002.04736328125
		5648.087652881057
		-45.03166376012887
		-1.45829563886746
		0.003773537527371315
		0.003136471423653673

# Mon 16:09:25 14-Aug-2023
begin	identify iazcomp.0027 - Ap 27
	id	iazcomp.0027
	task	identify
	image	iazcomp.0027 - Ap 27
	aperture	27
	aplow	1348.66
	aphigh	1358.
	units	Angstroms
	features	30
	         41.70 5691.66068  5691.6612   6.0 1 1 
	        148.68 5687.34764  5687.3489   6.0 1 1 
	        201.51 5685.19244  5685.1921   6.0 1 1 
	        281.33 5681.90443  5681.9001   4.0 1 1 
	        397.47 5677.05212  5677.0529   4.0 1 1 
	        473.43 5673.83413  5673.8358   4.0 1 1 
	        629.14 5667.12831  5667.1281   4.0 1 1 
	        663.57 5665.62581  5665.6283   4.0 1 1 
	        673.80 5665.17796  5665.1799   4.0 1 1 
	        686.50 5664.62101   5664.621   6.0 1 1 
	        722.39 5663.04177   5663.042   6.0 1 1 
	        810.52 5659.13055  5659.1272   4.0 1 1 
	        837.49 5657.92399  5657.9255   4.0 1 1 
	        891.45 5655.49703  5655.4897   6.0 1 1 
	        924.05 5654.02183  5654.0234   6.0 1 1 
	        996.88 5650.70319  5650.7043   4.0 1 1 
	       1034.22 5648.98942   5648.991   6.0 1 1 
	       1089.20 5646.44964  5646.4514   6.0 1 1 
	       1232.47 5639.74589  5639.7461   4.0 1 1 
	       1367.94 5633.29183   5633.295   6.0 1 1 
	       1429.92 5630.30198  5630.2969   4.0 1 1 
	       1640.36 5619.97783  5619.9755   6.0 1 1 
	       1706.24 5616.69151  5616.6908   6.0 1 1 
	       1733.64 5615.31706  5615.3195   6.0 1 1 
	       1798.11 5612.06556  5612.0679   6.0 1 1 
	       1825.49 5610.67772  5610.6809   6.0 1 1 
	       1847.14 5609.57657  5609.5735   6.0 1 1 
	       1902.81 5606.73325   5606.733   6.0 1 1 
	       1946.00 5604.51531  5604.5154   6.0 1 1 
	       2002.37 5601.60406  5601.6032   4.0 1 1 
	function chebyshev
	order 5
	sample *
	naverage 1
	niterate 2000
	low_reject 3.
	high_reject 3.
	grow 0.
	coefficients	9
		1.
		5.
		41.70421981811524
		2002.3671875
		5648.088019853751
		-45.03146465199147
		-1.458563802295037
		0.003154295722418016
		0.002910515604596081

