# Tue 22:39:25 07-Sep-2021
begin	identify iazcomp.0014 - Ap 14
	id	iazcomp.0014
	task	identify
	image	iazcomp.0014 - Ap 14
	aperture	14
	aplow	1144.09
	aphigh	1152.95
	units	Angstroms
	features	40
	        202.79 4712.84333  4712.8408   4.0 1 1 
	        227.57 4712.00114  4712.0056   4.0 1 1 
	        335.54 4708.29578   4708.294   4.0 1 1 
	        394.34 4706.25288  4706.2511   4.0 1 1 
	        408.48 4705.75897  4705.7606   4.0 1 1 
	        458.85 4703.99172  4703.9898   4.0 1 1 
	        476.91 4703.35475  4703.3581   4.0 1 1 
	        506.22 4702.31787  4702.3161   4.0 1 1 
	        549.69 4700.77197  4700.7711   4.0 1 1 
	        567.31 4700.14245  4700.1402   4.0 1 1 
	        697.21 4695.45375  4695.4542   4.0 1 1 
	        708.72 4695.03445  4695.0381   4.0 1 1 
	        734.54  4694.0907  4694.0914   4.0 1 1 
	        828.65 4690.62276  4690.6219   4.0 1 1 
	        947.11 4686.19341  4686.1946   4.0 1 1 
	       1022.17 4683.35009  4683.3517   4.0 1 1 
	       1103.44 4680.23951  4680.2377   4.0 1 1 
	       1155.37  4678.2342  4678.2352   4.0 1 1 
	       1187.84 4676.97353  4676.9721   4.0 1 1 
	       1211.31 4676.05938  4676.0555   4.0 1 1 
	       1228.82   4675.375   4675.376   4.0 1 1 
	       1272.51 4673.66133  4673.6609   4.0 1 1 
	       1303.63 4672.43512  4672.4372   4.0 1 1 
	       1365.44 4669.98487  4669.9842   4.0 1 1 
	       1410.86 4668.17179  4668.1716   4.0 1 1 
	       1445.09 4666.79882  4666.7985   4.0 1 1 
	       1464.79 4666.00599   4666.005   4.0 1 1 
	       1490.45 4664.97036  4664.9704   4.0 1 1 
	       1534.08 4663.20241  4663.2026   4.0 1 1 
	       1549.03 4662.59404  4662.5936   4.0 1 1 
	       1602.99 4660.39013  4660.3941   4.0 1 1 
	       1663.51 4657.90102  4657.9012   4.0 1 1 
	       1696.11  4656.5531  4656.5518   4.0 1 1 
	       1728.43   4655.211  4655.2126   4.0 1 1 
	       1805.54 4651.98902  4651.9895   4.0 1 1 
	       1815.82 4651.55744  4651.5552   4.0 1 1 
	       1847.22 4650.23554  4650.2343   4.0 1 1 
	       1931.05 4646.68328  4646.6861   4.0 1 1 
	       1977.26 4644.71036  4644.7072   4.0 1 1 
	       2004.21 4643.55512  4643.5566   4.0 1 1 
	function chebyshev
	order 5
	sample *
	naverage 1
	niterate 2000
	low_reject 3.
	high_reject 3.
	grow 0.
	coefficients	9
		1.
		5.
		202.7905426025391
		2004.214599609375
		4679.216896178901
		-34.64819949539129
		-1.018916915679407
		0.004091632920319352
		0.001247184471909416

# Fri 10:52:44 11-Mar-2022
begin	identify iazcomp.0014 - Ap 14
	id	iazcomp.0014
	task	identify
	image	iazcomp.0014 - Ap 14
	aperture	14
	aplow	1144.09
	aphigh	1152.95
	units	Angstroms
	features	42
	        187.56  4712.8439  4712.8408   4.0 1 1 
	        198.30 4712.47917  4712.4814   4.0 1 1 
	        212.29  4712.0033  4712.0056   4.0 1 1 
	        320.35 4708.29479   4708.294   4.0 1 1 
	        379.15 4706.25262  4706.2511   4.0 1 1 
	        393.25 4705.76012  4705.7606   4.0 1 1 
	        443.69 4703.99118  4703.9898   4.0 1 1 
	        461.71 4703.35593  4703.3581   4.0 1 1 
	        491.08 4702.31735  4702.3161   4.0 1 1 
	        534.58 4700.77091  4700.7711   4.0 1 1 
	        552.20 4700.14205  4700.1402   4.0 1 1 
	        682.19 4695.45288  4695.4542   4.0 1 1 
	        693.66   4695.035  4695.0381   4.0 1 1 
	        719.49 4694.09138  4694.0914   4.0 1 1 
	        813.63 4690.62438  4690.6219   4.0 1 1 
	        922.22 4686.56975  4686.5715   4.0 1 1 
	        932.18 4686.19478  4686.1946   4.0 1 1 
	       1007.26 4683.35229  4683.3517   4.0 1 1 
	       1140.59 4678.23453  4678.2352   4.0 1 1 
	       1173.11 4676.97247  4676.9721   4.0 1 1 
	       1214.09 4675.37486   4675.376   4.0 1 1 
	       1257.78  4673.6621  4673.6609   4.0 1 1 
	       1288.87 4672.43726  4672.4372   4.0 1 1 
	       1350.74 4669.98561  4669.9842   4.0 1 1 
	       1396.22 4668.17162  4668.1716   4.0 1 1 
	       1430.46  4666.7987  4666.7985   4.0 1 1 
	       1437.49 4666.51634  4666.5158   4.0 1 1 
	       1450.17 4666.00611   4666.005   4.0 1 1 
	       1475.90 4664.96819  4664.9704   4.0 1 1 
	       1519.49 4663.20236  4663.2026   4.0 1 1 
	       1534.45 4662.59412  4662.5936   4.0 1 1 
	       1608.44 4659.56986  4659.5698   4.0 1 1 
	       1649.01 4657.90027  4657.9012   4.0 1 1 
	       1681.56 4656.55481  4656.5518   4.0 1 1 
	       1713.99  4655.2092  4655.2126   4.0 1 1 
	       1791.15 4651.98729  4651.9895   4.0 1 1 
	       1801.41 4651.55643  4651.5552   4.0 1 1 
	       1832.80 4650.23599  4650.2343   4.0 1 1 
	       1903.35 4647.25114  4647.2509   4.0 1 1 
	       1916.69 4646.68411  4646.6861   4.0 1 1 
	       1962.98 4644.70965  4644.7072   4.0 1 1 
	       1989.93  4643.5557  4643.5566   4.0 1 1 
	function chebyshev
	order 5
	sample *
	naverage 1
	niterate 2000
	low_reject 3.
	high_reject 3.
	grow 0.
	coefficients	9
		1.
		5.
		187.5570068359375
		1989.92626953125
		4679.215337872701
		-34.64800376789415
		-1.017750836255485
		0.003904277116567624
		0.002212388181501877

# Tue 15:08:32 29-Mar-2022
begin	identify iazcomp.0014 - Ap 14
	id	iazcomp.0014
	task	identify
	image	iazcomp.0014 - Ap 14
	aperture	14
	aplow	1144.09
	aphigh	1152.95
	units	Angstroms
	features	42
	        188.31 4712.84182  4712.8408   4.0 1 1 
	        198.99 4712.47908  4712.4814   4.0 1 1 
	        212.93 4712.00468  4712.0056   4.0 1 1 
	        321.00 4708.29577   4708.294   4.0 1 1 
	        379.81 4706.25294  4706.2511   4.0 1 1 
	        393.93 4705.75987  4705.7606   4.0 1 1 
	        444.36 4703.99077  4703.9898   4.0 1 1 
	        462.34 4703.35707  4703.3581   4.0 1 1 
	        491.74 4702.31737  4702.3161   4.0 1 1 
	        535.25 4700.77037  4700.7711   4.0 1 1 
	        552.82 4700.14303  4700.1402   4.0 1 1 
	        682.82 4695.45288  4695.4542   4.0 1 1 
	        694.30 4695.03472  4695.0381   4.0 1 1 
	        720.13 4694.09104  4694.0914   4.0 1 1 
	        814.27 4690.62371  4690.6219   4.0 1 1 
	        922.86 4686.56816  4686.5715   4.0 1 1 
	        932.79 4686.19439  4686.1946   4.0 1 1 
	       1007.87 4683.35191  4683.3517   4.0 1 1 
	       1141.16 4678.23482  4678.2352   4.0 1 1 
	       1173.66 4676.97357  4676.9721   4.0 1 1 
	       1214.64  4675.3759   4675.376   4.0 1 1 
	       1258.35  4673.6623  4673.6609   4.0 1 1 
	       1289.48 4672.43595  4672.4372   4.0 1 1 
	       1351.31 4669.98574  4669.9842   4.0 1 1 
	       1396.76  4668.1725  4668.1716   4.0 1 1 
	       1431.02 4666.79891  4666.7985   4.0 1 1 
	       1438.04 4666.51661  4666.5158   4.0 1 1 
	       1450.73 4666.00617   4666.005   4.0 1 1 
	       1476.41 4664.97002  4664.9704   4.0 1 1 
	       1520.04 4663.20227  4663.2026   4.0 1 1 
	       1535.04 4662.59276  4662.5936   4.0 1 1 
	       1608.98 4659.57002  4659.5698   4.0 1 1 
	       1649.54 4657.90065  4657.9012   4.0 1 1 
	       1682.13  4656.5534  4656.5518   4.0 1 1 
	       1714.51 4655.20983  4655.2126   4.0 1 1 
	       1791.67 4651.98783  4651.9895   4.0 1 1 
	       1801.96 4651.55583  4651.5552   4.0 1 1 
	       1833.35 4650.23502  4650.2343   4.0 1 1 
	       1903.88 4647.25044  4647.2509   4.0 1 1 
	       1917.24 4646.68238  4646.6861   4.0 1 1 
	       1963.44  4644.7117  4644.7072   4.0 1 1 
	       1990.41 4643.55631  4643.5566   4.0 1 1 
	function chebyshev
	order 5
	sample *
	naverage 1
	niterate 2000
	low_reject 3.
	high_reject 3.
	grow 0.
	coefficients	9
		1.
		5.
		188.3074188232422
		1990.412963867188
		4679.214577117917
		-34.6465261958601
		-1.017540036144838
		0.00376918939441921
		0.002027149728308302

# Mon 19:00:41 30-Jan-2023
begin	identify iazcomp.0014 - Ap 14
	id	iazcomp.0014
	task	identify
	image	iazcomp.0014 - Ap 14
	aperture	14
	aplow	1144.09
	aphigh	1152.95
	units	Angstroms
	features	48
	        199.97 4712.84398  4712.8408   4.0 1 1 
	        210.74 4712.47817  4712.4814   4.0 1 1 
	        224.80 4712.00013  4712.0056   4.0 1 1 
	        259.13 4710.82855  4710.8238   4.0 1 1 
	        332.79 4708.29425   4708.294   4.0 1 1 
	        391.53 4706.25407  4706.2511   4.0 1 1 
	        405.71 4705.75895  4705.7606   4.0 1 1 
	        456.11 4703.99106  4703.9898   4.0 1 1 
	        474.15 4703.35506  4703.3581   4.0 1 1 
	        503.49  4702.3173  4702.3161   4.0 1 1 
	        546.97 4700.77142  4700.7711   4.0 1 1 
	        564.55 4700.14363  4700.1402   4.0 1 1 
	        694.53 4695.45362  4695.4542   4.0 1 1 
	        706.02 4695.03481  4695.0381   4.0 1 1 
	        731.86 4694.09085  4694.0914   4.0 1 1 
	        825.97 4690.62361  4690.6219   4.0 1 1 
	        934.51 4686.56919  4686.5715   4.0 1 1 
	        944.45 4686.19486  4686.1946   4.0 1 1 
	       1019.52 4683.35181  4683.3517   4.0 1 1 
	       1035.91 4682.72696  4682.7322   4.0 1 1 
	       1090.37 4680.64221   4680.646   4.0 1 1 
	       1100.79 4680.24148  4680.2377   4.0 1 1 
	       1152.75 4678.23555  4678.2352   4.0 1 1 
	       1185.27 4676.97313  4676.9721   4.0 1 1 
	       1208.69 4676.06077  4676.0555   4.0 1 1 
	       1226.24 4675.37502   4675.376   4.0 1 1 
	       1269.92 4673.66213  4673.6609   4.0 1 1 
	       1301.03 4672.43619  4672.4372   4.0 1 1 
	       1362.85 4669.98555  4669.9842   4.0 1 1 
	       1408.30 4668.17188  4668.1716   4.0 1 1 
	       1442.52 4666.79914  4666.7985   4.0 1 1 
	       1449.54 4666.51682  4666.5158   4.0 1 1 
	       1462.23 4666.00625   4666.005   4.0 1 1 
	       1487.91 4664.96982  4664.9704   4.0 1 1 
	       1531.51 4663.20289  4663.2026   4.0 1 1 
	       1546.47 4662.59447  4662.5936   4.0 1 1 
	       1600.48 4660.38877  4660.3941   4.0 1 1 
	       1620.45 4659.56949  4659.5698   4.0 1 1 
	       1660.99  4657.9002  4657.9012   4.0 1 1 
	       1693.53 4656.55467  4656.5518   4.0 1 1 
	       1725.90 4655.21109  4655.2126   4.0 1 1 
	       1803.08 4651.98665  4651.9895   4.0 1 1 
	       1813.32 4651.55686  4651.5552   4.0 1 1 
	       1844.71 4650.23596  4650.2343   4.0 1 1 
	       1915.24 4647.25028  4647.2509   4.0 1 1 
	       1928.56 4646.68344  4646.6861   4.0 1 1 
	       1974.80 4644.71063  4644.7072   4.0 1 1 
	       2001.74 4643.55617  4643.5566   4.0 1 1 
	function chebyshev
	order 5
	sample *
	naverage 1
	niterate 2000
	low_reject 3.
	high_reject 3.
	grow 0.
	coefficients	9
		1.
		5.
		199.968994140625
		2001.73974609375
		4679.217708096342
		-34.64835829509007
		-1.019500054215557
		0.004453385145175562
		0.001869608124867211

# Fri 11:53:39 03-Feb-2023
begin	identify iazcomp.0014 - Ap 14
	id	iazcomp.0014
	task	identify
	image	iazcomp.0014 - Ap 14
	aperture	14
	aplow	1144.09
	aphigh	1152.95
	units	Angstroms
	features	48
	        198.64  4712.8417  4712.8408   4.0 1 1 
	        209.38 4712.47702  4712.4814   4.0 1 1 
	        223.32 4712.00324  4712.0056   4.0 1 1 
	        257.73 4710.82922  4710.8238   4.0 1 1 
	        331.42 4708.29457   4708.294   4.0 1 1 
	        390.16 4706.25503  4706.2511   4.0 1 1 
	        404.37 4705.75916  4705.7606   4.0 1 1 
	        454.78 4703.99128  4703.9898   4.0 1 1 
	        472.91 4703.35229  4703.3581   4.0 1 1 
	        502.16 4702.31775  4702.3161   4.0 1 1 
	        545.68 4700.77068  4700.7711   4.0 1 1 
	        563.24 4700.14377  4700.1402   4.0 1 1 
	        693.25 4695.45362  4695.4542   4.0 1 1 
	        704.73  4695.0353  4695.0381   4.0 1 1 
	        730.57 4694.09145  4694.0914   4.0 1 1 
	        824.71 4690.62393  4690.6219   4.0 1 1 
	        933.30 4686.56817  4686.5715   4.0 1 1 
	        943.21 4686.19489  4686.1946   4.0 1 1 
	       1018.29 4683.35206  4683.3517   4.0 1 1 
	       1034.66 4682.72832  4682.7322   4.0 1 1 
	       1089.18 4680.64121   4680.646   4.0 1 1 
	       1099.60 4680.24084  4680.2377   4.0 1 1 
	       1151.55 4678.23537  4678.2352   4.0 1 1 
	       1184.05 4676.97389  4676.9721   4.0 1 1 
	       1207.49 4676.06086  4676.0555   4.0 1 1 
	       1225.04 4675.37532   4675.376   4.0 1 1 
	       1268.73 4673.66227  4673.6609   4.0 1 1 
	       1299.89 4672.43456  4672.4372   4.0 1 1 
	       1361.67  4669.9859  4669.9842   4.0 1 1 
	       1407.13 4668.17197  4668.1716   4.0 1 1 
	       1441.36 4666.79937  4666.7985   4.0 1 1 
	       1448.39 4666.51666  4666.5158   4.0 1 1 
	       1461.05 4666.00687   4666.005   4.0 1 1 
	       1486.77 4664.96911  4664.9704   4.0 1 1 
	       1530.37  4663.2025  4663.2026   4.0 1 1 
	       1545.30 4662.59518  4662.5936   4.0 1 1 
	       1599.29  4660.3904  4660.3941   4.0 1 1 
	       1619.29 4659.56991  4659.5698   4.0 1 1 
	       1659.84  4657.9005  4657.9012   4.0 1 1 
	       1692.43  4656.5531  4656.5518   4.0 1 1 
	       1724.79 4655.21005  4655.2126   4.0 1 1 
	       1801.93  4651.9876  4651.9895   4.0 1 1 
	       1812.19  4651.5567  4651.5552   4.0 1 1 
	       1843.57 4650.23588  4650.2343   4.0 1 1 
	       1914.11  4647.2502  4647.2509   4.0 1 1 
	       1927.45 4646.68255  4646.6861   4.0 1 1 
	       1973.65 4644.71102  4644.7072   4.0 1 1 
	       2000.60 4643.55657  4643.5566   4.0 1 1 
	function chebyshev
	order 5
	sample *
	naverage 1
	niterate 2000
	low_reject 3.
	high_reject 3.
	grow 0.
	coefficients	9
		1.
		5.
		198.6384735107422
		2000.595336914063
		4679.217892333779
		-34.64686773377773
		-1.020511641014424
		0.004305368366488434
		0.001756548468667007

# Mon 14:50:43 06-Feb-2023
begin	identify iazcomp.0014 - Ap 14
	id	iazcomp.0014
	task	identify
	image	iazcomp.0014 - Ap 14
	aperture	14
	aplow	1144.09
	aphigh	1152.95
	units	Angstroms
	features	48
	        196.10 4712.84133  4712.8408   4.0 1 1 
	        206.83  4712.4773  4712.4814   4.0 1 1 
	        220.73 4712.00476  4712.0056   4.0 1 1 
	        255.25 4710.82735  4710.8238   4.0 1 1 
	        328.90 4708.29522   4708.294   4.0 1 1 
	        387.76 4706.25219  4706.2511   4.0 1 1 
	        401.88 4705.75947  4705.7606   4.0 1 1 
	        452.33 4703.99082  4703.9898   4.0 1 1 
	        470.32 4703.35702  4703.3581   4.0 1 1 
	        499.72 4702.31749  4702.3161   4.0 1 1 
	        543.24 4700.77098  4700.7711   4.0 1 1 
	        560.85 4700.14244  4700.1402   4.0 1 1 
	        690.89 4695.45292  4695.4542   4.0 1 1 
	        702.36 4695.03525  4695.0381   4.0 1 1 
	        728.20  4694.0914  4694.0914   4.0 1 1 
	        822.38 4690.62349  4690.6219   4.0 1 1 
	        930.96 4686.56959  4686.5715   4.0 1 1 
	        940.91 4686.19475  4686.1946   4.0 1 1 
	       1016.01 4683.35187  4683.3517   4.0 1 1 
	       1032.42 4682.72685  4682.7322   4.0 1 1 
	       1086.92 4680.64168   4680.646   4.0 1 1 
	       1097.34 4680.24119  4680.2377   4.0 1 1 
	       1149.33 4678.23479  4678.2352   4.0 1 1 
	       1181.83 4676.97362  4676.9721   4.0 1 1 
	       1205.28 4676.06057  4676.0555   4.0 1 1 
	       1222.81 4675.37588   4675.376   4.0 1 1 
	       1266.53 4673.66218  4673.6609   4.0 1 1 
	       1297.66 4672.43608  4672.4372   4.0 1 1 
	       1359.50 4669.98565  4669.9842   4.0 1 1 
	       1404.96 4668.17208  4668.1716   4.0 1 1 
	       1439.21 4666.79915  4666.7985   4.0 1 1 
	       1446.24 4666.51634  4666.5158   4.0 1 1 
	       1458.91 4666.00677   4666.005   4.0 1 1 
	       1484.60 4664.97015  4664.9704   4.0 1 1 
	       1528.24 4663.20251  4663.2026   4.0 1 1 
	       1543.18 4662.59497  4662.5936   4.0 1 1 
	       1597.20 4660.38943  4660.3941   4.0 1 1 
	       1617.20 4659.56955  4659.5698   4.0 1 1 
	       1657.74 4657.90073  4657.9012   4.0 1 1 
	       1690.35 4656.55267  4656.5518   4.0 1 1 
	       1722.69 4655.21075  4655.2126   4.0 1 1 
	       1799.86 4651.98795  4651.9895   4.0 1 1 
	       1810.14 4651.55646  4651.5552   4.0 1 1 
	       1841.54 4650.23533  4650.2343   4.0 1 1 
	       1912.07 4647.25045  4647.2509   4.0 1 1 
	       1925.41 4646.68321  4646.6861   4.0 1 1 
	       1971.64  4644.7107  4644.7072   4.0 1 1 
	       1998.58 4643.55647  4643.5566   4.0 1 1 
	function chebyshev
	order 5
	sample *
	naverage 1
	niterate 2000
	low_reject 3.
	high_reject 3.
	grow 0.
	coefficients	9
		1.
		5.
		196.0999298095703
		1998.584594726562
		4679.218206269479
		-34.64663520531699
		-1.021037709575652
		0.004203388804924081
		0.001731169594841032

# Mon 15:26:44 27-Feb-2023
begin	identify iazcomp.0014 - Ap 14
	id	iazcomp.0014
	task	identify
	image	iazcomp.0014 - Ap 14
	aperture	14
	aplow	1144.09
	aphigh	1152.95
	units	Angstroms
	features	37
	        201.02 4712.84283  4712.8408   4.0 1 1 
	        211.71 4712.47993  4712.4814   4.0 1 1 
	        225.70 4712.00369  4712.0056   4.0 1 1 
	        333.72 4708.29523   4708.294   4.0 1 1 
	        392.50 4706.25309  4706.2511   4.0 1 1 
	        406.64 4705.75942  4705.7606   4.0 1 1 
	        457.04  4703.9911  4703.9898   4.0 1 1 
	        475.07 4703.35529  4703.3581   4.0 1 1 
	        504.40  4702.3175  4702.3161   4.0 1 1 
	        547.86  4700.7723  4700.7711   4.0 1 1 
	        695.44 4695.45331  4695.4542   4.0 1 1 
	        706.92 4695.03504  4695.0381   4.0 1 1 
	        732.73 4694.09182  4694.0914   4.0 1 1 
	        826.86 4690.62387  4690.6219   4.0 1 1 
	        935.35  4686.5709  4686.5715   4.0 1 1 
	        945.33 4686.19508  4686.1946   4.0 1 1 
	       1020.39 4683.35215  4683.3517   4.0 1 1 
	       1091.22 4680.64301   4680.646   4.0 1 1 
	       1153.63 4678.23498  4678.2352   4.0 1 1 
	       1186.12 4676.97374  4676.9721   4.0 1 1 
	       1227.07 4675.37601   4675.376   4.0 1 1 
	       1270.76 4673.66233  4673.6609   4.0 1 1 
	       1301.87 4672.43629  4672.4372   4.0 1 1 
	       1363.68  4669.9858  4669.9842   4.0 1 1 
	       1443.34 4666.79921  4666.7985   4.0 1 1 
	       1463.04 4666.00626   4666.005   4.0 1 1 
	       1488.73 4664.96933  4664.9704   4.0 1 1 
	       1532.32 4663.20238  4663.2026   4.0 1 1 
	       1547.27 4662.59454  4662.5936   4.0 1 1 
	       1601.21 4660.39114  4660.3941   4.0 1 1 
	       1661.76 4657.90062  4657.9012   4.0 1 1 
	       1694.37 4656.55198  4656.5518   4.0 1 1 
	       1726.68 4655.21076  4655.2126   4.0 1 1 
	       1803.78 4651.98922  4651.9895   4.0 1 1 
	       1814.08  4651.5571  4651.5552   4.0 1 1 
	       1845.46 4650.23624  4650.2343   4.0 1 1 
	       1929.29 4646.68501  4646.6861   4.0 1 1 
	function chebyshev
	order 5
	sample *
	naverage 1
	niterate 2000
	low_reject 3.
	high_reject 3.
	grow 0.
	coefficients	9
		1.
		5.
		201.0247344970703
		1929.2861328125
		4680.701272474656
		-33.08188618959925
		-0.9395135465713859
		0.002976651274452207
		0.002163992042752784

# Tue 13:40:09 16-May-2023
begin	identify iazcomp.0014 - Ap 14
	id	iazcomp.0014
	task	identify
	image	iazcomp.0014 - Ap 14
	aperture	14
	aplow	1144.09
	aphigh	1152.95
	units	Angstroms
	features	37
	        200.21  4712.8428  4712.8408   4.0 1 1 
	        210.93  4712.4789  4712.4814   4.0 1 1 
	        224.88 4712.00417  4712.0056   4.0 1 1 
	        332.97  4708.2946   4708.294   4.0 1 1 
	        391.69 4706.25509  4706.2511   4.0 1 1 
	        405.87 4705.75988  4705.7606   4.0 1 1 
	        456.30 4703.99116  4703.9898   4.0 1 1 
	        474.32 4703.35586  4703.3581   4.0 1 1 
	        503.67 4702.31785  4702.3161   4.0 1 1 
	        547.20 4700.77014  4700.7711   4.0 1 1 
	        694.73 4695.45335  4695.4542   4.0 1 1 
	        706.21 4695.03526  4695.0381   4.0 1 1 
	        732.04 4694.09151  4694.0914   4.0 1 1 
	        826.17 4690.62379  4690.6219   4.0 1 1 
	        934.70 4686.56958  4686.5715   4.0 1 1 
	        944.64 4686.19525  4686.1946   4.0 1 1 
	       1019.70 4683.35232  4683.3517   4.0 1 1 
	       1090.54 4680.64316   4680.646   4.0 1 1 
	       1152.96 4678.23489  4678.2352   4.0 1 1 
	       1185.42 4676.97476  4676.9721   4.0 1 1 
	       1226.40 4675.37652   4675.376   4.0 1 1 
	       1270.11 4673.66221  4673.6609   4.0 1 1 
	       1301.22 4672.43606  4672.4372   4.0 1 1 
	       1363.03 4669.98571  4669.9842   4.0 1 1 
	       1442.69 4666.79953  4666.7985   4.0 1 1 
	       1462.40  4666.0066   4666.005   4.0 1 1 
	       1488.10 4664.96943  4664.9704   4.0 1 1 
	       1531.68 4663.20303  4663.2026   4.0 1 1 
	       1546.68 4662.59312  4662.5936   4.0 1 1 
	       1600.57 4660.39195  4660.3941   4.0 1 1 
	       1661.16 4657.90036  4657.9012   4.0 1 1 
	       1693.76 4656.55213  4656.5518   4.0 1 1 
	       1726.12 4655.20918  4655.2126   4.0 1 1 
	       1803.22 4651.98858  4651.9895   4.0 1 1 
	       1813.47 4651.55794  4651.5552   4.0 1 1 
	       1844.87 4650.23662  4650.2343   4.0 1 1 
	       1928.72 4646.68521  4646.6861   4.0 1 1 
	function chebyshev
	order 5
	sample *
	naverage 1
	niterate 2000
	low_reject 3.
	high_reject 3.
	grow 0.
	coefficients	9
		1.
		5.
		200.2107543945312
		1928.719848632813
		4680.701719470862
		-33.08237512295508
		-0.939721244551516
		0.003579736155263092
		0.002009854634873458

# Mon 15:28:26 14-Aug-2023
begin	identify iazcomp.0014 - Ap 14
	id	iazcomp.0014
	task	identify
	image	iazcomp.0014 - Ap 14
	aperture	14
	aplow	1144.09
	aphigh	1152.95
	units	Angstroms
	features	37
	        203.90 4712.84236  4712.8408   4.0 1 1 
	        214.61 4712.47872  4712.4814   4.0 1 1 
	        228.54 4712.00459  4712.0056   4.0 1 1 
	        336.56 4708.29594   4708.294   4.0 1 1 
	        395.33 4706.25381  4706.2511   4.0 1 1 
	        409.48 4705.75974  4705.7606   4.0 1 1 
	        459.87 4703.99116  4703.9898   4.0 1 1 
	        477.88 4703.35596  4703.3581   4.0 1 1 
	        507.23 4702.31742  4702.3161   4.0 1 1 
	        550.71 4700.77088  4700.7711   4.0 1 1 
	        698.22 4695.45301  4695.4542   4.0 1 1 
	        709.68 4695.03537  4695.0381   4.0 1 1 
	        735.49 4694.09185  4694.0914   4.0 1 1 
	        829.58 4690.62423  4690.6219   4.0 1 1 
	        938.09 4686.56892  4686.5715   4.0 1 1 
	        948.02 4686.19487  4686.1946   4.0 1 1 
	       1023.05 4683.35223  4683.3517   4.0 1 1 
	       1093.86 4680.64315   4680.646   4.0 1 1 
	       1156.26 4678.23455  4678.2352   4.0 1 1 
	       1188.69 4676.97507  4676.9721   4.0 1 1 
	       1229.65 4675.37671   4675.376   4.0 1 1 
	       1273.35 4673.66247  4673.6609   4.0 1 1 
	       1304.45 4672.43622  4672.4372   4.0 1 1 
	       1366.25  4669.9856  4669.9842   4.0 1 1 
	       1445.88 4666.79933  4666.7985   4.0 1 1 
	       1465.58 4666.00661   4666.005   4.0 1 1 
	       1491.26 4664.96974  4664.9704   4.0 1 1 
	       1534.85 4663.20274  4663.2026   4.0 1 1 
	       1549.77 4662.59556  4662.5936   4.0 1 1 
	       1603.78 4660.38905  4660.3941   4.0 1 1 
	       1664.28  4657.9003  4657.9012   4.0 1 1 
	       1696.87 4656.55227  4656.5518   4.0 1 1 
	       1729.20 4655.21016  4655.2126   4.0 1 1 
	       1806.31 4651.98841  4651.9895   4.0 1 1 
	       1816.56 4651.55763  4651.5552   4.0 1 1 
	       1847.96 4650.23627  4650.2343   4.0 1 1 
	       1931.77 4646.68559  4646.6861   4.0 1 1 
	function chebyshev
	order 5
	sample *
	naverage 1
	niterate 2000
	low_reject 3.
	high_reject 3.
	grow 0.
	coefficients	9
		1.
		5.
		203.9004516601563
		1931.770141601563
		4680.700843089154
		-33.08231922872153
		-0.9388728143896212
		0.003935496371962843
		0.002001960290291435

# Mon 16:08:51 14-Aug-2023
begin	identify iazcomp.0014 - Ap 14
	id	iazcomp.0014
	task	identify
	image	iazcomp.0014 - Ap 14
	aperture	14
	aplow	1144.09
	aphigh	1152.95
	units	Angstroms
	features	37
	        203.88  4712.8437  4712.8408   4.0 1 1 
	        214.58  4712.4802  4712.4814   4.0 1 1 
	        228.63 4712.00205  4712.0056   4.0 1 1 
	        336.58   4708.296   4708.294   4.0 1 1 
	        395.36 4706.25359  4706.2511   4.0 1 1 
	        409.52 4705.75883  4705.7606   4.0 1 1 
	        459.89 4703.99133  4703.9898   4.0 1 1 
	        477.91 4703.35591  4703.3581   4.0 1 1 
	        507.27 4702.31736  4702.3161   4.0 1 1 
	        550.77 4700.77041  4700.7711   4.0 1 1 
	        698.26  4695.4541  4695.4542   4.0 1 1 
	        709.75 4695.03539  4695.0381   4.0 1 1 
	        735.57 4694.09193  4694.0914   4.0 1 1 
	        829.68 4690.62441  4690.6219   4.0 1 1 
	        938.20 4686.57004  4686.5715   4.0 1 1 
	        948.16 4686.19468  4686.1946   4.0 1 1 
	       1023.20 4683.35256  4683.3517   4.0 1 1 
	       1094.03 4680.64315   4680.646   4.0 1 1 
	       1156.45 4678.23474  4678.2352   4.0 1 1 
	       1188.92 4676.97411  4676.9721   4.0 1 1 
	       1229.88   4675.376   4675.376   4.0 1 1 
	       1273.56 4673.66251  4673.6609   4.0 1 1 
	       1304.69 4672.43559  4672.4372   4.0 1 1 
	       1366.48 4669.98577  4669.9842   4.0 1 1 
	       1446.14  4666.7991  4666.7985   4.0 1 1 
	       1465.84 4666.00648   4666.005   4.0 1 1 
	       1491.51  4664.9702  4664.9704   4.0 1 1 
	       1535.12 4663.20261  4663.2026   4.0 1 1 
	       1550.08 4662.59408  4662.5936   4.0 1 1 
	       1604.03 4660.39036  4660.3941   4.0 1 1 
	       1664.55  4657.9009  4657.9012   4.0 1 1 
	       1697.17  4656.5522  4656.5518   4.0 1 1 
	       1729.49 4655.21032  4655.2126   4.0 1 1 
	       1806.60 4651.98882  4651.9895   4.0 1 1 
	       1816.86 4651.55799  4651.5552   4.0 1 1 
	       1848.27 4650.23626  4650.2343   4.0 1 1 
	       1932.10 4646.68482  4646.6861   4.0 1 1 
	function chebyshev
	order 5
	sample *
	naverage 1
	niterate 2000
	low_reject 3.
	high_reject 3.
	grow 0.
	coefficients	9
		1.
		5.
		203.8835144042969
		1932.10498046875
		4680.70096780761
		-33.08263581375662
		-0.9388824486311145
		0.003192317098621313
		0.002173605434005495

