# Tue 22:46:16 07-Sep-2021
begin	identify iazcomp.0038 - Ap 38
	id	iazcomp.0038
	task	identify
	image	iazcomp.0038 - Ap 38
	aperture	38
	aplow	1486.94
	aphigh	1494.9
	units	Angstroms
	features	25
	        107.06 6892.25045  6892.2502   4.0 1 1 
	        166.98 6889.30183  6889.3032   4.0 1 1 
	        189.75 6888.17483  6888.1742   4.0 1 1 
	        211.62 6887.08854  6887.0881   4.0 1 1 
	        455.25 6874.75347   6874.753   4.0 1 1 
	        522.18 6871.28921  6871.2891   4.0 1 1 
	        576.51 6868.45262  6868.4508   4.0 1 1 
	        608.70 6866.76183  6866.7634   4.0 1 1 
	        669.77 6863.53358   6863.535   4.0 1 1 
	        712.32 6861.26781  6861.2688   4.0 1 1 
	        816.00 6855.69145  6855.6891   4.0 1 1 
	        845.16  6854.1087  6854.1093   4.0 1 1 
	       1189.90  6834.9245  6834.9246   4.0 1 1 
	       1225.53 6832.89133  6832.8927   4.0 1 1 
	       1292.68 6829.03518  6829.0355   4.0 1 1 
	       1323.54 6827.25137  6827.2488   4.0 1 1 
	       1367.88 6824.67713  6824.6774   4.0 1 1 
	       1569.67 6812.77666  6812.7752   4.0 1 1 
	       1606.85 6810.55156  6810.5494   4.0 1 1 
	       1627.47 6809.31298  6809.3173   4.0 1 1 
	       1640.49 6808.52949  6808.5311   4.0 1 1 
	       1805.54 6798.48916  6798.4868   4.0 1 1 
	       1922.81 6791.23469  6791.2351   4.0 1 1 
	       1961.17  6788.8397  6788.8403   4.0 1 1 
	       1978.79 6787.73673  6787.7364   4.0 1 1 
	function chebyshev
	order 5
	sample *
	naverage 1
	niterate 2000
	low_reject 3.
	high_reject 3.
	grow 0.
	coefficients	9
		1.
		5.
		107.0603179931641
		1978.786254882812
		6841.600633167603
		-52.25658167360783
		-1.60849811725625
		-2.762080922507810E-4
		0.001456413137589641

# Fri 11:04:09 11-Mar-2022
begin	identify iazcomp.0038 - Ap 38
	id	iazcomp.0038
	task	identify
	image	iazcomp.0038 - Ap 38
	aperture	38
	aplow	1486.94
	aphigh	1494.9
	units	Angstroms
	features	30
	         90.98 6892.24957  6892.2502   4.0 1 1 
	        150.85 6889.30356  6889.3032   4.0 1 1 
	        173.65 6888.17478  6888.1742   4.0 1 1 
	        195.53 6887.08825  6887.0881   4.0 1 1 
	        344.83 6879.58188  6879.5824   4.0 1 1 
	        439.24 6874.75276   6874.753   4.0 1 1 
	        506.20 6871.28828  6871.2891   4.0 1 1 
	        560.53 6868.45359  6868.4508   4.0 1 1 
	        592.75 6866.76196  6866.7634   4.0 1 1 
	        653.83 6863.53468   6863.535   4.0 1 1 
	        696.42 6861.26833  6861.2688   4.0 1 1 
	        800.17 6855.69169  6855.6891   4.0 1 1 
	        807.13 6855.31437   6855.315   4.0 1 1 
	        829.36 6854.10827  6854.1093   4.0 1 1 
	       1097.09  6839.2929  6839.2949   4.0 1 1 
	       1174.23 6834.92571  6834.9246   4.0 1 1 
	       1209.89 6832.89229  6832.8927   4.0 1 1 
	       1277.08 6829.03568  6829.0355   4.0 1 1 
	       1307.97 6827.25117  6827.2488   4.0 1 1 
	       1352.30   6824.678  6824.6774   4.0 1 1 
	       1372.40 6823.50651  6823.5084   4.0 1 1 
	       1506.59 6815.61009  6815.6123   4.0 1 1 
	       1554.22 6812.77586  6812.7752   4.0 1 1 
	       1558.96 6812.49251  6812.4915   4.0 1 1 
	       1591.40 6810.55181  6810.5494   4.0 1 1 
	       1625.07 6808.52894  6808.5311   4.0 1 1 
	       1790.23 6798.48706  6798.4868   4.0 1 1 
	       1907.56 6791.23414  6791.2351   4.0 1 1 
	       1945.95    6788.84  6788.8403   4.0 1 1 
	       1963.57 6787.73737  6787.7364   4.0 1 1 
	function chebyshev
	order 5
	sample *
	naverage 1
	niterate 2000
	low_reject 3.
	high_reject 3.
	grow 0.
	coefficients	9
		1.
		5.
		90.9796142578125
		1963.57080078125
		6841.597610868969
		-52.25559318458008
		-1.606821325032233
		-5.071232337702920E-4
		0.002681167265992381

# Tue 15:32:32 29-Mar-2022
begin	identify iazcomp.0038 - Ap 38
	id	iazcomp.0038
	task	identify
	image	iazcomp.0038 - Ap 38
	aperture	38
	aplow	1486.94
	aphigh	1494.9
	units	Angstroms
	features	29
	         91.53 6892.25351  6892.2502   4.0 1 1 
	        151.55 6889.30026  6889.3032   4.0 1 1 
	        174.32 6888.17327  6888.1742   4.0 1 1 
	        196.20 6887.08721  6887.0881   4.0 1 1 
	        345.48 6879.58275  6879.5824   4.0 1 1 
	        439.90 6874.75326   6874.753   4.0 1 1 
	        506.85 6871.28938  6871.2891   4.0 1 1 
	        561.21  6868.4528  6868.4508   4.0 1 1 
	        593.42 6866.76193  6866.7634   4.0 1 1 
	        654.49 6863.53492   6863.535   4.0 1 1 
	        697.06 6861.26945  6861.2688   4.0 1 1 
	        800.85 6855.68988  6855.6891   4.0 1 1 
	        807.77 6855.31479   6855.315   4.0 1 1 
	        829.98 6854.10967  6854.1093   4.0 1 1 
	       1097.72  6839.2916  6839.2949   4.0 1 1 
	       1174.83 6834.92574  6834.9246   4.0 1 1 
	       1210.50  6832.8913  6832.8927   4.0 1 1 
	       1277.66 6829.03597  6829.0355   4.0 1 1 
	       1308.54 6827.25201  6827.2488   4.0 1 1 
	       1352.89 6824.67721  6824.6774   4.0 1 1 
	       1372.99 6823.50592  6823.5084   4.0 1 1 
	       1554.78 6812.77575  6812.7752   4.0 1 1 
	       1559.51  6812.4933  6812.4915   4.0 1 1 
	       1591.98 6810.55037  6810.5494   4.0 1 1 
	       1625.62 6808.52868  6808.5311   4.0 1 1 
	       1790.77 6798.48776  6798.4868   4.0 1 1 
	       1908.12 6791.23331  6791.2351   4.0 1 1 
	       1946.48 6788.84124  6788.8403   4.0 1 1 
	       1964.13 6787.73647  6787.7364   4.0 1 1 
	function chebyshev
	order 5
	sample *
	naverage 1
	niterate 2000
	low_reject 3.
	high_reject 3.
	grow 0.
	coefficients	9
		1.
		5.
		91.52743530273437
		1964.131713867187
		6841.600211106466
		-52.25911996270363
		-1.607853859653605
		6.008602048245538E-4
		0.002631177259996692

# Mon 19:08:10 30-Jan-2023
begin	identify iazcomp.0038 - Ap 38
	id	iazcomp.0038
	task	identify
	image	iazcomp.0038 - Ap 38
	aperture	38
	aplow	1486.94
	aphigh	1494.9
	units	Angstroms
	features	31
	        104.20 6892.25125  6892.2502   4.0 1 1 
	        164.15 6889.30237  6889.3032   4.0 1 1 
	        186.93 6888.17489  6888.1742   4.0 1 1 
	        208.80  6887.0895  6887.0881   4.0 1 1 
	        294.40 6882.80568  6882.8114   4.0 1 1 
	        358.11 6879.58316  6879.5824   4.0 1 1 
	        452.50 6874.75447   6874.753   4.0 1 1 
	        519.45 6871.28994  6871.2891   4.0 1 1 
	        573.80 6868.45326  6868.4508   4.0 1 1 
	        605.99  6866.7627  6866.7634   4.0 1 1 
	        667.08 6863.53395   6863.535   4.0 1 1 
	        709.64 6861.26872  6861.2688   4.0 1 1 
	        813.37 6855.69096  6855.6891   4.0 1 1 
	        820.32 6855.31406   6855.315   4.0 1 1 
	        842.52 6854.10901  6854.1093   4.0 1 1 
	       1110.16 6839.29395  6839.2949   4.0 1 1 
	       1187.32 6834.92522  6834.9246   4.0 1 1 
	       1223.01 6832.88909  6832.8927   4.0 1 1 
	       1290.12 6829.03548  6829.0355   4.0 1 1 
	       1320.99 6827.25191  6827.2488   4.0 1 1 
	       1365.32 6824.67828  6824.6774   4.0 1 1 
	       1385.41 6823.50711  6823.5084   4.0 1 1 
	       1567.16 6812.77703  6812.7752   4.0 1 1 
	       1571.94 6812.49178  6812.4915   4.0 1 1 
	       1604.33  6810.5529  6810.5494   4.0 1 1 
	       1625.00 6809.31208  6809.3173   4.0 1 1 
	       1637.99 6808.53012  6808.5311   4.0 1 1 
	       1803.08 6798.48852  6798.4868   4.0 1 1 
	       1920.37 6791.23376  6791.2351   4.0 1 1 
	       1958.71 6788.84101  6788.8403   4.0 1 1 
	       1976.35 6787.73622  6787.7364   4.0 1 1 
	function chebyshev
	order 5
	sample *
	naverage 1
	niterate 2000
	low_reject 3.
	high_reject 3.
	grow 0.
	coefficients	9
		1.
		5.
		104.2023239135742
		1976.351806640625
		6841.602166083885
		-52.25733117170376
		-1.609850109214797
		-1.818666236141403E-4
		0.001420911724297794

# Fri 11:54:16 03-Feb-2023
begin	identify iazcomp.0038 - Ap 38
	id	iazcomp.0038
	task	identify
	image	iazcomp.0038 - Ap 38
	aperture	38
	aplow	1486.94
	aphigh	1494.9
	units	Angstroms
	features	31
	        102.84 6892.25142  6892.2502   4.0 1 1 
	        162.81 6889.30175  6889.3032   4.0 1 1 
	        185.58 6888.17487  6888.1742   4.0 1 1 
	        207.46 6887.08831  6887.0881   4.0 1 1 
	        293.02  6882.8076  6882.8114   4.0 1 1 
	        356.75 6879.58429  6879.5824   4.0 1 1 
	        451.19 6874.75371   6874.753   4.0 1 1 
	        518.14 6871.28984  6871.2891   4.0 1 1 
	        572.48 6868.45381  6868.4508   4.0 1 1 
	        604.70 6866.76231  6866.7634   4.0 1 1 
	        665.80 6863.53353   6863.535   4.0 1 1 
	        708.35 6861.26912  6861.2688   4.0 1 1 
	        812.13  6855.6896  6855.6891   4.0 1 1 
	        819.07 6855.31381   6855.315   4.0 1 1 
	        841.26 6854.10908  6854.1093   4.0 1 1 
	       1108.96 6839.29285  6839.2949   4.0 1 1 
	       1186.09 6834.92575  6834.9246   4.0 1 1 
	       1221.77 6832.89093  6832.8927   4.0 1 1 
	       1288.91 6829.03598  6829.0355   4.0 1 1 
	       1319.79 6827.25204  6827.2488   4.0 1 1 
	       1364.13 6824.67783  6824.6774   4.0 1 1 
	       1384.21 6823.50762  6823.5084   4.0 1 1 
	       1566.00 6812.77573  6812.7752   4.0 1 1 
	       1570.74 6812.49273  6812.4915   4.0 1 1 
	       1603.16 6810.55226  6810.5494   4.0 1 1 
	       1623.81  6809.3125  6809.3173   4.0 1 1 
	       1636.82  6808.5296  6808.5311   4.0 1 1 
	       1801.93 6798.48802  6798.4868   4.0 1 1 
	       1919.23   6791.234  6791.2351   4.0 1 1 
	       1957.58 6788.84137  6788.8403   4.0 1 1 
	       1975.23 6787.73616  6787.7364   4.0 1 1 
	function chebyshev
	order 5
	sample *
	naverage 1
	niterate 2000
	low_reject 3.
	high_reject 3.
	grow 0.
	coefficients	9
		1.
		5.
		102.8412017822266
		1975.230712890625
		6841.60201381475
		-52.25747730043162
		-1.610149556229996
		-1.516855373068790E-4
		0.001925230532546444

# Mon 14:51:47 06-Feb-2023
begin	identify iazcomp.0038 - Ap 38
	id	iazcomp.0038
	task	identify
	image	iazcomp.0038 - Ap 38
	aperture	38
	aplow	1486.94
	aphigh	1494.9
	units	Angstroms
	features	31
	        100.21 6892.25338  6892.2502   4.0 1 1 
	        160.25 6889.30129  6889.3032   4.0 1 1 
	        183.04 6888.17418  6888.1742   4.0 1 1 
	        204.93 6887.08777  6887.0881   4.0 1 1 
	        290.55 6882.80591  6882.8114   4.0 1 1 
	        354.28 6879.58399  6879.5824   4.0 1 1 
	        448.73 6874.75448   6874.753   4.0 1 1 
	        515.71 6871.29003  6871.2891   4.0 1 1 
	        570.08 6868.45345  6868.4508   4.0 1 1 
	        602.30 6866.76269  6866.7634   4.0 1 1 
	        663.42 6863.53392   6863.535   4.0 1 1 
	        705.98 6861.26946  6861.2688   4.0 1 1 
	        809.77 6855.69087  6855.6891   4.0 1 1 
	        816.74 6855.31371   6855.315   4.0 1 1 
	        838.94  6854.1088  6854.1093   4.0 1 1 
	       1106.68 6839.29465  6839.2949   4.0 1 1 
	       1183.88 6834.92491  6834.9246   4.0 1 1 
	       1219.56 6832.89038  6832.8927   4.0 1 1 
	       1286.72 6829.03533  6829.0355   4.0 1 1 
	       1317.61 6827.25134  6827.2488   4.0 1 1 
	       1361.97 6824.67704  6824.6774   4.0 1 1 
	       1382.06 6823.50599  6823.5084   4.0 1 1 
	       1563.87 6812.77645  6812.7752   4.0 1 1 
	       1568.62 6812.49304  6812.4915   4.0 1 1 
	       1601.07 6810.55174  6810.5494   4.0 1 1 
	       1621.67 6809.31467  6809.3173   4.0 1 1 
	       1634.73  6808.5295  6808.5311   4.0 1 1 
	       1799.86 6798.48887  6798.4868   4.0 1 1 
	       1917.21 6791.23367  6791.2351   4.0 1 1 
	       1955.56  6788.8412  6788.8403   4.0 1 1 
	       1973.22 6787.73571  6787.7364   4.0 1 1 
	function chebyshev
	order 5
	sample *
	naverage 1
	niterate 2000
	low_reject 3.
	high_reject 3.
	grow 0.
	coefficients	9
		1.
		5.
		100.2089996337891
		1973.217163085938
		6841.604152169784
		-52.25882865438775
		-1.611235068640134
		-9.502088429553610E-6
		0.001626275343356448

# Mon 15:30:43 27-Feb-2023
begin	identify iazcomp.0038 - Ap 38
	id	iazcomp.0038
	task	identify
	image	iazcomp.0038 - Ap 38
	aperture	38
	aplow	1486.94
	aphigh	1494.9
	units	Angstroms
	features	30
	        105.20  6892.2502  6892.2502   4.0 1 1 
	        165.07 6889.30389  6889.3032   6.0 1 1 
	        187.87 6888.17509  6888.1742   4.0 1 1 
	        209.73 6887.08939  6887.0881   4.0 1 1 
	        295.31 6882.80516  6882.8114   6.0 1 1 
	        358.97  6879.5839  6879.5824   4.0 1 1 
	        453.36 6874.75352   6874.753   4.0 1 1 
	        520.29 6871.28934  6871.2891   4.0 1 1 
	        574.61 6868.45344  6868.4508   4.0 1 1 
	        606.80 6866.76278  6866.7634   6.0 1 1 
	        667.85 6863.53516   6863.535   6.0 1 1 
	        710.43 6861.26834  6861.2688   4.0 1 1 
	        814.14 6855.69032  6855.6891   4.0 1 1 
	        821.07 6855.31462   6855.315   6.0 1 1 
	        843.31  6854.1074  6854.1093   4.0 1 1 
	       1110.77 6839.29945  6839.2949   6.0 1 1 
	       1188.03 6834.92371  6834.9246   4.0 1 1 
	       1223.69  6832.8892  6832.8927   6.0 1 1 
	       1290.82 6829.03387  6829.0355   4.0 1 1 
	       1321.68 6827.25014  6827.2488   4.0 1 1 
	       1366.02 6824.67591  6824.6774   4.0 1 1 
	       1386.03 6823.50872  6823.5084   6.0 1 1 
	       1567.80 6812.77641  6812.7752   4.0 1 1 
	       1604.94 6810.55337  6810.5494   6.0 1 1 
	       1625.57 6809.31445  6809.3173   4.0 1 1 
	       1638.60 6808.53053  6808.5311   6.0 1 1 
	       1803.69 6798.48809  6798.4868   4.0 1 1 
	       1920.98 6791.23301  6791.2351   4.0 1 1 
	       1959.34 6788.83926  6788.8403   4.0 1 1 
	       1976.92 6787.73824  6787.7364   6.0 1 1 
	function chebyshev
	order 5
	sample *
	naverage 1
	niterate 2000
	low_reject 3.
	high_reject 3.
	grow 0.
	coefficients	9
		1.
		5.
		105.2003326416016
		1976.919555664062
		6841.600164444265
		-52.25585269725991
		-1.607689932288236
		-1.291542688353043E-4
		0.001743985135277589

# Tue 13:40:47 16-May-2023
begin	identify iazcomp.0038 - Ap 38
	id	iazcomp.0038
	task	identify
	image	iazcomp.0038 - Ap 38
	aperture	38
	aplow	1486.94
	aphigh	1494.9
	units	Angstroms
	features	30
	        104.29 6892.25204  6892.2502   4.0 1 1 
	        164.24 6889.30287  6889.3032   6.0 1 1 
	        187.05 6888.17418  6888.1742   4.0 1 1 
	        208.92 6887.08851  6887.0881   4.0 1 1 
	        294.50 6882.80568  6882.8114   6.0 1 1 
	        358.20 6879.58352  6879.5824   4.0 1 1 
	        452.60 6874.75381   6874.753   4.0 1 1 
	        519.53 6871.28968  6871.2891   4.0 1 1 
	        573.88 6868.45305  6868.4508   4.0 1 1 
	        606.05 6866.76347  6866.7634   6.0 1 1 
	        667.12  6863.5354   6863.535   6.0 1 1 
	        709.71 6861.26814  6861.2688   4.0 1 1 
	        813.42 6855.69105  6855.6891   4.0 1 1 
	        820.36 6855.31498   6855.315   6.0 1 1 
	        842.61 6854.10685  6854.1093   4.0 1 1 
	       1110.11 6839.29874  6839.2949   6.0 1 1 
	       1187.38 6834.92349  6834.9246   4.0 1 1 
	       1223.04 6832.88929  6832.8927   6.0 1 1 
	       1290.18 6829.03388  6829.0355   4.0 1 1 
	       1321.06 6827.24946  6827.2488   4.0 1 1 
	       1365.39 6824.67601  6824.6774   4.0 1 1 
	       1385.40 6823.50904  6823.5084   6.0 1 1 
	       1567.21 6812.77602  6812.7752   4.0 1 1 
	       1604.34 6810.55378  6810.5494   6.0 1 1 
	       1624.99 6809.31388  6809.3173   4.0 1 1 
	       1637.99 6808.53189  6808.5311   6.0 1 1 
	       1803.12 6798.48764  6798.4868   4.0 1 1 
	       1920.41 6791.23321  6791.2351   4.0 1 1 
	       1958.76 6788.83977  6788.8403   4.0 1 1 
	       1976.36 6787.73758  6787.7364   6.0 1 1 
	function chebyshev
	order 5
	sample *
	naverage 1
	niterate 2000
	low_reject 3.
	high_reject 3.
	grow 0.
	coefficients	9
		1.
		5.
		104.2878036499024
		1976.361572265625
		6841.602598717052
		-52.25737815965482
		-1.609081127345188
		1.460905358219894E-4
		0.001294134030999277

# Mon 15:29:03 14-Aug-2023
begin	identify iazcomp.0038 - Ap 38
	id	iazcomp.0038
	task	identify
	image	iazcomp.0038 - Ap 38
	aperture	38
	aplow	1486.94
	aphigh	1494.9
	units	Angstroms
	features	30
	        107.94 6892.25302  6892.2502   4.0 1 1 
	        167.91 6889.30232  6889.3032   6.0 1 1 
	        190.71 6888.17351  6888.1742   4.0 1 1 
	        212.56 6887.08811  6887.0881   4.0 1 1 
	        298.10 6882.80614  6882.8114   6.0 1 1 
	        361.78 6879.58393  6879.5824   4.0 1 1 
	        456.16  6874.7534   6874.753   4.0 1 1 
	        523.08 6871.28899  6871.2891   4.0 1 1 
	        577.40 6868.45292  6868.4508   4.0 1 1 
	        609.56 6866.76361  6866.7634   6.0 1 1 
	        670.60 6863.53598   6863.535   6.0 1 1 
	        713.18 6861.26828  6861.2688   4.0 1 1 
	        816.85 6855.69174  6855.6891   4.0 1 1 
	        816.81 6855.69358   6855.315   6.0 1 0 
	        846.03 6854.10788  6854.1093   4.0 1 1 
	       1108.94 6839.55251  6839.2949   6.0 1 0 
	       1190.67 6834.92429  6834.9246   4.0 1 1 
	       1226.33 6832.88892  6832.8927   6.0 1 1 
	       1293.42 6829.03486  6829.0355   4.0 1 1 
	       1324.30 6827.25014  6827.2488   4.0 1 1 
	       1368.60  6824.6769  6824.6774   4.0 1 1 
	       1382.25 6823.88112  6823.5084   6.0 1 0 
	       1570.36 6812.77643  6812.7752   4.0 1 1 
	       1607.49 6810.55356  6810.5494   6.0 1 1 
	       1628.13 6809.31392  6809.3173   4.0 1 1 
	       1641.13 6808.53174  6808.5311   6.0 1 1 
	       1806.22 6798.48722  6798.4868   4.0 1 1 
	       1923.47  6791.2336  6791.2351   4.0 1 1 
	       1961.82 6788.83963  6788.8403   4.0 1 1 
	       1979.42 6787.73754  6787.7364   6.0 1 1 
	function chebyshev
	order 5
	sample *
	naverage 1
	niterate 2000
	low_reject 3.
	high_reject 3.
	grow 0.
	coefficients	9
		1.
		5.
		107.9448852539063
		1979.418334960938
		6841.602487216379
		-52.25849870478814
		-1.608858765311385
		7.622506294208228E-4
		0.001652901066172768

# Mon 16:09:52 14-Aug-2023
begin	identify iazcomp.0038 - Ap 38
	id	iazcomp.0038
	task	identify
	image	iazcomp.0038 - Ap 38
	aperture	38
	aplow	1486.94
	aphigh	1494.9
	units	Angstroms
	features	27
	        107.92 6892.25332  6892.2502   4.0 1 1 
	        167.90 6889.30233  6889.3032   6.0 1 1 
	        190.70 6888.17387  6888.1742   4.0 1 1 
	        212.56 6887.08792  6887.0881   4.0 1 1 
	        298.13 6882.80529  6882.8114   6.0 1 1 
	        361.80 6879.58359  6879.5824   4.0 1 1 
	        456.20 6874.75313   6874.753   4.0 1 1 
	        523.12 6871.28935  6871.2891   4.0 1 1 
	        577.43 6868.45395  6868.4508   4.0 1 1 
	        609.61 6866.76363  6866.7634   6.0 1 1 
	        670.67 6863.53594   6863.535   6.0 1 1 
	        713.26 6861.26844  6861.2688   4.0 1 1 
	        816.97 6855.69032  6855.6891   4.0 1 1 
	        846.11 6854.10886  6854.1093   4.0 1 1 
	       1190.84 6834.92397  6834.9246   4.0 1 1 
	       1226.49  6832.8899  6832.8927   6.0 1 1 
	       1293.62 6829.03448  6829.0355   4.0 1 1 
	       1324.49 6827.25028  6827.2488   4.0 1 1 
	       1368.82 6824.67626  6824.6774   4.0 1 1 
	       1570.62  6812.7758  6812.7752   4.0 1 1 
	       1607.75 6810.55367  6810.5494   6.0 1 1 
	       1628.39 6809.31397  6809.3173   4.0 1 1 
	       1641.39 6808.53182  6808.5311   6.0 1 1 
	       1806.49 6798.48819  6798.4868   4.0 1 1 
	       1923.77 6791.23385  6791.2351   4.0 1 1 
	       1962.14 6788.83887  6788.8403   4.0 1 1 
	       1979.73 6787.73761  6787.7364   6.0 1 1 
	function chebyshev
	order 5
	sample *
	naverage 1
	niterate 2000
	low_reject 3.
	high_reject 3.
	grow 0.
	coefficients	9
		1.
		5.
		107.9214248657227
		1979.726806640625
		6841.602609651902
		-52.25821660536514
		-1.608627179191926
		3.632543637497687E-4
		0.001481529692492346

