    aplow   830.00
    aphigh  838.00
	features	36
            320.16 3932.9110  3932.9110   4.0 1 1
            333.16 3932.5500  3932.5500   4.0 1 1
            431.74 3929.6690  3929.6690   4.0 1 1
            467.42 3928.6200  3928.6200   4.0 1 1
            565.50 3925.7200  3925.7200   4.0 1 1
            586.50 3925.0930  3925.0930   4.0 1 1
            629.50 3923.7990  3923.7990   4.0 1 1
            787.00 3919.0230  3919.0230   4.0 1 1
            870.70 3916.4170  3916.4170   4.0 1 1
            923.50 3914.7600  3914.7600   4.0 1 1
           1014.08 3911.9090  3911.9090   4.0 1 1
           1287.50 3903.1020  3903.1020   4.0 1 1
           1331.01 3901.6620  3901.6620   4.0 1 1
           1428.00 3898.4370  3898.4370   4.0 1 1
           1518.70 3895.4190  3895.4190   4.0 1 1
           1619.70 3891.9700  3891.9700   4.0 1 1
           1766.40 3886.9160  3886.9160   4.0 1 1
           1973.57 3879.6440  3879.6440   4.0 1 1
