# Tue 22:45:58 07-Sep-2021
begin	identify iazcomp.0037 - Ap 37
	id	iazcomp.0037
	task	identify
	image	iazcomp.0037 - Ap 37
	aperture	37
	aplow	1475.21
	aphigh	1483.76
	units	Angstroms
	features	34
	         15.17 6766.61139  6766.6117   4.0 1 1 
	        190.21 6758.20384  6758.2035   4.0 1 1 
	        212.65 6757.11013  6757.1092   4.0 1 1 
	        283.06 6753.65582  6753.6598   4.0 1 1 
	        299.66 6752.83626  6752.8335   4.0 1 1 
	        328.09 6751.42797  6751.4267   4.0 1 1 
	        498.12 6742.88478  6742.8845   4.0 1 1 
	        590.07 6738.17832    6738.18   4.0 1 1 
	        675.54 6733.74904  6733.7488   4.0 1 1 
	        696.61 6732.64894  6732.6491   4.0 1 1 
	        748.38 6729.93261  6729.9328   4.0 1 1 
	        782.80 6728.11628  6728.1183   4.0 1 1 
	        795.29 6727.45492  6727.4583   4.0 1 1 
	        816.93 6726.30651  6726.3091   4.0 1 1 
	        880.82 6722.89604  6722.8899   4.0 1 1 
	        949.33 6719.20632  6719.1995   4.0 1 1 
	       1045.53 6713.96807    6713.97   4.0 1 1 
	       1094.96 6711.25053  6711.2521   4.0 1 1 
	       1392.87 6694.49804  6694.4967   4.0 1 1 
	       1401.47 6694.00494  6694.0068   4.0 1 1 
	       1423.73 6692.72618  6692.7262   4.0 1 1 
	       1568.98 6684.29361  6684.2929   4.0 1 1 
	       1584.79 6683.36713  6683.3673   4.0 1 1 
	       1640.68 6680.07554  6680.0811   4.0 1 1 
	       1663.79 6678.70783  6678.7067   4.0 1 1 
	       1687.82 6677.28177  6677.2817   4.0 1 1 
	       1731.20 6674.69698  6674.6969   4.0 1 1 
	       1749.84 6673.58185  6673.5797   4.0 1 1 
	       1869.60 6666.35956  6666.3588   4.0 1 1 
	       1907.51 6664.05237   6664.051   4.0 1 1 
	       1936.69  6662.2689  6662.2686   4.0 1 1 
	       1962.65 6660.67774  6660.6761   4.0 1 1 
	       1995.18 6658.67654  6658.6774   4.0 1 1 
	       2023.36 6656.93655  6656.9386   4.0 1 1 
	function chebyshev
	order 5
	sample *
	naverage 1
	niterate 2000
	low_reject 3.
	high_reject 3.
	grow 0.
	coefficients	9
		1.
		5.
		15.16547203063965
		2023.3642578125
		6713.588046415879
		-54.83647730333421
		-1.815348518553532
		-9.402284764104756E-4
		0.001274507924539949

# Fri 11:03:53 11-Mar-2022
begin	identify iazcomp.0037 - Ap 37
	id	iazcomp.0037
	task	identify
	image	iazcomp.0037 - Ap 37
	aperture	37
	aplow	1475.21
	aphigh	1483.76
	units	Angstroms
	features	28
	        174.13 6758.20448  6758.2035   4.0 1 1 
	        196.63 6757.10809  6757.1092   4.0 1 1 
	        266.97 6753.65818  6753.6598   4.0 1 1 
	        283.63 6752.83577  6752.8335   4.0 1 1 
	        417.92 6746.13565  6746.1355   4.0 1 1 
	        482.21 6742.88244  6742.8845   4.0 1 1 
	        574.13  6738.1799    6738.18   4.0 1 1 
	        659.66  6733.7496  6733.7488   4.0 1 1 
	        680.71 6732.65142  6732.6491   4.0 1 1 
	        732.53 6729.93427  6729.9328   4.0 1 1 
	        766.98 6728.11656  6728.1183   4.0 1 1 
	        779.46 6727.45648  6727.4583   4.0 1 1 
	       1029.81 6713.97063    6713.97   4.0 1 1 
	       1079.27  6711.2526  6711.2521   4.0 1 1 
	       1385.95 6694.00581  6694.0068   4.0 1 1 
	       1408.24 6692.72562  6692.7262   4.0 1 1 
	       1553.55 6684.29381  6684.2929   4.0 1 1 
	       1569.37 6683.36667  6683.3673   4.0 1 1 
	       1648.42 6678.70675  6678.7067   4.0 1 1 
	       1672.45 6677.28134  6677.2817   4.0 1 1 
	       1715.86 6674.69627  6674.6969   4.0 1 1 
	       1734.50 6673.58232  6673.5797   4.0 1 1 
	       1854.36 6666.35859  6666.3588   4.0 1 1 
	       1892.30 6664.05066   6664.051   4.0 1 1 
	       1898.13 6663.69515  6663.6966   4.0 1 1 
	       1921.49 6662.26846  6662.2686   4.0 1 1 
	       1947.46 6660.67746  6660.6761   4.0 1 1 
	       1980.01 6658.67712  6658.6774   4.0 1 1 
	function chebyshev
	order 5
	sample *
	naverage 1
	niterate 2000
	low_reject 3.
	high_reject 3.
	grow 0.
	coefficients	9
		1.
		5.
		174.1323547363281
		1980.010620117187
		6709.905522303041
		-49.76394759708657
		-1.466509402467043
		2.666647617180821E-4
		0.001786728550231876

# Tue 15:32:31 29-Mar-2022
begin	identify iazcomp.0037 - Ap 37
	id	iazcomp.0037
	task	identify
	image	iazcomp.0037 - Ap 37
	aperture	37
	aplow	1475.21
	aphigh	1483.76
	units	Angstroms
	features	28
	        174.86 6758.20217  6758.2035   4.0 1 1 
	        197.26 6757.11075  6757.1092   4.0 1 1 
	        267.65 6753.65763  6753.6598   4.0 1 1 
	        284.30 6752.83572  6752.8335   4.0 1 1 
	        418.73   6746.128  6746.1355   4.0 1 0 
	        482.83 6742.88429  6742.8845   4.0 1 1 
	        574.78 6738.17996    6738.18   4.0 1 1 
	        660.31 6733.74943  6733.7488   4.0 1 1 
	        681.40 6732.64922  6732.6491   4.0 1 1 
	        733.18 6729.93384  6729.9328   4.0 1 1 
	        767.62 6728.11703  6728.1183   4.0 1 1 
	        780.09 6727.45695  6727.4583   4.0 1 1 
	       1030.43 6713.97061    6713.97   4.0 1 1 
	       1079.89 6711.25245  6711.2521   4.0 1 1 
	       1386.53 6694.00614  6694.0068   4.0 1 1 
	       1408.80 6692.72708  6692.7262   4.0 1 1 
	       1554.12 6684.29346  6684.2929   4.0 1 1 
	       1569.93 6683.36672  6683.3673   4.0 1 1 
	       1648.99 6678.70632  6678.7067   4.0 1 1 
	       1673.02  6677.2807  6677.2817   4.0 1 1 
	       1716.42 6674.69625  6674.6969   4.0 1 1 
	       1735.06 6673.58153  6673.5797   4.0 1 1 
	       1854.90  6666.3585  6666.3588   4.0 1 1 
	       1892.84 6664.05101   6664.051   4.0 1 1 
	       1898.63 6663.69771  6663.6966   4.0 1 1 
	       1922.05 6662.26718  6662.2686   4.0 1 1 
	       1948.02 6660.67635  6660.6761   4.0 1 1 
	       1980.54  6658.6776  6658.6774   4.0 1 1 
	function chebyshev
	order 5
	sample *
	naverage 1
	niterate 2000
	low_reject 3.
	high_reject 3.
	grow 0.
	coefficients	9
		1.
		5.
		174.8609771728515
		1980.53662109375
		6709.904637346923
		-49.76258598143867
		-1.466683969295613
		3.005159024561770E-4
		0.001929103567093665

# Mon 19:07:31 30-Jan-2023
begin	identify iazcomp.0037 - Ap 37
	id	iazcomp.0037
	task	identify
	image	iazcomp.0037 - Ap 37
	aperture	37
	aplow	1475.21
	aphigh	1483.76
	units	Angstroms
	features	35
	         12.29 6766.61009  6766.6117   4.0 1 1 
	        187.40 6758.20378  6758.2035   4.0 1 1 
	        209.79 6757.11284  6757.1092   4.0 1 1 
	        280.24 6753.65826  6753.6598   4.0 1 1 
	        296.87 6752.83741  6752.8335   4.0 1 1 
	        325.35 6751.42732  6751.4267   4.0 1 1 
	        431.30 6746.13015  6746.1355   4.0 1 1 
	        495.44 6742.88442  6742.8845   4.0 1 1 
	        514.46 6741.91607  6741.9212   4.0 1 1 
	        587.36 6738.18072    6738.18   4.0 1 1 
	        672.85 6733.75182  6733.7488   4.0 1 1 
	        693.94 6732.65073  6732.6491   4.0 1 1 
	        745.71 6729.93544  6729.9328   4.0 1 1 
	        780.15  6728.1178  6728.1183   4.0 1 1 
	        792.63 6727.45726  6727.4583   4.0 1 1 
	        814.29 6726.30817  6726.3091   4.0 1 1 
	       1042.92 6713.96984    6713.97   4.0 1 1 
	       1092.36 6711.25188  6711.2521   4.0 1 1 
	       1334.04 6697.71238  6697.7123   4.0 1 1 
	       1390.33 6694.49829  6694.4967   4.0 1 1 
	       1398.93 6694.00517  6694.0068   4.0 1 1 
	       1421.19 6692.72622  6692.7262   4.0 1 1 
	       1566.46 6684.29372  6684.2929   4.0 1 1 
	       1582.29 6683.36611  6683.3673   4.0 1 1 
	       1661.30 6678.70705  6678.7067   4.0 1 1 
	       1685.33 6677.28111  6677.2817   4.0 1 1 
	       1728.70 6674.69712  6674.6969   4.0 1 1 
	       1747.35 6673.58175  6673.5797   4.0 1 1 
	       1867.16 6666.35803  6666.3588   4.0 1 1 
	       1905.08 6664.05031   6664.051   4.0 1 1 
	       1910.89 6663.69612  6663.6966   4.0 1 1 
	       1934.27 6662.26724  6662.2686   4.0 1 1 
	       1960.23 6660.67621  6660.6761   4.0 1 1 
	       1992.73 6658.67763  6658.6774   4.0 1 1 
	       2020.89 6656.93994  6656.9386   4.0 1 1 
	function chebyshev
	order 5
	sample *
	naverage 1
	niterate 2000
	low_reject 3.
	high_reject 3.
	grow 0.
	coefficients	9
		1.
		5.
		12.28529357910156
		2020.88623046875
		6713.591029892507
		-54.83548917602731
		-1.817579052019554
		4.109614699823624E-4
		0.001565746692773919

# Fri 11:54:14 03-Feb-2023
begin	identify iazcomp.0037 - Ap 37
	id	iazcomp.0037
	task	identify
	image	iazcomp.0037 - Ap 37
	aperture	37
	aplow	1475.21
	aphigh	1483.76
	units	Angstroms
	features	35
	         10.91 6766.61169  6766.6117   4.0 1 1 
	        186.03 6758.20313  6758.2035   4.0 1 1 
	        208.48 6757.10964  6757.1092   4.0 1 1 
	        278.86 6753.65819  6753.6598   4.0 1 1 
	        295.54 6752.83517  6752.8335   4.0 1 1 
	        323.98 6751.42682  6751.4267   4.0 1 1 
	        429.93 6746.13071  6746.1355   4.0 1 0 
	        494.10 6742.88372  6742.8845   4.0 1 1 
	        513.14 6741.91443  6741.9212   4.0 1 0 
	        586.04 6738.17996    6738.18   4.0 1 1 
	        671.57 6733.74997  6733.7488   4.0 1 1 
	        692.63 6732.65108  6732.6491   4.0 1 1 
	        744.46 6729.93294  6729.9328   4.0 1 1 
	        778.87 6728.11763  6728.1183   4.0 1 1 
	        791.36 6727.45672  6727.4583   4.0 1 1 
	        813.02 6726.30777  6726.3091   4.0 1 1 
	       1041.69 6713.97008    6713.97   4.0 1 1 
	       1091.13 6711.25273  6711.2521   4.0 1 1 
	       1332.85 6697.71255  6697.7123   4.0 1 1 
	       1389.15 6694.49832  6694.4967   4.0 1 1 
	       1397.74 6694.00587  6694.0068   4.0 1 1 
	       1420.02 6692.72603  6692.7262   4.0 1 1 
	       1565.30 6684.29324  6684.2929   4.0 1 1 
	       1581.11 6683.36654  6683.3673   4.0 1 1 
	       1660.15 6678.70637  6678.7067   4.0 1 1 
	       1684.18 6677.28064  6677.2817   4.0 1 1 
	       1727.55 6674.69687  6674.6969   4.0 1 1 
	       1746.21 6673.58128  6673.5797   4.0 1 1 
	       1866.02 6666.35818  6666.3588   4.0 1 1 
	       1903.93 6664.05134   6664.051   4.0 1 1 
	       1909.74 6663.69678  6663.6966   4.0 1 1 
	       1933.13 6662.26738  6662.2686   4.0 1 1 
	       1959.09 6660.67674  6660.6761   4.0 1 1 
	       1991.59 6658.67835  6658.6774   4.0 1 1 
	       2019.80 6656.93799  6656.9386   4.0 1 1 
	function chebyshev
	order 5
	sample *
	naverage 1
	niterate 2000
	low_reject 3.
	high_reject 3.
	grow 0.
	coefficients	9
		1.
		5.
		10.90982055664063
		2019.800170898438
		6713.589987146233
		-54.83619122547274
		-1.817595233269568
		-6.580174754843527E-4
		0.002450658228787818

# Mon 14:51:44 06-Feb-2023
begin	identify iazcomp.0037 - Ap 37
	id	iazcomp.0037
	task	identify
	image	iazcomp.0037 - Ap 37
	aperture	37
	aplow	1475.21
	aphigh	1483.76
	units	Angstroms
	features	35
	          8.32 6766.61185  6766.6117   4.0 1 1 
	        183.49 6758.20367  6758.2035   4.0 1 1 
	        205.99 6757.10802  6757.1092   4.0 1 1 
	        276.38 6753.65726  6753.6598   4.0 1 1 
	        293.04 6752.83533  6752.8335   4.0 1 1 
	        321.46 6751.42878  6751.4267   4.0 1 1 
	        427.51 6746.12866  6746.1355   4.0 1 0 
	        491.66 6742.88399  6742.8845   4.0 1 1 
	        510.81 6741.90944  6741.9212   4.0 1 0 
	        583.65 6738.17951    6738.18   4.0 1 1 
	        669.18 6733.75049  6733.7488   4.0 1 1 
	        690.27    6732.65  6732.6491   4.0 1 1 
	        742.05  6729.9354  6729.9328   4.0 1 1 
	        776.53 6728.11711  6728.1183   4.0 1 1 
	        789.02 6727.45634  6727.4583   4.0 1 1 
	        810.69 6726.30681  6726.3091   4.0 1 1 
	       1039.42 6713.96987    6713.97   4.0 1 1 
	       1088.89 6711.25185  6711.2521   4.0 1 1 
	       1330.66 6697.71298  6697.7123   4.0 1 1 
	       1386.98 6694.49826  6694.4967   4.0 1 1 
	       1395.57  6694.0059  6694.0068   4.0 1 1 
	       1417.85 6692.72693  6692.7262   4.0 1 1 
	       1563.19 6684.29338  6684.2929   4.0 1 1 
	       1579.00 6683.36681  6683.3673   4.0 1 1 
	       1658.06 6678.70638  6678.7067   4.0 1 1 
	       1682.09 6677.28079  6677.2817   4.0 1 1 
	       1725.47   6674.697  6674.6969   4.0 1 1 
	       1744.15 6673.58061  6673.5797   4.0 1 1 
	       1863.97 6666.35823  6666.3588   4.0 1 1 
	       1901.90 6664.05058   6664.051   4.0 1 1 
	       1907.69 6663.69726  6663.6966   4.0 1 1 
	       1931.10 6662.26701  6662.2686   4.0 1 1 
	       1957.07 6660.67602  6660.6761   4.0 1 1 
	       1989.58 6658.67747  6658.6774   4.0 1 1 
	       2017.74 6656.93983  6656.9386   4.0 1 1 
	function chebyshev
	order 5
	sample *
	naverage 1
	niterate 2000
	low_reject 3.
	high_reject 3.
	grow 0.
	coefficients	9
		1.
		5.
		8.316720008850098
		2017.741333007813
		6713.592103151879
		-54.83485468858068
		-1.818418861349939
		-0.001153479273515633
		0.002156684641732782

# Mon 15:30:26 27-Feb-2023
begin	identify iazcomp.0037 - Ap 37
	id	iazcomp.0037
	task	identify
	image	iazcomp.0037 - Ap 37
	aperture	37
	aplow	1475.21
	aphigh	1483.76
	units	Angstroms
	features	32
	         13.32 6766.61151  6766.6117   4.0 1 1 
	        188.33 6758.20353  6758.2035   6.0 1 1 
	        210.76 6757.11019  6757.1092   4.0 1 1 
	        281.13 6753.65745  6753.6598   6.0 1 1 
	        297.78  6752.8353  6752.8335   4.0 1 1 
	        326.21 6751.42695  6751.4267   4.0 1 1 
	        496.26 6742.88357  6742.8845   4.0 1 1 
	        588.19 6738.17855    6738.18   4.0 1 1 
	        673.65 6733.75004  6733.7488   4.0 1 1 
	        694.72    6732.65  6732.6491   4.0 1 1 
	        746.50  6729.9338  6729.9328   4.0 1 1 
	        780.88 6728.11926  6728.1183   6.0 1 1 
	        793.36 6727.45852  6727.4583   6.0 1 1 
	        815.07 6726.30678  6726.3091   6.0 1 1 
	       1043.66 6713.96916    6713.97   4.0 1 1 
	       1093.09 6711.25191  6711.2521   4.0 1 1 
	       1334.68 6697.71568  6697.7123   6.0 1 1 
	       1399.61 6694.00558  6694.0068   4.0 1 1 
	       1421.89 6692.72585  6692.7262   4.0 1 1 
	       1567.14 6684.29291  6684.2929   4.0 1 1 
	       1582.94 6683.36652  6683.3673   4.0 1 1 
	       1661.96 6678.70618  6678.7067   4.0 1 1 
	       1685.98 6677.28084  6677.2817   4.0 1 1 
	       1729.36 6674.69584  6674.6969   4.0 1 1 
	       1748.00 6673.58096  6673.5797   4.0 1 1 
	       1867.77 6666.35857  6666.3588   4.0 1 1 
	       1905.69 6664.05098   6664.051   4.0 1 1 
	       1911.44 6663.69976  6663.6966   6.0 1 1 
	       1934.87 6662.26764  6662.2686   4.0 1 1 
	       1960.83 6660.67656  6660.6761   4.0 1 1 
	       1993.35  6658.6767  6658.6774   4.0 1 1 
	       2021.52 6656.93794  6656.9386   4.0 1 1 
	function chebyshev
	order 5
	sample *
	naverage 1
	niterate 2000
	low_reject 3.
	high_reject 3.
	grow 0.
	coefficients	9
		1.
		5.
		13.31885814666748
		2021.518676757813
		6713.587468715255
		-54.83552757145411
		-1.815026067794447
		-0.001257635982595829
		0.002281504726054716

# Tue 13:40:46 16-May-2023
begin	identify iazcomp.0037 - Ap 37
	id	iazcomp.0037
	task	identify
	image	iazcomp.0037 - Ap 37
	aperture	37
	aplow	1475.21
	aphigh	1483.76
	units	Angstroms
	features	32
	         12.42 6766.61156  6766.6117   4.0 1 1 
	        187.50  6758.2035  6758.2035   6.0 1 1 
	        209.93 6757.11044  6757.1092   4.0 1 1 
	        280.31 6753.65802  6753.6598   6.0 1 1 
	        296.99 6752.83502  6752.8335   4.0 1 1 
	        325.45 6751.42567  6751.4267   4.0 1 1 
	        495.49 6742.88432  6742.8845   4.0 1 1 
	        587.45 6738.17888    6738.18   4.0 1 1 
	        672.93 6733.75011  6733.7488   4.0 1 1 
	        694.00 6732.65023  6732.6491   4.0 1 1 
	        745.81 6729.93273  6729.9328   4.0 1 1 
	        780.18 6728.11924  6728.1183   6.0 1 1 
	        792.66 6727.45876  6727.4583   6.0 1 1 
	        814.36 6726.30692  6726.3091   6.0 1 1 
	       1042.99  6713.9693    6713.97   4.0 1 1 
	       1092.42 6711.25198  6711.2521   4.0 1 1 
	       1334.03 6697.71613  6697.7123   6.0 1 1 
	       1399.00 6694.00446  6694.0068   4.0 1 1 
	       1421.26 6692.72576  6692.7262   4.0 1 1 
	       1566.52 6684.29328  6684.2929   4.0 1 1 
	       1582.34 6683.36605  6683.3673   4.0 1 1 
	       1661.36 6678.70629  6678.7067   4.0 1 1 
	       1685.37 6677.28133  6677.2817   4.0 1 1 
	       1728.76 6674.69639  6674.6969   4.0 1 1 
	       1747.41 6673.58145  6673.5797   4.0 1 1 
	       1867.22 6666.35761  6666.3588   4.0 1 1 
	       1905.14 6664.04997   6664.051   4.0 1 1 
	       1910.87 6663.70044  6663.6966   6.0 1 1 
	       1934.32 6662.26747  6662.2686   4.0 1 1 
	       1960.28 6660.67637  6660.6761   4.0 1 1 
	       1992.78 6658.67751  6658.6774   4.0 1 1 
	       2020.98 6656.93779  6656.9386   4.0 1 1 
	function chebyshev
	order 5
	sample *
	naverage 1
	niterate 2000
	low_reject 3.
	high_reject 3.
	grow 0.
	coefficients	9
		1.
		5.
		12.4206714630127
		2020.977783203125
		6713.588726281493
		-54.83636935142074
		-1.816344070022439
		-5.182517411443918E-4
		0.002291262715087573

# Mon 15:29:01 14-Aug-2023
begin	identify iazcomp.0037 - Ap 37
	id	iazcomp.0037
	task	identify
	image	iazcomp.0037 - Ap 37
	aperture	37
	aplow	1475.21
	aphigh	1483.76
	units	Angstroms
	features	32
	         16.17 6766.61136  6766.6117   4.0 1 1 
	        191.16 6758.20357  6758.2035   6.0 1 1 
	        213.57 6757.11107  6757.1092   4.0 1 1 
	        283.94 6753.65787  6753.6598   6.0 1 1 
	        300.60 6752.83499  6752.8335   4.0 1 1 
	        329.05  6751.4256  6751.4267   4.0 1 1 
	        499.04 6742.88353  6742.8845   4.0 1 1 
	        590.94 6738.17964    6738.18   4.0 1 1 
	        676.42 6733.74924  6733.7488   4.0 1 1 
	        697.48 6732.64954  6732.6491   4.0 1 1 
	        749.24 6729.93373  6729.9328   4.0 1 1 
	        783.60 6728.11988  6728.1183   6.0 1 1 
	        796.08 6727.45887  6727.4583   6.0 1 1 
	        817.78 6726.30704  6726.3091   6.0 1 1 
	       1046.33 6713.96899    6713.97   4.0 1 1 
	       1095.75 6711.25153  6711.2521   4.0 1 1 
	       1337.27 6697.71595  6697.7123   6.0 1 1 
	       1402.22 6694.00419  6694.0068   4.0 1 1 
	       1424.46 6692.72592  6692.7262   4.0 1 1 
	       1569.68 6684.29332  6684.2929   4.0 1 1 
	       1585.48 6683.36662  6683.3673   4.0 1 1 
	       1664.48  6678.7067  6678.7067   4.0 1 1 
	       1688.50 6677.28143  6677.2817   4.0 1 1 
	       1731.88 6674.69598  6674.6969   4.0 1 1 
	       1750.50 6673.58247  6673.5797   4.0 1 1 
	       1870.30 6666.35777  6666.3588   4.0 1 1 
	       1908.21 6664.05012   6664.051   4.0 1 1 
	       1908.17 6664.05234  6663.6966   6.0 1 0 
	       1937.37 6662.26807  6662.2686   4.0 1 1 
	       1963.33 6660.67686  6660.6761   4.0 1 1 
	       1995.82 6658.67855  6658.6774   4.0 1 1 
	       2024.03 6656.93799  6656.9386   4.0 1 1 
	function chebyshev
	order 5
	sample *
	naverage 1
	niterate 2000
	low_reject 3.
	high_reject 3.
	grow 0.
	coefficients	9
		1.
		5.
		16.16572952270508
		2024.02734375
		6713.587092108033
		-54.83654421499116
		-1.814939047023362
		-1.392751870220555E-4
		0.002520745886000004

# Mon 16:09:46 14-Aug-2023
begin	identify iazcomp.0037 - Ap 37
	id	iazcomp.0037
	task	identify
	image	iazcomp.0037 - Ap 37
	aperture	37
	aplow	1475.21
	aphigh	1483.76
	units	Angstroms
	features	31
	         16.15 6766.61229  6766.6117   4.0 1 1 
	        191.17   6758.203  6758.2035   6.0 1 1 
	        213.63 6757.10837  6757.1092   4.0 1 1 
	        283.93 6753.65882  6753.6598   6.0 1 1 
	        300.61  6752.8351  6752.8335   4.0 1 1 
	        329.04  6751.4269  6751.4267   4.0 1 1 
	        499.08 6742.88371  6742.8845   4.0 1 1 
	        591.00 6738.17906    6738.18   4.0 1 1 
	        676.50 6733.74885  6733.7488   4.0 1 1 
	        697.56 6732.64932  6732.6491   4.0 1 1 
	        749.33 6729.93351  6729.9328   4.0 1 1 
	        783.71 6728.11907  6728.1183   6.0 1 1 
	        796.18 6727.45889  6727.4583   6.0 1 1 
	        817.84 6726.30961  6726.3091   6.0 1 1 
	       1046.47  6713.9697    6713.97   4.0 1 1 
	       1095.91 6711.25185  6711.2521   4.0 1 1 
	       1337.47 6697.71657  6697.7123   6.0 1 0 
	       1402.42 6694.00534  6694.0068   4.0 1 1 
	       1424.69 6692.72609  6692.7262   4.0 1 1 
	       1569.94 6684.29309  6684.2929   4.0 1 1 
	       1585.74  6683.3665  6683.3673   4.0 1 1 
	       1664.75 6678.70699  6678.7067   4.0 1 1 
	       1688.76 6677.28189  6677.2817   4.0 1 1 
	       1732.16  6674.6957  6674.6969   4.0 1 1 
	       1750.78 6673.58212  6673.5797   4.0 1 1 
	       1870.57  6666.3587  6666.3588   4.0 1 1 
	       1908.49 6664.05129   6664.051   4.0 1 1 
	       1937.67 6662.26848  6662.2686   4.0 1 1 
	       1963.62 6660.67758  6660.6761   4.0 1 1 
	       1996.16 6658.67678  6658.6774   4.0 1 1 
	       2024.34 6656.93747  6656.9386   4.0 1 1 
	function chebyshev
	order 5
	sample *
	naverage 1
	niterate 2000
	low_reject 3.
	high_reject 3.
	grow 0.
	coefficients	9
		1.
		5.
		16.14948654174805
		2024.343017578125
		6713.586966826639
		-54.83629383699939
		-1.814751447895644
		-0.001119828118803822
		0.002664282221415621

