# Tue 22:43:56 07-Sep-2021
begin	identify iazcomp.0029 - Ap 29
	id	iazcomp.0029
	task	identify
	image	iazcomp.0029 - Ap 29
	aperture	29
	aplow	1376.01
	aphigh	1385.25
	units	Angstroms
	features	34
	        119.06 5874.98386  5874.9865   4.0 1 1 
	        134.23 5874.34986  5874.3513   4.0 1 1 
	        209.43 5871.18416  5871.1828   4.0 1 1 
	        224.38 5870.55098  5870.5526   4.0 1 1 
	        275.42 5868.37702  5868.3745   4.0 1 1 
	        383.44 5863.72218  5863.7184   4.0 1 1 
	        570.20 5855.49996  5855.4986   4.0 1 1 
	        601.01 5854.12223  5854.1207   4.0 1 1 
	        615.43 5853.47551  5853.4745   4.0 1 1 
	        633.14 5852.67935  5852.6806   4.0 1 1 
	        781.80 5845.91797  5845.9188   4.0 1 1 
	        806.23 5844.79362  5844.7909   4.0 1 1 
	        827.63 5843.80556  5843.8069   4.0 1 1 
	        895.84 5840.63712  5840.6404   4.0 1 1 
	       1031.24 5834.26059  5834.2633   4.0 1 1 
	       1070.94 5832.36886  5832.3705   4.0 1 1 
	       1103.18 5830.82558  5830.8272   4.0 1 1 
	       1138.91 5829.10767  5829.1097   4.0 1 1 
	       1268.83 5822.79349  5822.7933   4.0 1 1 
	       1333.62 5819.60518  5819.6027   4.0 1 1 
	       1356.92  5818.4521  5818.4495   4.0 1 1 
	       1371.41 5817.73329  5817.7348   4.0 1 1 
	       1417.80  5815.4232  5815.4219   4.0 1 1 
	       1466.75 5812.97093  5812.9725   4.0 1 1 
	       1552.15 5808.65764  5808.6569   4.0 1 1 
	       1571.36 5807.68069  5807.6814   4.0 1 1 
	       1640.58 5804.14242  5804.1412   4.0 1 1 
	       1680.58 5802.08438  5802.0798   4.0 1 1 
	       1704.85 5800.83077  5800.8297   4.0 1 1 
	       1750.20  5798.4786   5798.478   4.0 1 1 
	       1772.46   5797.319  5797.3194   4.0 1 1 
	       1796.43  5796.0671  5796.0683   4.0 1 1 
	       1865.69  5792.4298  5792.4304   4.0 1 1 
	       1918.39 5789.64246  5789.6451   4.0 1 1 
	function chebyshev
	order 4
	sample *
	naverage 1
	niterate 2000
	low_reject 3.
	high_reject 3.
	grow 0.
	coefficients	8
		1.
		4.
		119.0625534057617
		1918.388061523438
		5833.583942267966
		-42.6731084909156
		-1.270782536245357
		0.002406464443718658

# Fri 10:59:12 11-Mar-2022
begin	identify iazcomp.0029 - Ap 29
	id	iazcomp.0029
	task	identify
	image	iazcomp.0029 - Ap 29
	aperture	29
	aplow	1376.01
	aphigh	1385.25
	units	Angstroms
	features	37
	        103.23 5874.98516  5874.9865   4.0 1 1 
	        118.42 5874.35029  5874.3513   4.0 1 1 
	        125.85 5874.03881  5874.0383   4.0 1 1 
	        160.14 5872.59859  5872.6028   4.0 1 1 
	        193.63 5871.18449  5871.1828   4.0 1 1 
	        208.57 5870.55158  5870.5526   4.0 1 1 
	        259.65 5868.37656  5868.3745   4.0 1 1 
	        367.70 5863.72157  5863.7184   4.0 1 1 
	        445.69 5860.31581  5860.3103   4.0 1 1 
	        554.53 5855.49882  5855.4986   4.0 1 1 
	        585.34 5854.12182  5854.1207   4.0 1 1 
	        599.76 5853.47528  5853.4745   4.0 1 1 
	        617.49 5852.67858  5852.6806   4.0 1 1 
	        766.23 5845.91704  5845.9188   4.0 1 1 
	        790.65 5844.79376  5844.7909   4.0 1 1 
	        812.09 5843.80419  5843.8069   4.0 1 1 
	        880.31 5840.63691  5840.6404   4.0 1 1 
	       1015.77 5834.26106  5834.2633   4.0 1 1 
	       1055.50 5832.36914  5832.3705   4.0 1 1 
	       1087.76 5830.82596  5830.8272   4.0 1 1 
	       1123.50 5829.10873  5829.1097   4.0 1 1 
	       1253.50 5822.79392  5822.7933   4.0 1 1 
	       1318.37 5819.60364  5819.6027   4.0 1 1 
	       1341.66 5818.45177  5818.4495   4.0 1 1 
	       1356.15 5817.73361  5817.7348   4.0 1 1 
	       1402.56 5815.42388  5815.4219   4.0 1 1 
	       1451.57 5812.97047  5812.9725   4.0 1 1 
	       1537.00 5808.65767  5808.6569   4.0 1 1 
	       1556.23 5807.68018  5807.6814   4.0 1 1 
	       1625.48  5804.1429  5804.1412   4.0 1 1 
	       1665.51 5802.08395  5802.0798   4.0 1 1 
	       1689.78 5800.83123  5800.8297   4.0 1 1 
	       1735.15 5798.47913   5798.478   4.0 1 1 
	       1757.44 5797.31874  5797.3194   4.0 1 1 
	       1781.40 5796.06764  5796.0683   4.0 1 1 
	       1850.72 5792.42948  5792.4304   4.0 1 1 
	       1903.44 5789.64213  5789.6451   4.0 1 1 
	function chebyshev
	order 4
	sample *
	naverage 1
	niterate 2000
	low_reject 3.
	high_reject 3.
	grow 0.
	coefficients	8
		1.
		4.
		103.2283248901367
		1903.437744140625
		5833.582472264704
		-42.67287747559935
		-1.268827418569668
		0.001358366807067163

# Tue 15:32:18 29-Mar-2022
begin	identify iazcomp.0029 - Ap 29
	id	iazcomp.0029
	task	identify
	image	iazcomp.0029 - Ap 29
	aperture	29
	aplow	1376.01
	aphigh	1385.25
	units	Angstroms
	features	37
	        103.97 5874.98366  5874.9865   4.0 1 1 
	        119.15 5874.34893  5874.3513   4.0 1 1 
	        126.64 5874.03516  5874.0383   4.0 1 1 
	        160.73 5872.60321  5872.6028   4.0 1 1 
	        194.27 5871.18671  5871.1828   4.0 1 1 
	        209.26 5870.55124  5870.5526   4.0 1 1 
	        260.29  5868.3779  5868.3745   4.0 1 1 
	        368.36 5863.72116  5863.7184   4.0 1 1 
	        446.37 5860.31442  5860.3103   4.0 1 1 
	        555.08 5855.50271  5855.4986   4.0 1 1 
	        585.99 5854.12117  5854.1207   4.0 1 1 
	        600.42 5853.47417  5853.4745   4.0 1 1 
	        618.13 5852.67828  5852.6806   4.0 1 1 
	        766.85 5845.91663  5845.9188   4.0 1 1 
	        791.26 5844.79376  5844.7909   4.0 1 1 
	        812.70 5843.80431  5843.8069   4.0 1 1 
	        880.91 5840.63683  5840.6404   4.0 1 1 
	       1016.37 5834.26099  5834.2633   4.0 1 1 
	       1056.11 5832.36842  5832.3705   4.0 1 1 
	       1088.36  5830.8257  5830.8272   4.0 1 1 
	       1124.13 5829.10657  5829.1097   4.0 1 1 
	       1254.09 5822.79364  5822.7933   4.0 1 1 
	       1318.97  5819.6025  5819.6027   4.0 1 1 
	       1342.22 5818.45243  5818.4495   4.0 1 1 
	       1356.69 5817.73489  5817.7348   4.0 1 1 
	       1403.13 5815.42401  5815.4219   4.0 1 1 
	       1452.13 5812.97074  5812.9725   4.0 1 1 
	       1537.52 5808.65948  5808.6569   4.0 1 1 
	       1556.78 5807.68055  5807.6814   4.0 1 1 
	       1626.02 5804.14302  5804.1412   4.0 1 1 
	       1666.06 5802.08399  5802.0798   4.0 1 1 
	       1690.33 5800.83099  5800.8297   4.0 1 1 
	       1735.68 5798.47938   5798.478   4.0 1 1 
	       1757.97 5797.31909  5797.3194   4.0 1 1 
	       1781.94 5796.06777  5796.0683   4.0 1 1 
	       1851.26  5792.4286  5792.4304   4.0 1 1 
	       1903.97  5789.6415  5789.6451   4.0 1 1 
	function chebyshev
	order 4
	sample *
	naverage 1
	niterate 2000
	low_reject 3.
	high_reject 3.
	grow 0.
	coefficients	8
		1.
		4.
		103.9738159179688
		1903.971313476563
		5833.580875393907
		-42.67208297867963
		-1.26829223751612
		0.001002253176891026

# Mon 19:04:50 30-Jan-2023
begin	identify iazcomp.0029 - Ap 29
	id	iazcomp.0029
	task	identify
	image	iazcomp.0029 - Ap 29
	aperture	29
	aplow	1376.01
	aphigh	1385.25
	units	Angstroms
	features	35
	        116.35  5874.9812  5874.9865   4.0 1 1 
	        131.48 5874.34848  5874.3513   4.0 1 1 
	        138.93 5874.03659  5874.0383   4.0 1 1 
	        173.08 5872.60196  5872.6028   4.0 1 1 
	        206.59 5871.18699  5871.1828   4.0 1 1 
	        221.54 5870.55361  5870.5526   4.0 1 1 
	        272.60 5868.37888  5868.3745   4.0 1 1 
	        380.68 5863.72218  5863.7184   4.0 1 1 
	        458.68 5860.31533  5860.3103   4.0 1 1 
	        567.52 5855.49753  5855.4986   4.0 1 1 
	        598.29 5854.12188  5854.1207   4.0 1 1 
	        612.71 5853.47526  5853.4745   4.0 1 1 
	        630.44  5852.6783  5852.6806   4.0 1 1 
	        779.13 5845.91692  5845.9188   4.0 1 1 
	        803.54 5844.79362  5844.7909   4.0 1 1 
	        824.97 5843.80474  5843.8069   4.0 1 1 
	        893.18 5840.63662  5840.6404   4.0 1 1 
	       1028.62 5834.25985  5834.2633   4.0 1 1 
	       1068.33 5832.36867  5832.3705   4.0 1 1 
	       1100.57 5830.82542  5830.8272   4.0 1 1 
	       1136.31 5829.10741  5829.1097   4.0 1 1 
	       1266.24 5822.79396  5822.7933   4.0 1 1 
	       1331.10 5819.60315  5819.6027   4.0 1 1 
	       1354.36 5818.45197  5818.4495   4.0 1 1 
	       1368.83 5817.73439  5817.7348   4.0 1 1 
	       1415.23 5815.42426  5815.4219   4.0 1 1 
	       1464.21 5812.97128  5812.9725   4.0 1 1 
	       1549.59 5808.65928  5808.6569   4.0 1 1 
	       1568.83 5807.68171  5807.6814   4.0 1 1 
	       1638.07 5804.14273  5804.1412   4.0 1 1 
	       1678.09  5802.0839  5802.0798   4.0 1 1 
	       1702.36 5800.83064  5800.8297   4.0 1 1 
	       1769.97 5797.31901  5797.3194   4.0 1 1 
	       1863.23 5792.42886  5792.4304   4.0 1 1 
	       1915.93 5789.64163  5789.6451   4.0 1 1 
	function chebyshev
	order 4
	sample *
	naverage 1
	niterate 2000
	low_reject 3.
	high_reject 3.
	grow 0.
	coefficients	8
		1.
		4.
		116.3493423461914
		1915.929931640625
		5833.581875877136
		-42.67143967923204
		-1.270458302613143
		0.001655462080983317

# Fri 11:54:01 03-Feb-2023
begin	identify iazcomp.0029 - Ap 29
	id	iazcomp.0029
	task	identify
	image	iazcomp.0029 - Ap 29
	aperture	29
	aplow	1376.01
	aphigh	1385.25
	units	Angstroms
	features	35
	        114.92 5874.98335  5874.9865   4.0 1 1 
	        129.99 5874.35327  5874.3513   4.0 1 1 
	        137.59 5874.03491  5874.0383   4.0 1 1 
	        171.77 5872.59938  5872.6028   4.0 1 1 
	        205.26 5871.18563  5871.1828   4.0 1 1 
	        220.22   5870.552  5870.5526   4.0 1 1 
	        271.29 5868.37748  5868.3745   4.0 1 1 
	        379.35   5863.722  5863.7184   4.0 1 1 
	        457.36 5860.31573  5860.3103   4.0 1 1 
	        566.21 5855.49812  5855.4986   4.0 1 1 
	        597.00 5854.12192  5854.1207   4.0 1 1 
	        611.42 5853.47543  5853.4745   4.0 1 1 
	        629.15 5852.67878  5852.6806   4.0 1 1 
	        777.86 5845.91753  5845.9188   4.0 1 1 
	        802.31 5844.79241  5844.7909   4.0 1 1 
	        823.71 5843.80487  5843.8069   4.0 1 1 
	        891.93 5840.63706  5840.6404   4.0 1 1 
	       1027.39 5834.26017  5834.2633   4.0 1 1 
	       1067.10 5832.36888  5832.3705   4.0 1 1 
	       1099.35 5830.82592  5830.8272   4.0 1 1 
	       1135.07 5829.10876  5829.1097   4.0 1 1 
	       1265.06 5822.79322  5822.7933   4.0 1 1 
	       1329.90 5819.60352  5819.6027   4.0 1 1 
	       1353.18 5818.45181  5818.4495   4.0 1 1 
	       1367.67 5817.73322  5817.7348   4.0 1 1 
	       1414.07 5815.42363  5815.4219   4.0 1 1 
	       1463.04 5812.97124  5812.9725   4.0 1 1 
	       1548.45 5808.65826  5808.6569   4.0 1 1 
	       1567.65 5807.68224  5807.6814   4.0 1 1 
	       1636.92 5804.14258  5804.1412   4.0 1 1 
	       1676.93 5802.08458  5802.0798   4.0 1 1 
	       1701.21  5800.8305  5800.8297   4.0 1 1 
	       1768.83 5797.31897  5797.3194   4.0 1 1 
	       1862.10 5792.42863  5792.4304   4.0 1 1 
	       1914.79  5789.6422  5789.6451   4.0 1 1 
	function chebyshev
	order 4
	sample *
	naverage 1
	niterate 2000
	low_reject 3.
	high_reject 3.
	grow 0.
	coefficients	8
		1.
		4.
		114.9168090820313
		1914.791625976563
		5833.583930307464
		-42.67222516167381
		-1.271156652828924
		0.001653295232660493

# Mon 14:51:19 06-Feb-2023
begin	identify iazcomp.0029 - Ap 29
	id	iazcomp.0029
	task	identify
	image	iazcomp.0029 - Ap 29
	aperture	29
	aplow	1376.01
	aphigh	1385.25
	units	Angstroms
	features	35
	        112.34 5874.98433  5874.9865   4.0 1 1 
	        127.55 5874.34888  5874.3513   4.0 1 1 
	        135.07 5874.03405  5874.0383   4.0 1 1 
	        169.18 5872.60173  5872.6028   4.0 1 1 
	        202.72 5871.18632  5871.1828   4.0 1 1 
	        217.66 5870.55336  5870.5526   4.0 1 1 
	        268.76 5868.37839  5868.3745   4.0 1 1 
	        376.87 5863.72217  5863.7184   4.0 1 1 
	        454.90 5860.31574  5860.3103   4.0 1 1 
	        563.80 5855.49772  5855.4986   4.0 1 1 
	        594.59 5854.12176  5854.1207   4.0 1 1 
	        609.03 5853.47483  5853.4745   4.0 1 1 
	        626.74 5852.67892  5852.6806   4.0 1 1 
	        775.52 5845.91688  5845.9188   4.0 1 1 
	        799.97 5844.79259  5844.7909   4.0 1 1 
	        821.38 5843.80468  5843.8069   4.0 1 1 
	        889.61 5840.63725  5840.6404   4.0 1 1 
	       1025.12  5834.2603  5834.2633   4.0 1 1 
	       1064.84 5832.36909  5832.3705   4.0 1 1 
	       1097.10 5830.82577  5830.8272   4.0 1 1 
	       1132.86 5829.10758  5829.1097   4.0 1 1 
	       1262.86 5822.79362  5822.7933   4.0 1 1 
	       1327.71 5819.60434  5819.6027   4.0 1 1 
	       1351.01 5818.45204  5818.4495   4.0 1 1 
	       1365.52 5817.73297  5817.7348   4.0 1 1 
	       1411.91 5815.42411  5815.4219   4.0 1 1 
	       1460.90 5812.97136  5812.9725   4.0 1 1 
	       1546.33 5808.65865  5808.6569   4.0 1 1 
	       1565.57 5807.68117  5807.6814   4.0 1 1 
	       1634.82 5804.14305  5804.1412   4.0 1 1 
	       1674.86 5802.08392  5802.0798   4.0 1 1 
	       1699.13 5800.83073  5800.8297   4.0 1 1 
	       1766.76 5797.31939  5797.3194   4.0 1 1 
	       1860.06 5792.42853  5792.4304   4.0 1 1 
	       1912.75 5789.64197  5789.6451   4.0 1 1 
	function chebyshev
	order 4
	sample *
	naverage 1
	niterate 2000
	low_reject 3.
	high_reject 3.
	grow 0.
	coefficients	8
		1.
		4.
		112.3441696166992
		1912.753173828125
		5833.584929585438
		-42.67228670731783
		-1.271781433948939
		0.001107915100436065

# Mon 15:29:30 27-Feb-2023
begin	identify iazcomp.0029 - Ap 29
	id	iazcomp.0029
	task	identify
	image	iazcomp.0029 - Ap 29
	aperture	29
	aplow	1376.01
	aphigh	1385.25
	units	Angstroms
	features	31
	        117.32 5874.98132  5874.9865   4.0 1 1 
	        132.39 5874.35084  5874.3513   4.0 1 1 
	        222.51 5870.55258  5870.5526   4.0 1 1 
	        273.56 5868.37817  5868.3745   4.0 1 1 
	        381.60 5863.72211  5863.7184   4.0 1 1 
	        459.58 5860.31576  5860.3103   4.0 1 1 
	        568.45 5855.49581  5855.4986   4.0 1 1 
	        599.17  5854.1222  5854.1207   4.0 1 1 
	        613.59 5853.47558  5853.4745   4.0 1 1 
	        631.32 5852.67854  5852.6806   4.0 1 1 
	        779.99 5845.91705  5845.9188   4.0 1 1 
	        804.41 5844.79304  5844.7909   4.0 1 1 
	        825.82 5843.80486  5843.8069   4.0 1 1 
	        894.02 5840.63701  5840.6404   4.0 1 1 
	       1029.41 5834.26151  5834.2633   4.0 1 1 
	       1069.13 5832.36925  5832.3705   4.0 1 1 
	       1101.36 5830.82653  5830.8272   4.0 1 1 
	       1137.10 5829.10841  5829.1097   4.0 1 1 
	       1267.04 5822.79341  5822.7933   4.0 1 1 
	       1355.14 5818.45182  5818.4495   4.0 1 1 
	       1369.62 5817.73369  5817.7348   4.0 1 1 
	       1416.01 5815.42363  5815.4219   4.0 1 1 
	       1464.97 5812.97118  5812.9725   4.0 1 1 
	       1550.35 5808.65888  5808.6569   4.0 1 1 
	       1569.59 5807.68077  5807.6814   4.0 1 1 
	       1638.80 5804.14263  5804.1412   4.0 1 1 
	       1678.81 5802.08415  5802.0798   4.0 1 1 
	       1703.08 5800.83045  5800.8297   4.0 1 1 
	       1770.68 5797.31895  5797.3194   4.0 1 1 
	       1863.92 5792.42901  5792.4304   4.0 1 1 
	       1916.59 5789.64244  5789.6451   4.0 1 1 
	function chebyshev
	order 4
	sample *
	naverage 1
	niterate 2000
	low_reject 3.
	high_reject 3.
	grow 0.
	coefficients	8
		1.
		4.
		117.31689453125
		1916.589599609375
		5833.582389165614
		-42.67085174601979
		-1.270508972171703
		0.001408899633392651

# Tue 13:40:31 16-May-2023
begin	identify iazcomp.0029 - Ap 29
	id	iazcomp.0029
	task	identify
	image	iazcomp.0029 - Ap 29
	aperture	29
	aplow	1376.01
	aphigh	1385.25
	units	Angstroms
	features	31
	        116.39 5874.98345  5874.9865   4.0 1 1 
	        131.58 5874.34874  5874.3513   4.0 1 1 
	        221.67 5870.55275  5870.5526   4.0 1 1 
	        272.74  5868.3782  5868.3745   4.0 1 1 
	        380.82 5863.72158  5863.7184   4.0 1 1 
	        458.82 5860.31521  5860.3103   4.0 1 1 
	        567.67 5855.49747  5855.4986   4.0 1 1 
	        598.45 5854.12152  5854.1207   4.0 1 1 
	        612.86  5853.4752  5853.4745   4.0 1 1 
	        630.58 5852.67875  5852.6806   4.0 1 1 
	        779.29 5845.91672  5845.9188   4.0 1 1 
	        803.70 5844.79353  5844.7909   4.0 1 1 
	        825.11 5843.80499  5843.8069   4.0 1 1 
	        893.32 5840.63689  5840.6404   4.0 1 1 
	       1028.74 5834.26106  5834.2633   4.0 1 1 
	       1068.45 5832.36945  5832.3705   4.0 1 1 
	       1100.69 5830.82636  5830.8272   4.0 1 1 
	       1136.43  5829.1084  5829.1097   4.0 1 1 
	       1266.39 5822.79348  5822.7933   4.0 1 1 
	       1354.49 5818.45234  5818.4495   4.0 1 1 
	       1368.97 5817.73413  5817.7348   4.0 1 1 
	       1415.37 5815.42402  5815.4219   4.0 1 1 
	       1464.34 5812.97104  5812.9725   4.0 1 1 
	       1549.73  5808.6586  5808.6569   4.0 1 1 
	       1568.98 5807.67988  5807.6814   4.0 1 1 
	       1638.20 5804.14255  5804.1412   4.0 1 1 
	       1678.22 5802.08364  5802.0798   4.0 1 1 
	       1702.47 5800.83113  5800.8297   4.0 1 1 
	       1770.10 5797.31865  5797.3194   4.0 1 1 
	       1863.34 5792.42927  5792.4304   4.0 1 1 
	       1916.03 5789.64258  5789.6451   4.0 1 1 
	function chebyshev
	order 4
	sample *
	naverage 1
	niterate 2000
	low_reject 3.
	high_reject 3.
	grow 0.
	coefficients	8
		1.
		4.
		116.3916931152344
		1916.028930664063
		5833.584427439701
		-42.67249758364367
		-1.271414337780778
		0.002063936432417444

# Mon 15:28:48 14-Aug-2023
begin	identify iazcomp.0029 - Ap 29
	id	iazcomp.0029
	task	identify
	image	iazcomp.0029 - Ap 29
	aperture	29
	aplow	1376.01
	aphigh	1385.25
	units	Angstroms
	features	31
	        120.14 5874.98155  5874.9865   4.0 1 1 
	        135.24 5874.35048  5874.3513   4.0 1 1 
	        225.33 5870.55326  5870.5526   4.0 1 1 
	        276.40 5868.37777  5868.3745   4.0 1 1 
	        384.42 5863.72173  5863.7184   4.0 1 1 
	        462.39 5860.31544  5860.3103   4.0 1 1 
	        571.20 5855.49696  5855.4986   4.0 1 1 
	        601.95 5854.12208  5854.1207   4.0 1 1 
	        616.37 5853.47515  5853.4745   4.0 1 1 
	        634.08 5852.67861  5852.6806   4.0 1 1 
	        782.72 5845.91676  5845.9188   4.0 1 1 
	        807.14 5844.79283  5844.7909   4.0 1 1 
	        828.52 5843.80544  5843.8069   4.0 1 1 
	        896.71 5840.63695  5840.6404   4.0 1 1 
	       1032.08 5834.26096  5834.2633   4.0 1 1 
	       1071.77 5832.36946  5832.3705   4.0 1 1 
	       1103.99 5830.82677  5830.8272   4.0 1 1 
	       1139.72  5829.1085  5829.1097   4.0 1 1 
	       1269.64 5822.79311  5822.7933   4.0 1 1 
	       1357.71  5818.4519  5818.4495   4.0 1 1 
	       1372.18 5817.73396  5817.7348   4.0 1 1 
	       1418.56 5815.42413  5815.4219   4.0 1 1 
	       1467.53 5812.97067  5812.9725   4.0 1 1 
	       1552.87 5808.65941  5808.6569   4.0 1 1 
	       1572.14 5807.67959  5807.6814   4.0 1 1 
	       1641.33 5804.14252  5804.1412   4.0 1 1 
	       1681.32 5802.08422  5802.0798   4.0 1 1 
	       1705.58  5800.8311  5800.8297   4.0 1 1 
	       1773.19 5797.31876  5797.3194   4.0 1 1 
	       1866.41  5792.4294  5792.4304   4.0 1 1 
	       1919.10 5789.64211  5789.6451   4.0 1 1 
	function chebyshev
	order 4
	sample *
	naverage 1
	niterate 2000
	low_reject 3.
	high_reject 3.
	grow 0.
	coefficients	8
		1.
		4.
		120.1439208984375
		1919.102905273438
		5833.582083882686
		-42.67223290363725
		-1.270252060505191
		0.002511708066843041

# Mon 16:09:28 14-Aug-2023
begin	identify iazcomp.0029 - Ap 29
	id	iazcomp.0029
	task	identify
	image	iazcomp.0029 - Ap 29
	aperture	29
	aplow	1376.01
	aphigh	1385.25
	units	Angstroms
	features	31
	        120.16 5874.98151  5874.9865   4.0 1 1 
	        135.27  5874.3498  5874.3513   4.0 1 1 
	        225.36 5870.55267  5870.5526   4.0 1 1 
	        276.38 5868.37929  5868.3745   4.0 1 1 
	        384.44 5863.72208  5863.7184   4.0 1 1 
	        462.41 5860.31594  5860.3103   4.0 1 1 
	        571.27 5855.49629  5855.4986   4.0 1 1 
	        602.01 5854.12158  5854.1207   4.0 1 1 
	        616.43 5853.47499  5853.4745   4.0 1 1 
	        634.14 5852.67869  5852.6806   4.0 1 1 
	        782.81 5845.91676  5845.9188   4.0 1 1 
	        807.21 5844.79391  5844.7909   4.0 1 1 
	        828.63 5843.80507  5843.8069   4.0 1 1 
	        896.82 5840.63716  5840.6404   4.0 1 1 
	       1032.23 5834.26096  5834.2633   4.0 1 1 
	       1071.94 5832.36893  5832.3705   4.0 1 1 
	       1104.18 5830.82588  5830.8272   4.0 1 1 
	       1139.91  5829.1079  5829.1097   4.0 1 1 
	       1269.84 5822.79347  5822.7933   4.0 1 1 
	       1357.93 5818.45225  5818.4495   4.0 1 1 
	       1372.40 5817.73453  5817.7348   4.0 1 1 
	       1418.80 5815.42384  5815.4219   4.0 1 1 
	       1467.77 5812.97099  5812.9725   4.0 1 1 
	       1553.14 5808.65886  5808.6569   4.0 1 1 
	       1572.38 5807.68051  5807.6814   4.0 1 1 
	       1641.60 5804.14253  5804.1412   4.0 1 1 
	       1681.60 5802.08443  5802.0798   4.0 1 1 
	       1705.87  5800.8308  5800.8297   4.0 1 1 
	       1773.48 5797.31864  5797.3194   4.0 1 1 
	       1866.71 5792.42945  5792.4304   4.0 1 1 
	       1919.40  5789.6419  5789.6451   4.0 1 1 
	function chebyshev
	order 4
	sample *
	naverage 1
	niterate 2000
	low_reject 3.
	high_reject 3.
	grow 0.
	coefficients	8
		1.
		4.
		120.1634063720703
		1919.402221679687
		5833.581709883987
		-42.67139547499301
		-1.270006983299769
		0.001593185394956198

