# Tue 22:44:16 07-Sep-2021
begin	identify iazcomp.0030 - Ap 30
	id	iazcomp.0030
	task	identify
	image	iazcomp.0030 - Ap 30
	aperture	30
	aplow	1389.07
	aphigh	1398.54
	units	Angstroms
	features	34
	         67.71   5975.065  5975.0648   4.0 1 1 
	        100.81 5973.66564  5973.6649   4.0 1 1 
	        192.79 5969.74046  5969.7373   4.0 1 1 
	        225.92 5968.31349  5968.3199   4.0 1 1 
	        314.37 5964.47038  5964.4723   4.0 1 1 
	        398.12 5960.78528  5960.7806   4.0 1 1 
	        499.63 5956.25888  5956.2588   4.0 1 1 
	        515.10 5955.56332  5955.5616   4.0 1 1 
	        663.84 5948.79782  5948.7991   4.0 1 1 
	        753.61 5944.64586  5944.6472   4.0 1 1 
	        778.94  5943.4651  5943.4653   4.0 1 1 
	        877.68 5938.82268  5938.8252   4.0 1 1 
	        885.33 5938.46065   5938.457   4.0 1 1 
	        902.18 5937.66124  5937.6634   4.0 1 1 
	        912.58 5937.16687  5937.1619   4.0 1 1 
	       1063.23 5929.93052  5929.9343   4.0 1 1 
	       1086.23  5928.8127   5928.813   4.0 1 1 
	       1120.95 5927.11935  5927.1258   4.0 1 1 
	       1155.90  5925.4068  5925.4036   4.0 1 1 
	       1286.40 5918.94357  5918.9442   4.0 1 1 
	       1371.39 5914.67628  5914.6709   4.0 1 1 
	       1422.55 5912.08511  5912.0853   4.0 1 1 
	       1439.31 5911.23284  5911.2296   4.0 1 1 
	       1549.78 5905.56971  5905.5707   4.0 1 1 
	       1607.11 5902.60078  5902.6021   4.0 1 1 
	       1659.96 5899.84503  5899.8441   4.0 1 1 
	       1726.30 5896.36117  5896.3631   4.0 1 1 
	       1757.85 5894.69481  5894.6979   4.0 1 1 
	       1818.94 5891.45056   5891.451   4.0 1 1 
	       1846.94 5889.95591  5889.9531   4.0 1 1 
	       1872.53 5888.58558  5888.5841   4.0 1 1 
	       1910.78 5886.52978  5886.5314   4.0 1 1 
	       1926.16 5885.70058  5885.7016   4.0 1 1 
	       1982.95 5882.62555  5882.6242   4.0 1 1 
	function chebyshev
	order 5
	sample *
	naverage 1
	niterate 2000
	low_reject 3.
	high_reject 3.
	grow 0.
	coefficients	9
		1.
		5.
		67.70683288574218
		1982.954223632813
		5930.303313556619
		-46.22229304385914
		-1.45962804757459
		0.002568608330562593
		0.001587096497149649

# Fri 11:00:10 11-Mar-2022
begin	identify iazcomp.0030 - Ap 30
	id	iazcomp.0030
	task	identify
	image	iazcomp.0030 - Ap 30
	aperture	30
	aplow	1389.07
	aphigh	1398.54
	units	Angstroms
	features	37
	         51.80 5975.06285  5975.0648   4.0 1 1 
	         84.93 5973.66279  5973.6649   4.0 1 1 
	        133.33 5971.60491  5971.6008   4.0 1 1 
	        176.94 5969.73834  5969.7373   4.0 1 1 
	        298.51 5964.47084  5964.4723   4.0 1 1 
	        382.36 5960.78336  5960.7806   4.0 1 1 
	        483.92 5956.25735  5956.2588   4.0 1 1 
	        499.39 5955.56239  5955.5616   4.0 1 1 
	        648.17 5948.79857  5948.7991   4.0 1 1 
	        737.97 5944.64755  5944.6472   4.0 1 1 
	        763.33 5943.46606  5943.4653   4.0 1 1 
	        787.07 5942.35602  5942.3585   4.0 1 1 
	        825.29 5940.56192  5940.5653   4.0 1 1 
	        862.11 5938.82447  5938.8252   4.0 1 1 
	        869.76 5938.46216   5938.457   4.0 1 1 
	        886.61 5937.66323  5937.6634   4.0 1 1 
	        913.55 5936.38234  5936.3861   4.0 1 1 
	       1047.73 5929.93334  5929.9343   4.0 1 1 
	       1070.77 5928.81427   5928.813   4.0 1 1 
	       1105.47 5927.12258  5927.1258   4.0 1 1 
	       1140.47 5925.40857  5925.4036   4.0 1 1 
	       1271.06 5918.94415  5918.9442   4.0 1 1 
	       1361.85  5914.3863  5914.3856   4.0 1 1 
	       1407.28 5912.08556  5912.0853   4.0 1 1 
	       1424.04 5911.23396  5911.2296   4.0 1 1 
	       1534.58    5905.57  5905.5707   4.0 1 1 
	       1591.93 5902.60119  5902.6021   4.0 1 1 
	       1644.81 5899.84588  5899.8441   4.0 1 1 
	       1711.18 5896.36236  5896.3631   4.0 1 1 
	       1731.76 5895.27695  5895.2818   4.0 1 1 
	       1742.78 5894.69419  5894.6979   4.0 1 1 
	       1803.89 5891.45069   5891.451   4.0 1 1 
	       1831.88 5889.95728  5889.9531   4.0 1 1 
	       1857.51 5888.58543  5888.5841   4.0 1 1 
	       1895.77 5886.53044  5886.5314   4.0 1 1 
	       1911.17 5885.70064  5885.7016   4.0 1 1 
	       1968.00 5882.62577  5882.6242   4.0 1 1 
	function chebyshev
	order 5
	sample *
	naverage 1
	niterate 2000
	low_reject 3.
	high_reject 3.
	grow 0.
	coefficients	9
		1.
		5.
		51.80397033691406
		1968.00390625
		5930.301689028998
		-46.22117359151835
		-1.459361116475164
		0.00263383423080945
		0.001982684477447463

# Tue 15:32:19 29-Mar-2022
begin	identify iazcomp.0030 - Ap 30
	id	iazcomp.0030
	task	identify
	image	iazcomp.0030 - Ap 30
	aperture	30
	aplow	1389.07
	aphigh	1398.54
	units	Angstroms
	features	37
	         52.49 5975.06261  5975.0648   4.0 1 1 
	         85.61 5973.66315  5973.6649   4.0 1 1 
	        134.01 5971.60475  5971.6008   4.0 1 1 
	        177.62 5969.73817  5969.7373   4.0 1 1 
	        299.19  5964.4702  5964.4723   4.0 1 1 
	        383.00 5960.78449  5960.7806   4.0 1 1 
	        484.57 5956.25766  5956.2588   4.0 1 1 
	        500.03 5955.56264  5955.5616   4.0 1 1 
	        648.82 5948.79791  5948.7991   4.0 1 1 
	        738.60 5944.64747  5944.6472   4.0 1 1 
	        763.95 5943.46622  5943.4653   4.0 1 1 
	        787.67  5942.3573  5942.3585   4.0 1 1 
	        825.91 5940.56178  5940.5653   4.0 1 1 
	        862.72 5938.82446  5938.8252   4.0 1 1 
	        870.39  5938.4616   5938.457   4.0 1 1 
	        887.25 5937.66246  5937.6634   4.0 1 1 
	        914.18 5936.38168  5936.3861   4.0 1 1 
	       1048.34 5929.93291  5929.9343   4.0 1 1 
	       1071.37 5928.81412   5928.813   4.0 1 1 
	       1106.07 5927.12243  5927.1258   4.0 1 1 
	       1141.07 5925.40823  5925.4036   4.0 1 1 
	       1271.62 5918.94514  5918.9442   4.0 1 1 
	       1362.40 5914.38717  5914.3856   4.0 1 1 
	       1407.84 5912.08575  5912.0853   4.0 1 1 
	       1424.58 5911.23473  5911.2296   4.0 1 1 
	       1535.14 5905.56978  5905.5707   4.0 1 1 
	       1592.47 5902.60164  5902.6021   4.0 1 1 
	       1645.36 5899.84576  5899.8441   4.0 1 1 
	       1711.73 5896.36194  5896.3631   4.0 1 1 
	       1732.31 5895.27621  5895.2818   4.0 1 1 
	       1743.32 5894.69415  5894.6979   4.0 1 1 
	       1804.43 5891.45076   5891.451   4.0 1 1 
	       1832.43 5889.95669  5889.9531   4.0 1 1 
	       1858.06 5888.58511  5888.5841   4.0 1 1 
	       1896.33 5886.52919  5886.5314   4.0 1 1 
	       1911.69 5885.70175  5885.7016   4.0 1 1 
	       1968.53 5882.62668  5882.6242   4.0 1 1 
	function chebyshev
	order 5
	sample *
	naverage 1
	niterate 2000
	low_reject 3.
	high_reject 3.
	grow 0.
	coefficients	9
		1.
		5.
		52.49379730224609
		1968.52734375
		5930.301640949474
		-46.22091270515901
		-1.459082169999823
		0.002948442347424488
		0.002085908818897233

# Mon 19:05:04 30-Jan-2023
begin	identify iazcomp.0030 - Ap 30
	id	iazcomp.0030
	task	identify
	image	iazcomp.0030 - Ap 30
	aperture	30
	aplow	1389.07
	aphigh	1398.54
	units	Angstroms
	features	35
	         64.84 5975.06256  5975.0648   4.0 1 1 
	         97.96 5973.66266  5973.6649   4.0 1 1 
	        146.34 5971.60557  5971.6008   4.0 1 1 
	        189.96 5969.73816  5969.7373   4.0 1 1 
	        311.53 5964.47023  5964.4723   4.0 1 1 
	        395.36 5960.78352  5960.7806   4.0 1 1 
	        496.87  5956.2591  5956.2588   4.0 1 1 
	        512.37 5955.56228  5955.5616   4.0 1 1 
	        661.15 5948.79761  5948.7991   4.0 1 1 
	        750.92 5944.64701  5944.6472   4.0 1 1 
	        776.25 5943.46661  5943.4653   4.0 1 1 
	        800.01 5942.35585  5942.3585   4.0 1 1 
	        838.21 5940.56182  5940.5653   4.0 1 1 
	        875.03 5938.82422  5938.8252   4.0 1 1 
	        882.67 5938.46206   5938.457   4.0 1 1 
	        899.53 5937.66274  5937.6634   4.0 1 1 
	        926.45 5936.38234  5936.3861   4.0 1 1 
	       1060.59 5929.93303  5929.9343   4.0 1 1 
	       1083.61 5928.81476   5928.813   4.0 1 1 
	       1118.32 5927.12186  5927.1258   4.0 1 1 
	       1153.27 5925.40967  5925.4036   4.0 1 1 
	       1283.82 5918.94478  5918.9442   4.0 1 1 
	       1419.99 5912.08592  5912.0853   4.0 1 1 
	       1436.72 5911.23473  5911.2296   4.0 1 1 
	       1547.26 5905.56901  5905.5707   4.0 1 1 
	       1604.56  5902.6015  5902.6021   4.0 1 1 
	       1657.43 5899.84514  5899.8441   4.0 1 1 
	       1723.79 5896.36105  5896.3631   4.0 1 1 
	       1755.37  5894.6937  5894.6979   4.0 1 1 
	       1816.45 5891.45056   5891.451   4.0 1 1 
	       1844.48 5889.95448  5889.9531   4.0 1 1 
	       1870.06 5888.58495  5888.5841   4.0 1 1 
	       1908.32 5886.52952  5886.5314   4.0 1 1 
	       1923.69  5885.7013  5885.7016   4.0 1 1 
	       1980.50 5882.62701  5882.6242   4.0 1 1 
	function chebyshev
	order 5
	sample *
	naverage 1
	niterate 2000
	low_reject 3.
	high_reject 3.
	grow 0.
	coefficients	9
		1.
		5.
		64.83782196044922
		1980.500366210938
		5930.30380461523
		-46.2211215104945
		-1.461581719063849
		0.003349073606296089
		0.002563517273220243

# Fri 11:54:03 03-Feb-2023
begin	identify iazcomp.0030 - Ap 30
	id	iazcomp.0030
	task	identify
	image	iazcomp.0030 - Ap 30
	aperture	30
	aplow	1389.07
	aphigh	1398.54
	units	Angstroms
	features	35
	         63.47 5975.06279  5975.0648   4.0 1 1 
	         96.60  5973.6625  5973.6649   4.0 1 1 
	        144.97 5971.60611  5971.6008   4.0 1 1 
	        188.61 5969.73773  5969.7373   4.0 1 1 
	        310.19  5964.4702  5964.4723   4.0 1 1 
	        394.05 5960.78244  5960.7806   4.0 1 1 
	        495.54  5956.2596  5956.2588   4.0 1 1 
	        511.07 5955.56209  5955.5616   4.0 1 1 
	        659.85 5948.79803  5948.7991   4.0 1 1 
	        749.66 5944.64662  5944.6472   4.0 1 1 
	        774.96 5943.46756  5943.4653   4.0 1 1 
	        798.74 5942.35584  5942.3585   4.0 1 1 
	        836.95 5940.56178  5940.5653   4.0 1 1 
	        873.77 5938.82416  5938.8252   4.0 1 1 
	        881.41 5938.46234   5938.457   4.0 1 1 
	        898.28 5937.66262  5937.6634   4.0 1 1 
	        925.19  5936.3831  5936.3861   4.0 1 1 
	       1059.37 5929.93265  5929.9343   4.0 1 1 
	       1082.38  5928.8149   5928.813   4.0 1 1 
	       1117.12 5927.12117  5927.1258   4.0 1 1 
	       1152.07 5925.40908  5925.4036   4.0 1 1 
	       1282.62 5918.94522  5918.9442   4.0 1 1 
	       1418.81   5912.086  5912.0853   4.0 1 1 
	       1435.57 5911.23371  5911.2296   4.0 1 1 
	       1546.10 5905.56921  5905.5707   4.0 1 1 
	       1603.40 5902.60174  5902.6021   4.0 1 1 
	       1656.29 5899.84508  5899.8441   4.0 1 1 
	       1722.64 5896.36176  5896.3631   4.0 1 1 
	       1754.22 5894.69392  5894.6979   4.0 1 1 
	       1815.32 5891.45024   5891.451   4.0 1 1 
	       1843.34  5889.9547  5889.9531   4.0 1 1 
	       1868.93 5888.58503  5888.5841   4.0 1 1 
	       1907.20 5886.52897  5886.5314   4.0 1 1 
	       1922.55 5885.70156  5885.7016   4.0 1 1 
	       1979.37 5882.62684  5882.6242   4.0 1 1 
	function chebyshev
	order 5
	sample *
	naverage 1
	niterate 2000
	low_reject 3.
	high_reject 3.
	grow 0.
	coefficients	9
		1.
		5.
		63.46683502197265
		1979.37255859375
		5930.304318355099
		-46.22083702295798
		-1.46199661069302
		0.002858701043845196
		0.00249477182056572

# Mon 14:51:21 06-Feb-2023
begin	identify iazcomp.0030 - Ap 30
	id	iazcomp.0030
	task	identify
	image	iazcomp.0030 - Ap 30
	aperture	30
	aplow	1389.07
	aphigh	1398.54
	units	Angstroms
	features	35
	         60.88 5975.06292  5975.0648   4.0 1 1 
	         94.02 5973.66287  5973.6649   4.0 1 1 
	        142.41 5971.60615  5971.6008   4.0 1 1 
	        186.10 5969.73653  5969.7373   4.0 1 1 
	        307.69 5964.47029  5964.4723   4.0 1 1 
	        391.55 5960.78417  5960.7806   4.0 1 1 
	        493.15 5956.25762  5956.2588   4.0 1 1 
	        508.62 5955.56266  5955.5616   4.0 1 1 
	        657.46 5948.79833  5948.7991   4.0 1 1 
	        747.30 5944.64677  5944.6472   4.0 1 1 
	        772.63 5943.46704  5943.4653   4.0 1 1 
	        796.40  5942.3559  5942.3585   4.0 1 1 
	        834.62 5940.56217  5940.5653   4.0 1 1 
	        871.46 5938.82444  5938.8252   4.0 1 1 
	        879.11 5938.46201   5938.457   4.0 1 1 
	        895.97 5937.66308  5937.6634   4.0 1 1 
	        922.91 5936.38237  5936.3861   4.0 1 1 
	       1057.11 5929.93294  5929.9343   4.0 1 1 
	       1080.15 5928.81436   5928.813   4.0 1 1 
	       1114.86  5927.1223  5927.1258   4.0 1 1 
	       1149.86 5925.40853  5925.4036   4.0 1 1 
	       1280.44 5918.94505  5918.9442   4.0 1 1 
	       1416.66 5912.08607  5912.0853   4.0 1 1 
	       1433.43 5911.23362  5911.2296   4.0 1 1 
	       1543.97 5905.56973  5905.5707   4.0 1 1 
	       1601.32 5902.60126  5902.6021   4.0 1 1 
	       1654.20 5899.84527  5899.8441   4.0 1 1 
	       1720.57 5896.36157  5896.3631   4.0 1 1 
	       1752.18 5894.69291  5894.6979   4.0 1 1 
	       1813.27 5891.45025   5891.451   4.0 1 1 
	       1841.28 5889.95569  5889.9531   4.0 1 1 
	       1866.88 5888.58531  5888.5841   4.0 1 1 
	       1905.16 5886.52933  5886.5314   4.0 1 1 
	       1920.52 5885.70144  5885.7016   4.0 1 1 
	       1977.36 5882.62632  5882.6242   4.0 1 1 
	function chebyshev
	order 5
	sample *
	naverage 1
	niterate 2000
	low_reject 3.
	high_reject 3.
	grow 0.
	coefficients	9
		1.
		5.
		60.87741470336913
		1977.3603515625
		5930.305205655107
		-46.22091626745656
		-1.462997780060708
		0.00261421317619208
		0.002410815612309006

# Mon 15:29:34 27-Feb-2023
begin	identify iazcomp.0030 - Ap 30
	id	iazcomp.0030
	task	identify
	image	iazcomp.0030 - Ap 30
	aperture	30
	aplow	1389.07
	aphigh	1398.54
	units	Angstroms
	features	31
	         65.85 5975.06261  5975.0648   4.0 1 1 
	         98.95  5973.6632  5973.6649   4.0 1 1 
	        147.31 5971.60659  5971.6008   4.0 1 1 
	        190.95 5969.73761  5969.7373   4.0 1 1 
	        312.54 5964.46764  5964.4723   4.0 1 1 
	        396.29 5960.78364  5960.7806   4.0 1 1 
	        497.77 5956.25945  5956.2588   4.0 1 1 
	        513.28   5955.562  5955.5616   4.0 1 1 
	        662.01 5948.79822  5948.7991   4.0 1 1 
	        751.77 5944.64744  5944.6472   4.0 1 1 
	        777.13 5943.46532  5943.4653   4.0 1 1 
	        875.85 5938.82483  5938.8252   4.0 1 1 
	        900.36 5937.66297  5937.6634   4.0 1 1 
	        927.27 5936.38292  5936.3861   4.0 1 1 
	       1061.40 5929.93342  5929.9343   4.0 1 1 
	       1084.43 5928.81438   5928.813   4.0 1 1 
	       1119.12 5927.12227  5927.1258   4.0 1 1 
	       1154.08 5925.40917  5925.4036   4.0 1 1 
	       1284.60 5918.94537  5918.9442   4.0 1 1 
	       1420.76 5912.08651  5912.0853   4.0 1 1 
	       1548.00 5905.57005  5905.5707   4.0 1 1 
	       1605.30 5902.60223  5902.6021   4.0 1 1 
	       1658.17 5899.84582  5899.8441   4.0 1 1 
	       1724.51 5896.36197  5896.3631   4.0 1 1 
	       1756.11 5894.69271  5894.6979   4.0 1 1 
	       1817.16 5891.45066   5891.451   4.0 1 1 
	       1845.14 5889.95639  5889.9531   4.0 1 1 
	       1870.75 5888.58528  5888.5841   4.0 1 1 
	       1908.99 5886.52971  5886.5314   4.0 1 1 
	       1924.36 5885.70093  5885.7016   4.0 1 1 
	       1981.17  5882.6256  5882.6242   4.0 1 1 
	function chebyshev
	order 5
	sample *
	naverage 1
	niterate 2000
	low_reject 3.
	high_reject 3.
	grow 0.
	coefficients	9
		1.
		5.
		65.84774780273436
		1981.167358398438
		5930.303529279397
		-46.22086913959076
		-1.461440432560769
		0.002364021632292783
		0.002013751079311138

# Tue 13:40:32 16-May-2023
begin	identify iazcomp.0030 - Ap 30
	id	iazcomp.0030
	task	identify
	image	iazcomp.0030 - Ap 30
	aperture	30
	aplow	1389.07
	aphigh	1398.54
	units	Angstroms
	features	31
	         64.99 5975.06285  5975.0648   4.0 1 1 
	         98.11 5973.66304  5973.6649   4.0 1 1 
	        146.51 5971.60507  5971.6008   4.0 1 1 
	        190.09 5969.73945  5969.7373   4.0 1 1 
	        311.77 5964.46708  5964.4723   4.0 1 1 
	        395.51 5960.78385  5960.7806   4.0 1 1 
	        497.02 5956.25941  5956.2588   4.0 1 1 
	        512.53 5955.56234  5955.5616   4.0 1 1 
	        661.29 5948.79814  5948.7991   4.0 1 1 
	        751.07   5944.647  5944.6472   4.0 1 1 
	        776.42  5943.4653  5943.4653   4.0 1 1 
	        875.16 5938.82449  5938.8252   4.0 1 1 
	        899.66 5937.66313  5937.6634   4.0 1 1 
	        926.58 5936.38281  5936.3861   4.0 1 1 
	       1060.71 5929.93354  5929.9343   4.0 1 1 
	       1083.75  5928.8142   5928.813   4.0 1 1 
	       1118.44 5927.12273  5927.1258   4.0 1 1 
	       1153.41 5925.40962  5925.4036   4.0 1 1 
	       1283.94 5918.94537  5918.9442   4.0 1 1 
	       1420.12 5912.08591  5912.0853   4.0 1 1 
	       1547.37 5905.56993  5905.5707   4.0 1 1 
	       1604.67 5902.60248  5902.6021   4.0 1 1 
	       1657.54 5899.84604  5899.8441   4.0 1 1 
	       1723.90 5896.36153  5896.3631   4.0 1 1 
	       1755.48 5894.69373  5894.6979   4.0 1 1 
	       1816.55 5891.45078   5891.451   4.0 1 1 
	       1844.55 5889.95635  5889.9531   4.0 1 1 
	       1870.18 5888.58412  5888.5841   4.0 1 1 
	       1908.41 5886.52937  5886.5314   4.0 1 1 
	       1923.78  5885.7011  5885.7016   4.0 1 1 
	       1980.59 5882.62613  5882.6242   4.0 1 1 
	function chebyshev
	order 5
	sample *
	naverage 1
	niterate 2000
	low_reject 3.
	high_reject 3.
	grow 0.
	coefficients	9
		1.
		5.
		64.98896026611328
		1980.587280273438
		5930.304542163018
		-46.22126616808959
		-1.462134921593239
		0.002908804816100588
		0.002081407738816163

# Mon 15:28:49 14-Aug-2023
begin	identify iazcomp.0030 - Ap 30
	id	iazcomp.0030
	task	identify
	image	iazcomp.0030 - Ap 30
	aperture	30
	aplow	1389.07
	aphigh	1398.54
	units	Angstroms
	features	31
	         68.70 5975.06248  5975.0648   4.0 1 1 
	        101.80 5973.66303  5973.6649   4.0 1 1 
	        150.14 5971.60709  5971.6008   4.0 1 1 
	        193.80 5969.73744  5969.7373   4.0 1 1 
	        315.37 5964.46779  5964.4723   4.0 1 1 
	        399.11 5960.78343  5960.7806   4.0 1 1 
	        500.59 5956.25843  5956.2588   4.0 1 1 
	        516.05 5955.56288  5955.5616   4.0 1 1 
	        664.75 5948.79868  5948.7991   4.0 1 1 
	        754.51 5944.64702  5944.6472   4.0 1 1 
	        779.85 5943.46593  5943.4653   4.0 1 1 
	        878.55 5938.82479  5938.8252   4.0 1 1 
	        903.05 5937.66307  5937.6634   4.0 1 1 
	        929.97 5936.38228  5936.3861   4.0 1 1 
	       1064.05 5929.93345  5929.9343   4.0 1 1 
	       1087.08 5928.81398   5928.813   4.0 1 1 
	       1121.77 5927.12183  5927.1258   4.0 1 1 
	       1156.70 5925.40973  5925.4036   4.0 1 1 
	       1287.19 5918.94558  5918.9442   4.0 1 1 
	       1423.32 5912.08651  5912.0853   4.0 1 1 
	       1550.53 5905.57073  5905.5707   4.0 1 1 
	       1607.84 5902.60177  5902.6021   4.0 1 1 
	       1660.67 5899.84641  5899.8441   4.0 1 1 
	       1727.04 5896.36065  5896.3631   4.0 1 1 
	       1758.59 5894.69377  5894.6979   4.0 1 1 
	       1819.64 5891.45122   5891.451   4.0 1 1 
	       1847.64   5889.956  5889.9531   4.0 1 1 
	       1873.26 5888.58403  5888.5841   4.0 1 1 
	       1911.47 5886.52977  5886.5314   4.0 1 1 
	       1926.85  5885.7009  5885.7016   4.0 1 1 
	       1983.63 5882.62621  5882.6242   4.0 1 1 
	function chebyshev
	order 5
	sample *
	naverage 1
	niterate 2000
	low_reject 3.
	high_reject 3.
	grow 0.
	coefficients	9
		1.
		5.
		68.70112609863281
		1983.634765625
		5930.303693001793
		-46.22133365863119
		-1.461325153037389
		0.003198300159984681
		0.001980308964026391

# Mon 16:09:30 14-Aug-2023
begin	identify iazcomp.0030 - Ap 30
	id	iazcomp.0030
	task	identify
	image	iazcomp.0030 - Ap 30
	aperture	30
	aplow	1389.07
	aphigh	1398.54
	units	Angstroms
	features	31
	         68.67 5975.06309  5975.0648   4.0 1 1 
	        101.78 5973.66338  5973.6649   4.0 1 1 
	        150.18  5971.6048  5971.6008   4.0 1 1 
	        193.76 5969.73835  5969.7373   4.0 1 1 
	        315.35 5964.46822  5964.4723   4.0 1 1 
	        399.09 5960.78427  5960.7806   4.0 1 1 
	        500.62 5956.25813  5956.2588   4.0 1 1 
	        516.10 5955.56232  5955.5616   4.0 1 1 
	        664.82 5948.79842  5948.7991   4.0 1 1 
	        754.60 5944.64675  5944.6472   4.0 1 1 
	        779.94 5943.46584  5943.4653   4.0 1 1 
	        878.67  5938.8247  5938.8252   4.0 1 1 
	        903.18 5937.66291  5937.6634   4.0 1 1 
	        930.08 5936.38317  5936.3861   4.0 1 1 
	       1064.21  5929.9333  5929.9343   4.0 1 1 
	       1087.24 5928.81421   5928.813   4.0 1 1 
	       1121.92 5927.12277  5927.1258   4.0 1 1 
	       1156.89 5925.40942  5925.4036   4.0 1 1 
	       1287.41 5918.94522  5918.9442   4.0 1 1 
	       1423.56 5912.08634  5912.0853   4.0 1 1 
	       1550.79  5905.5702  5905.5707   4.0 1 1 
	       1608.11 5902.60128  5902.6021   4.0 1 1 
	       1660.97  5899.8455  5899.8441   4.0 1 1 
	       1727.30 5896.36185  5896.3631   4.0 1 1 
	       1758.86 5894.69491  5894.6979   4.0 1 1 
	       1819.95 5891.45056   5891.451   4.0 1 1 
	       1847.95 5889.95575  5889.9531   4.0 1 1 
	       1873.55 5888.58487  5888.5841   4.0 1 1 
	       1911.77  5886.5303  5886.5314   4.0 1 1 
	       1927.17 5885.70032  5885.7016   4.0 1 1 
	       1983.96 5882.62575  5882.6242   4.0 1 1 
	function chebyshev
	order 5
	sample *
	naverage 1
	niterate 2000
	low_reject 3.
	high_reject 3.
	grow 0.
	coefficients	9
		1.
		5.
		68.67146301269531
		1983.958251953125
		5930.303643998615
		-46.22110250885568
		-1.461412779520032
		0.002433581936055084
		0.002189304293966166

