# Tue 22:47:01 07-Sep-2021
begin	identify iazcomp.0042 - Ap 42
	id	iazcomp.0042
	task	identify
	image	iazcomp.0042 - Ap 42
	aperture	42
	aplow	1530.69
	aphigh	1538.13
	units	Angstroms
	features	23
	         19.47 7471.16422  7471.1641   4.0 1 1 
	        194.52 7461.87295  7461.8746   4.0 1 1 
	        317.39 7455.20641   7455.208   4.0 1 1 
	        505.77 7444.75263  7444.7489   4.0 1 1 
	        581.06 7440.49598  7440.4933   4.0 1 1 
	        654.55 7436.29777   7436.297   4.0 1 1 
	        670.68 7435.37032  7435.3683   4.0 1 1 
	        759.06 7430.25339  7430.2533   4.0 1 1 
	        781.55   7428.941  7428.9405   4.0 1 1 
	        843.76 7425.29128  7425.2942   4.0 1 1 
	        894.17 7422.31056  7422.3118   4.0 1 1 
	        957.34 7418.54763  7418.5499   4.0 1 1 
	        970.03 7417.78783  7417.7908   4.0 1 1 
	       1060.46 7412.33627  7412.3368   4.0 1 1 
	       1070.33 7411.73755  7411.7363   4.0 1 1 
	       1366.01 7393.43666  7393.4377   4.0 1 1 
	       1373.23 7392.98124  7392.9801   4.0 1 1 
	       1490.87 7385.49971  7385.5006   4.0 1 1 
	       1569.68  7380.4265  7380.4263   4.0 1 1 
	       1624.35  7376.8782  7376.8772   4.0 1 1 
	       1716.71 7370.82957  7370.8255   4.0 1 1 
	       1978.90 7353.28953   7353.293   4.0 1 1 
	       2015.24 7350.81501   7350.814   4.0 1 1 
	function chebyshev
	order 4
	sample *
	naverage 1
	niterate 2000
	low_reject 3.
	high_reject 3.
	grow 0.
	coefficients	8
		1.
		4.
		19.46636962890625
		2015.24462890625
		7412.96631782816
		-60.17399583889888
		-1.976706752583026
		-6.083307556836743E-4

# Fri 11:07:22 11-Mar-2022
begin	identify iazcomp.0042 - Ap 42
	id	iazcomp.0042
	task	identify
	image	iazcomp.0042 - Ap 42
	aperture	42
	aplow	1530.69
	aphigh	1538.13
	units	Angstroms
	features	22
	          3.17  7471.1628  7471.1641   4.0 1 1 
	        178.27  7461.8728  7461.8746   4.0 1 1 
	        434.28 7447.85285  7447.8488   4.0 1 1 
	        489.67 7444.75154  7444.7489   4.0 1 1 
	        564.96 7440.49652  7440.4933   4.0 1 1 
	        638.51 7436.29677   7436.297   4.0 1 1 
	        654.66 7435.36884  7435.3683   4.0 1 1 
	        743.06 7430.25296  7430.2533   4.0 1 1 
	        765.57 7428.94016  7428.9405   4.0 1 1 
	        827.80 7425.29075  7425.2942   4.0 1 1 
	        878.24 7422.31039  7422.3118   4.0 1 1 
	        941.45 7418.54674  7418.5499   4.0 1 1 
	       1044.61 7412.33601  7412.3368   4.0 1 1 
	       1350.34 7393.43526  7393.4377   4.0 1 1 
	       1357.55 7392.98061  7392.9801   4.0 1 1 
	       1475.25 7385.49974  7385.5006   4.0 1 1 
	       1554.10 7380.42645  7380.4263   4.0 1 1 
	       1608.81 7376.87735  7376.8772   4.0 1 1 
	       1681.58 7372.12019  7372.1184   4.0 1 1 
	       1701.16 7370.83302  7370.8255   4.0 1 1 
	       1963.57 7353.28875   7353.293   4.0 1 1 
	       1999.94  7350.8138   7350.814   4.0 1 1 
	function chebyshev
	order 4
	sample *
	naverage 1
	niterate 2000
	low_reject 3.
	high_reject 3.
	grow 0.
	coefficients	8
		1.
		4.
		3.169731855392456
		1999.938598632813
		7412.963351440472
		-60.17391931860183
		-1.975050613029238
		-5.797949983915974E-4

# Tue 15:32:36 29-Mar-2022
begin	identify iazcomp.0042 - Ap 42
	id	iazcomp.0042
	task	identify
	image	iazcomp.0042 - Ap 42
	aperture	42
	aplow	1530.69
	aphigh	1538.13
	units	Angstroms
	features	22
	          3.87 7471.16303  7471.1641   4.0 1 1 
	        178.96 7461.87214  7461.8746   4.0 1 1 
	        434.91 7447.85449  7447.8488   4.0 1 1 
	        490.35 7444.75011  7444.7489   4.0 1 1 
	        565.58 7440.49788  7440.4933   4.0 1 1 
	        639.16  7436.2963   7436.297   4.0 1 1 
	        655.31 7435.36854  7435.3683   4.0 1 1 
	        743.70 7430.25243  7430.2533   4.0 1 1 
	        766.22 7428.93967  7428.9405   4.0 1 1 
	        828.43 7425.29094  7425.2942   4.0 1 1 
	        878.86 7422.31038  7422.3118   4.0 1 1 
	        942.06 7418.54729  7418.5499   4.0 1 1 
	       1045.24 7412.33525  7412.3368   4.0 1 1 
	       1350.92 7393.43582  7393.4377   4.0 1 1 
	       1358.14 7392.98099  7392.9801   4.0 1 1 
	       1475.83 7385.49995  7385.5006   4.0 1 1 
	       1554.67 7380.42707  7380.4263   4.0 1 1 
	       1609.37 7376.87875  7376.8772   4.0 1 1 
	       1682.15 7372.12059  7372.1184   4.0 1 1 
	       1701.79 7370.82952  7370.8255   4.0 1 1 
	       1964.13 7353.28842   7353.293   4.0 1 1 
	       2000.48 7350.81472   7350.814   4.0 1 1 
	function chebyshev
	order 4
	sample *
	naverage 1
	niterate 2000
	low_reject 3.
	high_reject 3.
	grow 0.
	coefficients	8
		1.
		4.
		3.872062921524048
		2000.478881835938
		7412.963536102514
		-60.1733857226234
		-1.974657731653126
		-7.682644202899910E-4

# Mon 19:13:58 30-Jan-2023
begin	identify iazcomp.0042 - Ap 42
	id	iazcomp.0042
	task	identify
	image	iazcomp.0042 - Ap 42
	aperture	42
	aplow	1530.69
	aphigh	1538.13
	units	Angstroms
	features	27
	         16.60 7471.16801  7471.1641   4.0 1 1 
	         56.95   7469.048  7469.0566   4.0 1 1 
	        191.65 7461.87754  7461.8746   4.0 1 1 
	        314.64 7455.20554   7455.208   4.0 1 1 
	        447.65 7447.85522  7447.8488   4.0 1 1 
	        503.06 7444.75164  7444.7489   4.0 1 1 
	        578.36  7440.4952  7440.4933   4.0 1 1 
	        651.86 7436.29695   7436.297   4.0 1 1 
	        667.99 7435.37028  7435.3683   4.0 1 1 
	        756.40 7430.25285  7430.2533   4.0 1 1 
	        778.91 7428.94007  7428.9405   4.0 1 1 
	        841.10 7425.29166  7425.2942   4.0 1 1 
	        891.54 7422.31017  7422.3118   4.0 1 1 
	        954.72 7418.54774  7418.5499   4.0 1 1 
	        967.44 7417.78646  7417.7908   4.0 1 1 
	       1057.88 7412.33574  7412.3368   4.0 1 1 
	       1067.72 7411.73837  7411.7363   4.0 1 1 
	       1080.45 7410.96527  7410.9683   4.0 1 1 
	       1363.49 7393.43659  7393.4377   4.0 1 1 
	       1370.69  7392.9818  7392.9801   4.0 1 1 
	       1488.36 7385.50061  7385.5006   4.0 1 1 
	       1567.19 7380.42646  7380.4263   4.0 1 1 
	       1621.87 7376.87819  7376.8772   4.0 1 1 
	       1694.59 7372.12208  7372.1184   4.0 1 1 
	       1714.25 7370.82913  7370.8255   4.0 1 1 
	       1976.46 7353.28877   7353.293   4.0 1 1 
	       2012.81 7350.81395   7350.814   4.0 1 1 
	function chebyshev
	order 4
	sample *
	naverage 1
	niterate 2000
	low_reject 3.
	high_reject 3.
	grow 0.
	coefficients	8
		1.
		4.
		16.59807968139649
		2012.80859375
		7412.968413850837
		-60.17524597482774
		-1.977434960481686
		-0.001781785511878164

# Fri 11:54:33 03-Feb-2023
begin	identify iazcomp.0042 - Ap 42
	id	iazcomp.0042
	task	identify
	image	iazcomp.0042 - Ap 42
	aperture	42
	aplow	1530.69
	aphigh	1538.13
	units	Angstroms
	features	27
	         15.22  7471.1654  7471.1641   4.0 1 1 
	         55.50 7469.04962  7469.0566   4.0 1 1 
	        190.28 7461.87645  7461.8746   4.0 1 1 
	        313.21 7455.20886   7455.208   4.0 1 1 
	        446.29 7447.85564  7447.8488   4.0 1 1 
	        501.70 7444.75304  7444.7489   4.0 1 1 
	        577.04 7440.49522  7440.4933   4.0 1 1 
	        650.58 7436.29582   7436.297   4.0 1 1 
	        666.70 7435.36948  7435.3683   4.0 1 1 
	        755.12 7430.25255  7430.2533   4.0 1 1 
	        777.62 7428.94035  7428.9405   4.0 1 1 
	        839.83 7425.29132  7425.2942   4.0 1 1 
	        890.27 7422.31075  7422.3118   4.0 1 1 
	        953.47 7418.54763  7418.5499   4.0 1 1 
	        966.19 7417.78616  7417.7908   4.0 1 1 
	       1056.63 7412.33638  7412.3368   4.0 1 1 
	       1066.50 7411.73756  7411.7363   4.0 1 1 
	       1079.27  7410.9618  7410.9683   4.0 1 1 
	       1362.29 7393.43672  7393.4377   4.0 1 1 
	       1369.49 7392.98272  7392.9801   4.0 1 1 
	       1487.17 7385.50089  7385.5006   4.0 1 1 
	       1566.00 7380.42773  7380.4263   4.0 1 1 
	       1620.70 7376.87867  7376.8772   4.0 1 1 
	       1693.42  7372.1229  7372.1184   4.0 1 1 
	       1713.09 7370.82915  7370.8255   4.0 1 1 
	       1975.34 7353.28789   7353.293   4.0 1 1 
	       2011.68 7350.81361   7350.814   4.0 1 1 
	function chebyshev
	order 4
	sample *
	naverage 1
	niterate 2000
	low_reject 3.
	high_reject 3.
	grow 0.
	coefficients	8
		1.
		4.
		15.22006988525391
		2011.67822265625
		7412.967976860607
		-60.17387974869835
		-1.978473880145249
		-0.002018137764205584

# Mon 14:51:56 06-Feb-2023
begin	identify iazcomp.0042 - Ap 42
	id	iazcomp.0042
	task	identify
	image	iazcomp.0042 - Ap 42
	aperture	42
	aplow	1530.69
	aphigh	1538.13
	units	Angstroms
	features	27
	         12.61 7471.16778  7471.1641   4.0 1 1 
	         52.99 7469.04744  7469.0566   4.0 1 1 
	        187.77 7461.87655  7461.8746   4.0 1 1 
	        310.78 7455.20671   7455.208   4.0 1 1 
	        443.85 7447.85635  7447.8488   4.0 1 1 
	        499.29 7444.75273  7444.7489   4.0 1 1 
	        574.64 7440.49602  7440.4933   4.0 1 1 
	        648.19 7436.29679   7436.297   4.0 1 1 
	        664.33 7435.36969  7435.3683   4.0 1 1 
	        752.77 7430.25318  7430.2533   4.0 1 1 
	        775.29 7428.94019  7428.9405   4.0 1 1 
	        837.52 7425.29162  7425.2942   4.0 1 1 
	        887.97 7422.31061  7422.3118   4.0 1 1 
	        951.18 7418.54801  7418.5499   4.0 1 1 
	        963.91 7417.78631  7417.7908   4.0 1 1 
	       1054.38 7412.33589  7412.3368   4.0 1 1 
	       1064.22 7411.73925  7411.7363   4.0 1 1 
	       1077.07 7410.95893  7410.9683   4.0 1 1 
	       1360.11 7393.43705  7393.4377   4.0 1 1 
	       1367.33 7392.98176  7392.9801   4.0 1 1 
	       1485.04 7385.50069  7385.5006   4.0 1 1 
	       1563.90  7380.4268  7380.4263   4.0 1 1 
	       1618.59 7376.87914  7376.8772   4.0 1 1 
	       1691.34 7372.12242  7372.1184   4.0 1 1 
	       1710.97 7370.83153  7370.8255   4.0 1 1 
	       1973.33 7353.28748   7353.293   4.0 1 1 
	       2009.67  7350.8134   7350.814   4.0 1 1 
	function chebyshev
	order 4
	sample *
	naverage 1
	niterate 2000
	low_reject 3.
	high_reject 3.
	grow 0.
	coefficients	8
		1.
		4.
		12.60931015014649
		2009.674072265625
		7412.969764072313
		-60.17518438962563
		-1.979170096004814
		-0.002006529775189304

# Mon 15:31:19 27-Feb-2023
begin	identify iazcomp.0042 - Ap 42
	id	iazcomp.0042
	task	identify
	image	iazcomp.0042 - Ap 42
	aperture	42
	aplow	1530.69
	aphigh	1538.13
	units	Angstroms
	features	24
	         17.59 7471.16311  7471.1641   4.0 1 1 
	        192.60 7461.87342  7461.8746   4.0 1 1 
	        315.51 7455.20465   7455.208   4.0 1 1 
	        448.48 7447.85487  7447.8488   4.0 1 1 
	        503.88  7444.7513  7444.7489   4.0 1 1 
	        579.12 7440.49758  7440.4933   4.0 1 1 
	        652.65 7436.29694   7436.297   4.0 1 1 
	        668.79 7435.36937  7435.3683   4.0 1 1 
	        757.18 7430.25226  7430.2533   4.0 1 1 
	        779.64 7428.94176  7428.9405   4.0 1 1 
	        841.87 7425.29066  7425.2942   4.0 1 1 
	        892.29 7422.30973  7422.3118   4.0 1 1 
	        955.45  7418.5478  7418.5499   4.0 1 1 
	        968.16 7417.78687  7417.7908   4.0 1 1 
	       1058.60 7412.33542  7412.3368   4.0 1 1 
	       1068.44 7411.73808  7411.7363   4.0 1 1 
	       1364.15 7393.43617  7393.4377   4.0 1 1 
	       1489.02 7385.49949  7385.5006   4.0 1 1 
	       1567.83 7380.42616  7380.4263   4.0 1 1 
	       1622.49 7376.87869  7376.8772   4.0 1 1 
	       1695.24 7372.12039  7372.1184   4.0 1 1 
	       1714.83 7370.83208  7370.8255   4.0 1 1 
	       1977.07 7353.28844   7353.293   4.0 1 1 
	       2013.41 7350.81407   7350.814   4.0 1 1 
	function chebyshev
	order 4
	sample *
	naverage 1
	niterate 2000
	low_reject 3.
	high_reject 3.
	grow 0.
	coefficients	8
		1.
		4.
		17.59039878845215
		2013.410400390625
		7412.964901595853
		-60.1733087865236
		-1.976312924251303
		-0.00121219777969666

# Tue 13:41:15 16-May-2023
begin	identify iazcomp.0042 - Ap 42
	id	iazcomp.0042
	task	identify
	image	iazcomp.0042 - Ap 42
	aperture	42
	aplow	1530.69
	aphigh	1538.13
	units	Angstroms
	features	24
	         16.70 7471.16369  7471.1641   4.0 1 1 
	        191.80 7461.87212  7461.8746   4.0 1 1 
	        314.71 7455.20475   7455.208   4.0 1 1 
	        447.71 7447.85556  7447.8488   4.0 1 1 
	        503.12 7444.75201  7444.7489   4.0 1 1 
	        578.39 7440.49728  7440.4933   4.0 1 1 
	        651.93 7436.29711   7436.297   4.0 1 1 
	        668.09 7435.36864  7435.3683   4.0 1 1 
	        756.47 7430.25248  7430.2533   4.0 1 1 
	        778.96 7428.94101  7428.9405   4.0 1 1 
	        841.18 7425.29071  7425.2942   4.0 1 1 
	        891.60  7422.3104  7422.3118   4.0 1 1 
	        954.78 7418.54778  7418.5499   4.0 1 1 
	        967.49 7417.78685  7417.7908   4.0 1 1 
	       1057.94 7412.33557  7412.3368   4.0 1 1 
	       1067.79  7411.7377  7411.7363   4.0 1 1 
	       1363.53 7393.43643  7393.4377   4.0 1 1 
	       1488.40 7385.50021  7385.5006   4.0 1 1 
	       1567.24 7380.42615  7380.4263   4.0 1 1 
	       1621.91 7376.87817  7376.8772   4.0 1 1 
	       1694.64 7372.12155  7372.1184   4.0 1 1 
	       1714.27 7370.83023  7370.8255   4.0 1 1 
	       1976.50 7353.28886   7353.293   4.0 1 1 
	       2012.85 7350.81404   7350.814   4.0 1 1 
	function chebyshev
	order 4
	sample *
	naverage 1
	niterate 2000
	low_reject 3.
	high_reject 3.
	grow 0.
	coefficients	8
		1.
		4.
		16.70453643798828
		2012.850219726562
		7412.966882237628
		-60.17376419411241
		-1.97801828269018
		-0.00106096493941142

# Mon 15:29:45 14-Aug-2023
begin	identify iazcomp.0042 - Ap 42
	id	iazcomp.0042
	task	identify
	image	iazcomp.0042 - Ap 42
	aperture	42
	aplow	1530.69
	aphigh	1538.13
	units	Angstroms
	features	24
	         20.46 7471.16185  7471.1641   4.0 1 1 
	        195.42 7461.87397  7461.8746   4.0 1 1 
	        318.28  7455.2072   7455.208   4.0 1 1 
	        451.29 7447.85442  7447.8488   4.0 1 1 
	        506.65 7444.75231  7444.7489   4.0 1 1 
	        581.91 7440.49673  7440.4933   4.0 1 1 
	        655.42 7436.29709   7436.297   4.0 1 1 
	        671.57 7435.36837  7435.3683   4.0 1 1 
	        759.93 7430.25204  7430.2533   4.0 1 1 
	        782.41 7428.94013  7428.9405   4.0 1 1 
	        844.60 7425.29062  7425.2942   4.0 1 1 
	        895.00 7422.31035  7422.3118   4.0 1 1 
	        958.17 7418.54703  7418.5499   4.0 1 1 
	        970.87 7417.78628  7417.7908   4.0 1 1 
	       1061.28 7412.33552  7412.3368   4.0 1 1 
	       1071.10  7411.7393  7411.7363   4.0 1 1 
	       1366.76 7393.43687  7393.4377   4.0 1 1 
	       1491.59 7385.50039  7385.5006   4.0 1 1 
	       1570.40 7380.42611  7380.4263   4.0 1 1 
	       1625.07 7376.87739  7376.8772   4.0 1 1 
	       1697.76 7372.12216  7372.1184   4.0 1 1 
	       1717.39 7370.83071  7370.8255   4.0 1 1 
	       1979.55 7353.28874   7353.293   4.0 1 1 
	       2015.90 7350.81373   7350.814   4.0 1 1 
	function chebyshev
	order 4
	sample *
	naverage 1
	niterate 2000
	low_reject 3.
	high_reject 3.
	grow 0.
	coefficients	8
		1.
		4.
		20.45680236816407
		2015.896240234375
		7412.964966091079
		-60.17332774806619
		-1.977178559830771
		-7.309609942206656E-4

# Mon 16:09:58 14-Aug-2023
begin	identify iazcomp.0042 - Ap 42
	id	iazcomp.0042
	task	identify
	image	iazcomp.0042 - Ap 42
	aperture	42
	aplow	1530.69
	aphigh	1538.13
	units	Angstroms
	features	24
	         20.42 7471.16319  7471.1641   4.0 1 1 
	        195.47 7461.87173  7461.8746   4.0 1 1 
	        318.31 7455.20663   7455.208   4.0 1 1 
	        451.30 7447.85551  7447.8488   4.0 1 1 
	        506.69  7444.7527  7444.7489   4.0 1 1 
	        581.99 7440.49549  7440.4933   4.0 1 1 
	        655.48 7436.29753   7436.297   4.0 1 1 
	        671.63 7435.36913  7435.3683   4.0 1 1 
	        760.01 7430.25208  7430.2533   4.0 1 1 
	        782.50  7428.9402  7428.9405   4.0 1 1 
	        844.69 7425.29105  7425.2942   4.0 1 1 
	        895.10 7422.31077  7422.3118   4.0 1 1 
	        958.28 7418.54721  7418.5499   4.0 1 1 
	        970.99 7417.78609  7417.7908   4.0 1 1 
	       1061.41 7412.33558  7412.3368   4.0 1 1 
	       1071.25 7411.73848  7411.7363   4.0 1 1 
	       1366.96 7393.43627  7393.4377   4.0 1 1 
	       1491.81 7385.50041  7385.5006   4.0 1 1 
	       1570.63 7380.42673  7380.4263   4.0 1 1 
	       1625.30 7376.87823  7376.8772   4.0 1 1 
	       1698.01 7372.12273  7372.1184   4.0 1 1 
	       1717.68 7370.82867  7370.8255   4.0 1 1 
	       1979.86  7353.2892   7353.293   4.0 1 1 
	       2016.22 7350.81367   7350.814   4.0 1 1 
	function chebyshev
	order 4
	sample *
	naverage 1
	niterate 2000
	low_reject 3.
	high_reject 3.
	grow 0.
	coefficients	8
		1.
		4.
		20.42217636108398
		2016.21728515625
		7412.964882806097
		-60.1738207704362
		-1.976453519126476
		-9.431234826018450E-4

