# Tue 22:39:08 07-Sep-2021
begin	identify iazcomp.0013 - Ap 13
	id	iazcomp.0013
	task	identify
	image	iazcomp.0013 - Ap 13
	aperture	13
	aplow	1126.11
	aphigh	1134.88
	units	Angstroms
	features	29
	         13.81 4657.89855  4657.9012   4.0 1 1 
	         95.89 4655.21048  4655.2126   4.0 1 1 
	        192.76  4651.9947  4651.9895   4.0 1 1 
	        333.00 4647.25592  4647.2509   4.0 1 1 
	        349.77 4646.68267  4646.6861   4.0 1 1 
	        440.49  4643.5575  4643.5566   4.0 1 1 
	        579.59 4638.68574  4638.6849   4.0 1 1 
	        595.41 4638.12541  4638.1259   4.0 1 1 
	        620.54 4637.23303  4637.2328   4.0 1 1 
	        863.59 4628.43993  4628.4409   4.0 1 1 
	        894.63 4627.29568   4627.298   4.0 1 1 
	        975.05 4624.30913   4624.314   4.0 1 1 
	       1211.72 4615.33369   4615.334   4.0 1 1 
	       1219.71 4615.02593   4615.024   4.0 1 1 
	       1256.49 4613.60471  4613.6044   4.0 1 1 
	       1283.77 4612.54653  4612.5435   4.0 1 1 
	       1301.51 4611.85615  4611.8597   4.0 1 1 
	       1360.01 4609.56894  4609.5673   4.0 1 1 
	       1384.12 4608.62123  4608.6201   4.0 1 1 
	       1401.56 4607.93382  4607.9347   4.0 1 1 
	       1522.05 4603.14486  4603.1446   4.0 1 1 
	       1607.42 4599.70855  4599.7046   4.0 1 1 
	       1630.72 4598.76401  4598.7627   4.0 1 1 
	       1712.69 4595.42127  4595.4206   4.0 1 1 
	       1756.07 4593.63886  4593.6437   4.0 1 1 
	       1779.64 4592.66627   4592.666   4.0 1 1 
	       1846.40 4589.89723  4589.8978   4.0 1 1 
	       1861.47 4589.26911  4589.2668   4.0 1 1 
	       1881.70 4588.42411  4588.4261   4.0 1 1 
	function chebyshev
	order 4
	sample *
	naverage 1
	niterate 2000
	low_reject 3.
	high_reject 3.
	grow 0.
	coefficients	8
		1.
		4.
		13.81164264678955
		1881.70166015625
		4624.243823260743
		-34.738843247218
		-1.082494061175825
		0.001619055143745356

# Fri 10:52:24 11-Mar-2022
begin	identify iazcomp.0013 - Ap 13
	id	iazcomp.0013
	task	identify
	image	iazcomp.0013 - Ap 13
	aperture	13
	aplow	1126.11
	aphigh	1134.88
	units	Angstroms
	features	39
	        177.51 4651.98697  4651.9895   4.0 1 1 
	        190.44  4651.5546  4651.5552   4.0 1 1 
	        229.75 4650.23547  4650.2343   4.0 1 1 
	        317.83 4647.25146  4647.2509   4.0 1 1 
	        391.93 4644.71089  4644.7072   4.0 1 1 
	        425.34 4643.55606  4643.5566   4.0 1 1 
	        526.01 4640.04305  4640.0462   4.0 1 1 
	        540.88 4639.52007  4639.5188   4.0 1 1 
	        564.52 4638.68583  4638.6849   4.0 1 1 
	        580.33 4638.12641  4638.1259   4.0 1 1 
	        605.47 4637.23436  4637.2328   4.0 1 1 
	        848.66 4628.44147  4628.4409   4.0 1 1 
	        855.16 4628.20248  4628.2015   4.0 1 1 
	        879.73 4627.29714   4627.298   4.0 1 1 
	        928.49 4625.49113  4625.4938   4.0 1 1 
	        940.29 4625.05203  4625.0538   4.0 1 1 
	        960.19 4624.31065   4624.314   4.0 1 1 
	       1068.44 4620.24175  4620.2408   4.0 1 1 
	       1196.99 4615.33429   4615.334   4.0 1 1 
	       1205.02 4615.02511   4615.024   4.0 1 1 
	       1241.79 4613.60495  4613.6044   4.0 1 1 
	       1269.12 4612.54506  4612.5435   4.0 1 1 
	       1286.81 4611.85721  4611.8597   4.0 1 1 
	       1318.32 4610.62785  4610.6272   4.0 1 1 
	       1345.34 4609.56988  4609.5673   4.0 1 1 
	       1369.46   4608.622  4608.6201   4.0 1 1 
	       1386.96 4607.93284  4607.9347   4.0 1 1 
	       1401.08 4607.37574   4607.378   4.0 1 1 
	       1507.49 4603.14472  4603.1446   4.0 1 1 
	       1513.94 4602.88652  4602.8862   4.0 1 1 
	       1592.91  4599.7082  4599.7046   4.0 1 1 
	       1616.24 4598.76319  4598.7627   4.0 1 1 
	       1681.72 4596.09727  4596.0967   4.0 1 1 
	       1698.27 4595.41992  4595.4206   4.0 1 1 
	       1741.62 4593.63997  4593.6437   4.0 1 1 
	       1765.26 4592.66505   4592.666   4.0 1 1 
	       1832.05 4589.89703  4589.8978   4.0 1 1 
	       1847.07  4589.2713  4589.2668   4.0 1 1 
	       1867.38 4588.42386  4588.4261   4.0 1 1 
	function chebyshev
	order 4
	sample *
	naverage 1
	niterate 2000
	low_reject 3.
	high_reject 3.
	grow 0.
	coefficients	8
		1.
		4.
		177.5083465576172
		1867.378540039063
		4621.091542383283
		-31.78434282659446
		-0.8861289103772074
		0.002788907582434024

# Tue 15:08:31 29-Mar-2022
begin	identify iazcomp.0013 - Ap 13
	id	iazcomp.0013
	task	identify
	image	iazcomp.0013 - Ap 13
	aperture	13
	aplow	1126.11
	aphigh	1134.88
	units	Angstroms
	features	39
	        178.26 4651.98561  4651.9895   4.0 1 1 
	        191.13  4651.5555  4651.5552   4.0 1 1 
	        230.46 4650.23548  4650.2343   4.0 1 1 
	        318.50 4647.25234  4647.2509   4.0 1 1 
	        392.59 4644.71192  4644.7072   4.0 1 1 
	        426.06 4643.55501  4643.5566   4.0 1 1 
	        526.69 4640.04284  4640.0462   4.0 1 1 
	        541.57 4639.51913  4639.5188   4.0 1 1 
	        565.15 4638.68726  4638.6849   4.0 1 1 
	        581.01 4638.12598  4638.1259   4.0 1 1 
	        606.13 4637.23449  4637.2328   4.0 1 1 
	        849.30 4628.44121  4628.4409   4.0 1 1 
	        855.81 4628.20161  4628.2015   4.0 1 1 
	        880.34 4627.29741   4627.298   4.0 1 1 
	        929.05  4625.4931  4625.4938   4.0 1 1 
	        941.01 4625.04792  4625.0538   4.0 1 1 
	        960.76 4624.31199   4624.314   4.0 1 1 
	       1069.02 4620.24213  4620.2408   4.0 1 1 
	       1197.58 4615.33383   4615.334   4.0 1 1 
	       1205.57 4615.02611   4615.024   4.0 1 1 
	       1242.35 4613.60513  4613.6044   4.0 1 1 
	       1269.66 4612.54589  4612.5435   4.0 1 1 
	       1287.38 4611.85688  4611.8597   4.0 1 1 
	       1318.82 4610.62992  4610.6272   4.0 1 1 
	       1345.94 4609.56792  4609.5673   4.0 1 1 
	       1370.03 4608.62149  4608.6201   4.0 1 1 
	       1387.49 4607.93368  4607.9347   4.0 1 1 
	       1401.63 4607.37589   4607.378   4.0 1 1 
	       1508.05 4603.14386  4603.1446   4.0 1 1 
	       1514.46 4602.88718  4602.8862   4.0 1 1 
	       1593.44 4599.70855  4599.7046   4.0 1 1 
	       1616.78 4598.76303  4598.7627   4.0 1 1 
	       1682.27 4596.09665  4596.0967   4.0 1 1 
	       1698.80 4595.42004  4595.4206   4.0 1 1 
	       1742.21 4593.63747  4593.6437   4.0 1 1 
	       1765.78 4592.66572   4592.666   4.0 1 1 
	       1832.57 4589.89755  4589.8978   4.0 1 1 
	       1847.59 4589.27229  4589.2668   4.0 1 1 
	       1867.92 4588.42377  4588.4261   4.0 1 1 
	function chebyshev
	order 4
	sample *
	naverage 1
	niterate 2000
	low_reject 3.
	high_reject 3.
	grow 0.
	coefficients	8
		1.
		4.
		178.2582702636719
		1867.919189453125
		4621.09029737037
		-31.78412717643279
		-0.8856057493614298
		0.003208878023593753

# Mon 19:00:03 30-Jan-2023
begin	identify iazcomp.0013 - Ap 13
	id	iazcomp.0013
	task	identify
	image	iazcomp.0013 - Ap 13
	aperture	13
	aplow	1126.11
	aphigh	1134.88
	units	Angstroms
	features	41
	         93.05  4655.2057  4655.2126   4.0 1 1 
	        189.96 4651.99154  4651.9895   4.0 1 1 
	        242.16 4650.24023  4650.2343   4.0 1 1 
	        330.25 4647.25417  4647.2509   4.0 1 1 
	        347.01  4646.6818  4646.6861   4.0 1 1 
	        437.75 4643.55754  4643.5566   4.0 1 1 
	        538.39 4640.04367  4640.0462   4.0 1 1 
	        553.18 4639.52317  4639.5188   4.0 1 1 
	        576.88 4638.68651  4638.6849   4.0 1 1 
	        592.67 4638.12773  4638.1259   4.0 1 1 
	        617.82 4637.23471  4637.2328   4.0 1 1 
	        860.93 4628.44142  4628.4409   4.0 1 1 
	        867.46 4628.20112  4628.2015   4.0 1 1 
	        891.98 4627.29708   4627.298   4.0 1 1 
	        940.68 4625.49265  4625.4938   4.0 1 1 
	        952.64 4625.04771  4625.0538   4.0 1 1 
	        972.39 4624.31119   4624.314   4.0 1 1 
	       1030.98 4622.11569  4622.1209   4.0 1 1 
	       1075.32 4620.44229  4620.4476   4.0 1 1 
	       1080.60  4620.2424  4620.2408   4.0 1 1 
	       1209.12 4615.33447   4615.334   4.0 1 1 
	       1217.12  4615.0265   4615.024   4.0 1 1 
	       1253.88 4613.60595  4613.6044   4.0 1 1 
	       1281.18 4612.54688  4612.5435   4.0 1 1 
	       1298.92 4611.85685  4611.8597   4.0 1 1 
	       1330.39 4610.62854  4610.6272   4.0 1 1 
	       1357.41 4609.57013  4609.5673   4.0 1 1 
	       1381.52 4608.62251  4608.6201   4.0 1 1 
	       1399.00 4607.93379  4607.9347   4.0 1 1 
	       1413.11 4607.37671   4607.378   4.0 1 1 
	       1519.51 4603.14447  4603.1446   4.0 1 1 
	       1525.86 4602.88981  4602.8862   4.0 1 1 
	       1604.89 4599.70763  4599.7046   4.0 1 1 
	       1628.20 4598.76339  4598.7627   4.0 1 1 
	       1693.63 4596.09822  4596.0967   4.0 1 1 
	       1710.19 4595.42008  4595.4206   4.0 1 1 
	       1753.55 4593.63891  4593.6437   4.0 1 1 
	       1777.14 4592.66578   4592.666   4.0 1 1 
	       1843.91 4589.89683  4589.8978   4.0 1 1 
	       1858.97 4589.26959  4589.2668   4.0 1 1 
	       1879.23 4588.42323  4588.4261   4.0 1 1 
	function chebyshev
	order 4
	sample *
	naverage 1
	niterate 2000
	low_reject 3.
	high_reject 3.
	grow 0.
	coefficients	8
		1.
		4.
		93.05000305175781
		1879.234619140625
		4622.805962839076
		-33.39394027499707
		-0.9914984108526002
		0.002703476117021164

# Fri 11:53:37 03-Feb-2023
begin	identify iazcomp.0013 - Ap 13
	id	iazcomp.0013
	task	identify
	image	iazcomp.0013 - Ap 13
	aperture	13
	aplow	1126.11
	aphigh	1134.88
	units	Angstroms
	features	41
	         91.58  4655.2066  4655.2126   4.0 1 1 
	        188.60  4651.9898  4651.9895   4.0 1 1 
	        240.79 4650.23978  4650.2343   4.0 1 1 
	        328.87 4647.25508  4647.2509   4.0 1 1 
	        345.62 4646.68286  4646.6861   4.0 1 1 
	        436.40 4643.55809  4643.5566   4.0 1 1 
	        537.14 4640.04202  4640.0462   4.0 1 1 
	        551.91 4639.52203  4639.5188   4.0 1 1 
	        575.56 4638.68746  4638.6849   4.0 1 1 
	        591.40 4638.12665  4638.1259   4.0 1 1 
	        616.52 4637.23531  4637.2328   4.0 1 1 
	        859.66 4628.44242  4628.4409   4.0 1 1 
	        866.20 4628.20165  4628.2015   4.0 1 1 
	        890.72 4627.29772   4627.298   4.0 1 1 
	        939.47 4625.49165  4625.4938   4.0 1 1 
	        951.30 4625.05152  4625.0538   4.0 1 1 
	        971.17   4624.311   4624.314   4.0 1 1 
	       1029.82 4622.11333  4622.1209   4.0 1 1 
	       1074.11 4620.44206  4620.4476   4.0 1 1 
	       1079.41 4620.24168  4620.2408   4.0 1 1 
	       1207.92 4615.33462   4615.334   4.0 1 1 
	       1215.94 4615.02548   4615.024   4.0 1 1 
	       1252.70 4613.60556  4613.6044   4.0 1 1 
	       1280.01 4612.54603  4612.5435   4.0 1 1 
	       1297.74  4611.8564  4611.8597   4.0 1 1 
	       1329.17 4610.62983  4610.6272   4.0 1 1 
	       1356.23 4609.56995  4609.5673   4.0 1 1 
	       1380.35 4608.62187  4608.6201   4.0 1 1 
	       1397.81 4607.93418  4607.9347   4.0 1 1 
	       1411.89 4607.37831   4607.378   4.0 1 1 
	       1518.34 4603.14475  4603.1446   4.0 1 1 
	       1524.74 4602.88841  4602.8862   4.0 1 1 
	       1603.73 4599.70817  4599.7046   4.0 1 1 
	       1627.05 4598.76324  4598.7627   4.0 1 1 
	       1692.48 4596.09849  4596.0967   4.0 1 1 
	       1709.05 4595.42018  4595.4206   4.0 1 1 
	       1752.39 4593.63981  4593.6437   4.0 1 1 
	       1776.01 4592.66581   4592.666   4.0 1 1 
	       1842.78 4589.89762  4589.8978   4.0 1 1 
	       1857.90 4589.26756  4589.2668   4.0 1 1 
	       1878.11 4588.42362  4588.4261   4.0 1 1 
	function chebyshev
	order 4
	sample *
	naverage 1
	niterate 2000
	low_reject 3.
	high_reject 3.
	grow 0.
	coefficients	8
		1.
		4.
		91.58026885986327
		1878.114379882813
		4622.807530420635
		-33.39456000315089
		-0.9924202748365802
		0.003072110309017232

# Mon 14:50:41 06-Feb-2023
begin	identify iazcomp.0013 - Ap 13
	id	iazcomp.0013
	task	identify
	image	iazcomp.0013 - Ap 13
	aperture	13
	aplow	1126.11
	aphigh	1134.88
	units	Angstroms
	features	41
	         88.97 4655.20725  4655.2126   4.0 1 1 
	        186.00 4651.99111  4651.9895   4.0 1 1 
	        238.30 4650.23815  4650.2343   4.0 1 1 
	        326.38 4647.25423  4647.2509   4.0 1 1 
	        343.11 4646.68305  4646.6861   4.0 1 1 
	        433.93 4643.55785  4643.5566   4.0 1 1 
	        534.64 4640.04359  4640.0462   4.0 1 1 
	        549.47 4639.52214  4639.5188   4.0 1 1 
	        573.12  4638.6875  4638.6849   4.0 1 1 
	        589.01  4638.1254  4638.1259   4.0 1 1 
	        614.12 4637.23441  4637.2328   4.0 1 1 
	        857.34 4628.44168  4628.4409   4.0 1 1 
	        863.88 4628.20133  4628.2015   4.0 1 1 
	        888.42 4627.29688   4627.298   4.0 1 1 
	        937.14 4625.49257  4625.4938   4.0 1 1 
	        949.08 4625.04856  4625.0538   4.0 1 1 
	        968.83 4624.31235   4624.314   4.0 1 1 
	       1027.49 4622.11499  4622.1209   4.0 1 1 
	       1071.97 4620.43758  4620.4476   4.0 1 0 
	       1077.15 4620.24144  4620.2408   4.0 1 1 
	       1205.71 4615.33401   4615.334   4.0 1 1 
	       1213.73 4615.02519   4615.024   4.0 1 1 
	       1250.49 4613.60542  4613.6044   4.0 1 1 
	       1277.81 4612.54616  4612.5435   4.0 1 1 
	       1295.53 4611.85682  4611.8597   4.0 1 1 
	       1327.00 4610.62892  4610.6272   4.0 1 1 
	       1354.06 4609.56958  4609.5673   4.0 1 1 
	       1378.20 4608.62118  4608.6201   4.0 1 1 
	       1395.64 4607.93407  4607.9347   4.0 1 1 
	       1409.73 4607.37821   4607.378   4.0 1 1 
	       1516.20 4603.14474  4603.1446   4.0 1 1 
	       1522.64 4602.88697  4602.8862   4.0 1 1 
	       1601.58 4599.70959  4599.7046   4.0 1 1 
	       1624.94 4598.76325  4598.7627   4.0 1 1 
	       1690.41 4596.09744  4596.0967   4.0 1 1 
	       1706.96 4595.42012  4595.4206   4.0 1 1 
	       1750.34 4593.63845  4593.6437   4.0 1 1 
	       1773.94 4592.66541   4592.666   4.0 1 1 
	       1840.72 4589.89714  4589.8978   4.0 1 1 
	       1855.76 4589.27075  4589.2668   4.0 1 1 
	       1876.06 4588.42311  4588.4261   4.0 1 1 
	function chebyshev
	order 4
	sample *
	naverage 1
	niterate 2000
	low_reject 3.
	high_reject 3.
	grow 0.
	coefficients	8
		1.
		4.
		88.97393798828124
		1876.062622070312
		4622.808212751463
		-33.39479500062113
		-0.9930329067566228
		0.002723831431415646

# Mon 15:26:34 27-Feb-2023
begin	identify iazcomp.0013 - Ap 13
	id	iazcomp.0013
	task	identify
	image	iazcomp.0013 - Ap 13
	aperture	13
	aplow	1126.11
	aphigh	1134.88
	units	Angstroms
	features	41
	         11.96 4657.89447  4657.9012   6.0 1 1 
	         94.03 4655.20759  4655.2126   4.0 1 1 
	        190.96 4651.99058  4651.9895   4.0 1 1 
	        203.80 4651.56096  4651.5552   6.0 1 1 
	        243.12 4650.24002  4650.2343   4.0 1 1 
	        250.83 4649.98012  4649.9777   6.0 1 1 
	        331.20  4647.2531  4647.2509   4.0 1 1 
	        405.17  4644.7146  4644.7072   6.0 1 1 
	        438.68 4643.55556  4643.5566   4.0 1 1 
	        539.30 4640.04208  4640.0462   6.0 1 1 
	        577.78 4638.68493  4638.6849   4.0 1 1 
	        593.60 4638.12469  4638.1259   4.0 1 1 
	        618.73 4637.23263  4637.2328   4.0 1 1 
	        861.81 4628.43946  4628.4409   4.0 1 1 
	        868.24 4628.20267  4628.2015   6.0 1 1 
	        892.86  4627.2949   4627.298   4.0 1 1 
	        941.53 4625.49159  4625.4938   6.0 1 1 
	        973.22 4624.31104   4624.314   6.0 1 1 
	       1031.80 4622.11553  4622.1209   6.0 1 1 
	       1057.29 4621.15475  4621.1629   6.0 1 1 
	       1081.38 4620.24419  4620.2408   6.0 1 1 
	       1209.98   4615.333   4615.334   4.0 1 1 
	       1217.92   4615.027   4615.024   6.0 1 1 
	       1254.74 4613.60457  4613.6044   4.0 1 1 
	       1282.05 4612.54497  4612.5435   4.0 1 1 
	       1299.71 4611.85775  4611.8597   6.0 1 1 
	       1331.19 4610.62883  4610.6272   6.0 1 1 
	       1358.20 4609.57098  4609.5673   6.0 1 1 
	       1382.36 4608.62147  4608.6201   4.0 1 1 
	       1399.79 4607.93455  4607.9347   6.0 1 1 
	       1520.24 4603.14681  4603.1446   6.0 1 1 
	       1526.64 4602.89081  4602.8862   6.0 1 1 
	       1605.66 4599.70827  4599.7046   4.0 1 1 
	       1628.98  4598.7634  4598.7627   4.0 1 1 
	       1694.37  4596.0992  4596.0967   6.0 1 1 
	       1710.95 4595.42016  4595.4206   4.0 1 1 
	       1754.32 4593.63823  4593.6437   4.0 1 1 
	       1777.90 4592.66526   4592.666   4.0 1 1 
	       1844.62 4589.89732  4589.8978   6.0 1 1 
	       1859.75 4589.26677  4589.2668   6.0 1 1 
	       1879.94 4588.42367  4588.4261   6.0 1 1 
	function chebyshev
	order 4
	sample *
	naverage 1
	niterate 2000
	low_reject 3.
	high_reject 3.
	grow 0.
	coefficients	8
		1.
		4.
		11.96311187744141
		1879.935913085938
		4624.243177297315
		-34.73696528316435
		-1.084107828789603
		0.001563720687756588

# Tue 13:40:07 16-May-2023
begin	identify iazcomp.0013 - Ap 13
	id	iazcomp.0013
	task	identify
	image	iazcomp.0013 - Ap 13
	aperture	13
	aplow	1126.11
	aphigh	1134.88
	units	Angstroms
	features	41
	         11.10  4657.8942  4657.9012   6.0 1 1 
	         93.24 4655.20604  4655.2126   4.0 1 1 
	        190.11 4651.99201  4651.9895   4.0 1 1 
	        203.00 4651.56079  4651.5552   6.0 1 1 
	        242.36 4650.23897  4650.2343   4.0 1 1 
	        249.95 4649.98325  4649.9777   6.0 1 1 
	        330.43 4647.25318  4647.2509   4.0 1 1 
	        404.43 4644.71424  4644.7072   6.0 1 1 
	        437.98 4643.55412  4643.5566   4.0 1 1 
	        538.55 4640.04264  4640.0462   6.0 1 1 
	        577.06 4638.68477  4638.6849   4.0 1 1 
	        592.87 4638.12517  4638.1259   4.0 1 1 
	        618.01 4637.23251  4637.2328   4.0 1 1 
	        861.13 4628.43907  4628.4409   4.0 1 1 
	        867.55 4628.20293  4628.2015   6.0 1 1 
	        892.18  4627.2947   4627.298   4.0 1 1 
	        940.86 4625.49109  4625.4938   6.0 1 1 
	        972.55 4624.31064   4624.314   6.0 1 1 
	       1031.12 4622.11575  4622.1209   6.0 1 1 
	       1056.63 4621.15436  4621.1629   6.0 1 1 
	       1080.72 4620.24349  4620.2408   6.0 1 1 
	       1209.31 4615.33327   4615.334   4.0 1 1 
	       1217.24  4615.0276   4615.024   6.0 1 1 
	       1254.08  4613.6043  4613.6044   4.0 1 1 
	       1281.35 4612.54627  4612.5435   4.0 1 1 
	       1299.06 4611.85738  4611.8597   6.0 1 1 
	       1330.55 4610.62854  4610.6272   6.0 1 1 
	       1357.54 4609.57112  4609.5673   6.0 1 1 
	       1381.69 4608.62192  4608.6201   4.0 1 1 
	       1399.14 4607.93463  4607.9347   6.0 1 1 
	       1519.62 4603.14623  4603.1446   6.0 1 1 
	       1526.00 4602.89072  4602.8862   6.0 1 1 
	       1605.01 4599.70914  4599.7046   4.0 1 1 
	       1628.36 4598.76337  4598.7627   4.0 1 1 
	       1693.76 4596.09883  4596.0967   6.0 1 1 
	       1710.34 4595.42016  4595.4206   4.0 1 1 
	       1753.71 4593.63814  4593.6437   4.0 1 1 
	       1777.30 4592.66539   4592.666   4.0 1 1 
	       1844.03 4589.89751  4589.8978   6.0 1 1 
	       1859.18 4589.26653  4589.2668   6.0 1 1 
	       1879.36 4588.42351  4588.4261   6.0 1 1 
	function chebyshev
	order 4
	sample *
	naverage 1
	niterate 2000
	low_reject 3.
	high_reject 3.
	grow 0.
	coefficients	8
		1.
		4.
		11.09937477111817
		1879.362182617188
		4624.243700281175
		-34.73758883261394
		-1.084845728631853
		0.002240361746330654

# Mon 15:28:24 14-Aug-2023
begin	identify iazcomp.0013 - Ap 13
	id	iazcomp.0013
	task	identify
	image	iazcomp.0013 - Ap 13
	aperture	13
	aplow	1126.11
	aphigh	1134.88
	units	Angstroms
	features	41
	         14.85 4657.89512  4657.9012   6.0 1 1 
	         96.96 4655.20701  4655.2126   4.0 1 1 
	        193.87 4651.99041  4651.9895   4.0 1 1 
	        206.67 4651.56216  4651.5552   6.0 1 1 
	        246.04 4650.23942  4650.2343   4.0 1 1 
	        246.00 4650.24053  4649.9777   6.0 1 0 
	        334.04 4647.25446  4647.2509   4.0 1 1 
	        408.04 4644.71459  4644.7072   6.0 1 1 
	        441.55 4643.55499  4643.5566   4.0 1 1 
	        542.11 4640.04269  4640.0462   6.0 1 1 
	        580.59 4638.68517  4638.6849   4.0 1 1 
	        596.37 4638.12609  4638.1259   4.0 1 1 
	        621.52 4637.23308  4637.2328   4.0 1 1 
	        864.52 4628.43982  4628.4409   4.0 1 1 
	        864.45 4628.44266  4628.2015   6.0 1 0 
	        895.57 4627.29523   4627.298   4.0 1 1 
	        944.25 4625.49083  4625.4938   6.0 1 1 
	        975.91 4624.31091   4624.314   6.0 1 1 
	       1034.45 4622.11614  4622.1209   6.0 1 1 
	       1059.95 4621.15501  4621.1629   6.0 1 1 
	       1079.12 4620.42996  4620.2408   6.0 1 0 
	       1212.57 4615.33351   4615.334   4.0 1 1 
	       1220.53 4615.02676   4615.024   6.0 1 1 
	       1257.32 4613.60483  4613.6044   4.0 1 1 
	       1284.62 4612.54567  4612.5435   4.0 1 1 
	       1302.28  4611.8583  4611.8597   6.0 1 1 
	       1333.76 4610.62921  4610.6272   6.0 1 1 
	       1360.75 4609.57168  4609.5673   6.0 1 1 
	       1384.92 4608.62146  4608.6201   4.0 1 1 
	       1402.34 4607.93483  4607.9347   6.0 1 1 
	       1522.79 4603.14637  4603.1446   6.0 1 1 
	       1529.17 4602.89051  4602.8862   6.0 1 1 
	       1608.17  4599.7087  4599.7046   4.0 1 1 
	       1631.49 4598.76342  4598.7627   4.0 1 1 
	       1696.88 4596.09882  4596.0967   6.0 1 1 
	       1713.46 4595.42017  4595.4206   4.0 1 1 
	       1756.83  4593.6378  4593.6437   4.0 1 1 
	       1780.39 4592.66542   4592.666   4.0 1 1 
	       1847.11 4589.89762  4589.8978   6.0 1 1 
	       1862.25 4589.26661  4589.2668   6.0 1 1 
	       1882.43 4588.42366  4588.4261   6.0 1 1 
	function chebyshev
	order 4
	sample *
	naverage 1
	niterate 2000
	low_reject 3.
	high_reject 3.
	grow 0.
	coefficients	8
		1.
		4.
		14.85440731048584
		1882.431274414062
		4624.243360362802
		-34.73831001441403
		-1.083967000557379
		0.002581119221693126

# Mon 16:08:49 14-Aug-2023
begin	identify iazcomp.0013 - Ap 13
	id	iazcomp.0013
	task	identify
	image	iazcomp.0013 - Ap 13
	aperture	13
	aplow	1126.11
	aphigh	1134.88
	units	Angstroms
	features	38
	         14.80 4657.89536  4657.9012   6.0 1 1 
	         96.97 4655.20504  4655.2126   4.0 1 1 
	        193.79 4651.99218  4651.9895   4.0 1 1 
	        206.62  4651.5626  4651.5552   6.0 1 1 
	        246.01 4650.23956  4650.2343   4.0 1 1 
	        334.05 4647.25377  4647.2509   4.0 1 1 
	        408.03   4644.715  4644.7072   6.0 1 1 
	        441.55 4643.55569  4643.5566   4.0 1 1 
	        542.15  4640.0426  4640.0462   6.0 1 1 
	        580.62 4638.68576  4638.6849   4.0 1 1 
	        596.47 4638.12441  4638.1259   4.0 1 1 
	        621.56 4637.23348  4637.2328   4.0 1 1 
	        864.64 4628.44008  4628.4409   4.0 1 1 
	        895.68 4627.29574   4627.298   4.0 1 1 
	        944.47  4625.4878  4625.4938   6.0 1 1 
	        976.04 4624.31159   4624.314   6.0 1 1 
	       1034.60 4622.11654  4622.1209   6.0 1 1 
	       1060.10  4621.1555  4621.1629   6.0 1 1 
	       1212.79 4615.33316   4615.334   4.0 1 1 
	       1220.72 4615.02752   4615.024   6.0 1 1 
	       1257.56 4613.60423  4613.6044   4.0 1 1 
	       1284.82 4612.54633  4612.5435   4.0 1 1 
	       1302.50 4611.85845  4611.8597   6.0 1 1 
	       1333.99 4610.62935  4610.6272   6.0 1 1 
	       1360.98 4609.57183  4609.5673   6.0 1 1 
	       1385.17 4608.62115  4608.6201   4.0 1 1 
	       1402.58 4607.93486  4607.9347   6.0 1 1 
	       1523.04 4603.14669  4603.1446   6.0 1 1 
	       1529.46 4602.88953  4602.8862   6.0 1 1 
	       1608.45 4599.70873  4599.7046   4.0 1 1 
	       1631.76 4598.76389  4598.7627   4.0 1 1 
	       1697.16 4596.09922  4596.0967   6.0 1 1 
	       1713.74 4595.42033  4595.4206   4.0 1 1 
	       1757.13 4593.63721  4593.6437   4.0 1 1 
	       1780.68 4592.66583   4592.666   4.0 1 1 
	       1847.42 4589.89742  4589.8978   6.0 1 1 
	       1862.55 4589.26657  4589.2668   6.0 1 1 
	       1882.74 4588.42352  4588.4261   6.0 1 1 
	function chebyshev
	order 4
	sample *
	naverage 1
	niterate 2000
	low_reject 3.
	high_reject 3.
	grow 0.
	coefficients	8
		1.
		4.
		14.79560470581055
		1882.736328125
		4624.243722463385
		-34.73790517765546
		-1.084284158519046
		0.00198789408018148

