# Tue 22:45:05 07-Sep-2021
begin	identify iazcomp.0035 - Ap 35
	id	iazcomp.0035
	task	identify
	image	iazcomp.0035 - Ap 35
	aperture	35
	aplow	1451.9
	aphigh	1460.54
	units	Angstroms
	features	31
	        192.71 6512.35914  6512.3639   4.0 1 1 
	        262.96 6509.05048  6509.0503   4.0 1 1 
	        306.40 6506.98703  6506.9868   4.0 1 1 
	        378.88 6503.51476  6503.5111   4.0 1 1 
	        410.42  6501.9927  6501.9919   4.0 1 1 
	        469.73 6499.11081  6499.1061   4.0 1 1 
	        502.81  6497.4929  6497.4919   4.0 1 1 
	        574.34 6493.96859  6493.9694   4.0 1 1 
	        589.89 6493.19767  6493.1975   4.0 1 1 
	        639.31 6490.73604  6490.7372   4.0 1 1 
	        676.40 6488.87797  6488.8832   4.0 1 1 
	        704.16 6487.48066  6487.4811   4.0 1 1 
	        745.67 6485.38126  6485.3759   4.0 1 1 
	        790.86 6483.08206  6483.0825   4.0 1 1 
	       1019.94 6471.20833  6471.2131   4.0 1 1 
	       1210.35   6461.061  6461.0596   4.0 1 1 
	       1221.20 6460.47517   6460.475   4.0 1 1 
	       1280.10 6457.28097  6457.2824   4.0 1 1 
	       1317.08 6455.26318  6455.2647   4.0 1 1 
	       1375.41 6452.06081  6452.0591   4.0 1 1 
	       1395.50 6450.95244  6450.9557   4.0 1 1 
	       1412.60 6450.00684   6450.006   4.0 1 1 
	       1470.86 6446.77023  6446.7712   4.0 1 1 
	       1522.93 6443.85699  6443.8598   4.0 1 1 
	       1557.66 6441.90365  6441.8994   4.0 1 1 
	       1739.17 6431.55884   6431.555   4.0 1 1 
	       1787.31 6428.77713  6428.7733   4.0 1 1 
	       1888.18 6422.89558  6422.8969   4.0 1 1 
	       1964.99 6418.37043  6418.3703   4.0 1 1 
	       1999.79  6416.3062  6416.3071   4.0 1 1 
	       2012.76 6415.53496  6415.5374   4.0 1 1 
	function chebyshev
	order 4
	sample *
	naverage 1
	niterate 2000
	low_reject 3.
	high_reject 3.
	grow 0.
	coefficients	8
		1.
		4.
		192.7117309570313
		2012.763549804688
		6465.387049988905
		-48.41367289672986
		-1.440000197469929
		0.001582970095425396

# Fri 11:02:37 11-Mar-2022
begin	identify iazcomp.0035 - Ap 35
	id	iazcomp.0035
	task	identify
	image	iazcomp.0035 - Ap 35
	aperture	35
	aplow	1451.9
	aphigh	1460.54
	units	Angstroms
	features	32
	        176.67 6512.35961  6512.3639   4.0 1 1 
	        246.96 6509.05023  6509.0503   4.0 1 1 
	        290.45 6506.98569  6506.9868   4.0 1 1 
	        362.97 6503.51341  6503.5111   4.0 1 1 
	        394.46 6501.99397  6501.9919   4.0 1 1 
	        453.81 6499.11188  6499.1061   4.0 1 1 
	        486.93 6497.49277  6497.4919   4.0 1 1 
	        558.46 6493.96993  6493.9694   4.0 1 1 
	        574.02 6493.19859  6493.1975   4.0 1 1 
	        623.47  6490.7369  6490.7372   4.0 1 1 
	        660.58 6488.87848  6488.8832   4.0 1 1 
	        688.35 6487.48149  6487.4811   4.0 1 1 
	        775.10 6483.08257  6483.0825   4.0 1 1 
	       1004.27 6471.20978  6471.2131   4.0 1 1 
	       1071.20 6467.67353  6467.6754   4.0 1 1 
	       1194.81 6461.06025  6461.0596   4.0 1 1 
	       1205.65 6460.47564   6460.475   4.0 1 1 
	       1264.57 6457.28147  6457.2824   4.0 1 1 
	       1301.55 6455.26488  6455.2647   4.0 1 1 
	       1359.95 6452.06061  6452.0591   4.0 1 1 
	       1380.07 6450.95073  6450.9557   4.0 1 1 
	       1397.16 6450.00641   6450.006   4.0 1 1 
	       1455.43 6446.77078  6446.7712   4.0 1 1 
	       1507.49  6443.8597  6443.8598   4.0 1 1 
	       1542.31 6441.90269  6441.8994   4.0 1 1 
	       1723.90  6431.5586   6431.555   4.0 1 1 
	       1772.07 6428.77652  6428.7733   4.0 1 1 
	       1873.01 6422.89526  6422.8969   4.0 1 1 
	       1949.83 6418.37154  6418.3703   4.0 1 1 
	       1984.68 6416.30615  6416.3071   4.0 1 1 
	       1997.70 6415.53241  6415.5374   4.0 1 1 
	       2029.86 6413.61633  6413.6145   4.0 1 1 
	function chebyshev
	order 4
	sample *
	naverage 1
	niterate 2000
	low_reject 3.
	high_reject 3.
	grow 0.
	coefficients	8
		1.
		4.
		176.6705780029297
		2029.8583984375
		6464.478025233495
		-49.37365214606621
		-1.49006010601238
		0.002012205970955489

# Tue 15:32:28 29-Mar-2022
begin	identify iazcomp.0035 - Ap 35
	id	iazcomp.0035
	task	identify
	image	iazcomp.0035 - Ap 35
	aperture	35
	aplow	1451.9
	aphigh	1460.54
	units	Angstroms
	features	32
	        177.38  6512.3579  6512.3639   4.0 1 1 
	        247.62 6509.05062  6509.0503   4.0 1 1 
	        291.09 6506.98668  6506.9868   4.0 1 1 
	        363.60  6503.5145  6503.5111   4.0 1 1 
	        395.13 6501.99323  6501.9919   4.0 1 1 
	        454.45  6499.1121  6499.1061   4.0 1 1 
	        487.54  6497.4947  6497.4919   4.0 1 1 
	        559.11 6493.96948  6493.9694   4.0 1 1 
	        574.68 6493.19783  6493.1975   4.0 1 1 
	        624.11 6490.73673  6490.7372   4.0 1 1 
	        661.21 6488.87868  6488.8832   4.0 1 1 
	        688.99 6487.48081  6487.4811   4.0 1 1 
	        775.72 6483.08231  6483.0825   4.0 1 1 
	       1004.87 6471.20958  6471.2131   4.0 1 1 
	       1071.80 6467.67298  6467.6754   4.0 1 1 
	       1195.39 6461.06027  6461.0596   4.0 1 1 
	       1206.25 6460.47437   6460.475   4.0 1 1 
	       1265.10 6457.28423  6457.2824   4.0 1 1 
	       1302.13 6455.26421  6455.2647   4.0 1 1 
	       1360.51 6452.06075  6452.0591   4.0 1 1 
	       1380.64 6450.95093  6450.9557   4.0 1 1 
	       1397.72 6450.00681   6450.006   4.0 1 1 
	       1456.01 6446.76977  6446.7712   4.0 1 1 
	       1508.06 6443.85917  6443.8598   4.0 1 1 
	       1542.85 6441.90305  6441.8994   4.0 1 1 
	       1724.47 6431.55768   6431.555   4.0 1 1 
	       1772.61 6428.77693  6428.7733   4.0 1 1 
	       1873.51 6422.89737  6422.8969   4.0 1 1 
	       1950.38 6418.37122  6418.3703   4.0 1 1 
	       1985.24 6416.30516  6416.3071   4.0 1 1 
	       1998.22 6415.53368  6415.5374   4.0 1 1 
	       2030.42 6413.61505  6413.6145   4.0 1 1 
	function chebyshev
	order 4
	sample *
	naverage 1
	niterate 2000
	low_reject 3.
	high_reject 3.
	grow 0.
	coefficients	8
		1.
		4.
		177.3762512207031
		2030.416015625
		6464.476175472273
		-49.37368267698214
		-1.489696145727852
		0.002257364218168326

# Mon 19:06:32 30-Jan-2023
begin	identify iazcomp.0035 - Ap 35
	id	iazcomp.0035
	task	identify
	image	iazcomp.0035 - Ap 35
	aperture	35
	aplow	1451.9
	aphigh	1460.54
	units	Angstroms
	features	33
	        189.90 6512.35898  6512.3639   4.0 1 1 
	        260.14 6509.05173  6509.0503   4.0 1 1 
	        303.62  6506.9875  6506.9868   4.0 1 1 
	        376.13 6503.51468  6503.5111   4.0 1 1 
	        407.64 6501.99427  6501.9919   4.0 1 1 
	        500.11 6497.49223  6497.4919   4.0 1 1 
	        571.63 6493.96926  6493.9694   4.0 1 1 
	        587.18 6493.19816  6493.1975   4.0 1 1 
	        636.61 6490.73687  6490.7372   4.0 1 1 
	        673.73 6488.87745  6488.8832   4.0 1 1 
	        701.47 6487.48161  6487.4811   4.0 1 1 
	        743.04 6485.37968  6485.3759   4.0 1 1 
	        788.20 6483.08254  6483.0825   4.0 1 1 
	       1017.32 6471.20898  6471.2131   4.0 1 1 
	       1084.20 6467.67407  6467.6754   4.0 1 1 
	       1207.78 6461.06058  6461.0596   4.0 1 1 
	       1218.59 6460.47716   6460.475   4.0 1 1 
	       1277.48 6457.28402  6457.2824   4.0 1 1 
	       1314.50 6455.26427  6455.2647   4.0 1 1 
	       1372.86 6452.06101  6452.0591   4.0 1 1 
	       1392.97 6450.95137  6450.9557   4.0 1 1 
	       1410.06 6450.00692   6450.006   4.0 1 1 
	       1468.32 6446.77036  6446.7712   4.0 1 1 
	       1488.65 6445.63549  6445.6407   4.0 1 1 
	       1520.37  6443.8589  6443.8598   4.0 1 1 
	       1555.14 6441.90351  6441.8994   4.0 1 1 
	       1736.68  6431.5592   6431.555   4.0 1 1 
	       1784.84 6428.77685  6428.7733   4.0 1 1 
	       1885.69 6422.89841  6422.8969   4.0 1 1 
	       1899.27 6422.10118  6422.1075   4.0 1 1 
	       1962.50  6418.3737  6418.3703   4.0 1 1 
	       1997.37 6416.30661  6416.3071   4.0 1 1 
	       2010.35 6415.53476  6415.5374   4.0 1 1 
	function chebyshev
	order 4
	sample *
	naverage 1
	niterate 2000
	low_reject 3.
	high_reject 3.
	grow 0.
	coefficients	8
		1.
		4.
		189.8998260498047
		2010.348999023437
		6465.387404584856
		-48.41429759088919
		-1.440532532374234
		0.002186749919181242

# Fri 11:54:10 03-Feb-2023
begin	identify iazcomp.0035 - Ap 35
	id	iazcomp.0035
	task	identify
	image	iazcomp.0035 - Ap 35
	aperture	35
	aplow	1451.9
	aphigh	1460.54
	units	Angstroms
	features	33
	        188.54 6512.35917  6512.3639   4.0 1 1 
	        258.80 6509.05167  6509.0503   4.0 1 1 
	        302.29 6506.98698  6506.9868   4.0 1 1 
	        374.81 6503.51455  6503.5111   4.0 1 1 
	        406.33 6501.99356  6501.9919   4.0 1 1 
	        498.76   6497.494  6497.4919   4.0 1 1 
	        570.33  6493.9687  6493.9694   4.0 1 1 
	        585.87  6493.1986  6493.1975   4.0 1 1 
	        635.32 6490.73692  6490.7372   4.0 1 1 
	        672.43 6488.87831  6488.8832   4.0 1 1 
	        700.19 6487.48146  6487.4811   4.0 1 1 
	        741.78 6485.37854  6485.3759   4.0 1 1 
	        786.92  6483.0828  6483.0825   4.0 1 1 
	       1016.07 6471.20921  6471.2131   4.0 1 1 
	       1082.98 6467.67349  6467.6754   4.0 1 1 
	       1206.59 6461.05909  6461.0596   4.0 1 1 
	       1217.40 6460.47572   6460.475   4.0 1 1 
	       1276.21 6457.28753  6457.2824   4.0 1 1 
	       1313.29 6455.26467  6455.2647   4.0 1 1 
	       1371.65 6452.06158  6452.0591   4.0 1 1 
	       1391.78  6450.9514  6450.9557   4.0 1 1 
	       1408.87 6450.00675   6450.006   4.0 1 1 
	       1467.13 6446.77046  6446.7712   4.0 1 1 
	       1487.48 6445.63475  6445.6407   4.0 1 1 
	       1519.23 6443.85667  6443.8598   4.0 1 1 
	       1553.97 6441.90337  6441.8994   4.0 1 1 
	       1735.51 6431.55992   6431.555   4.0 1 1 
	       1783.65 6428.77932  6428.7733   4.0 1 1 
	       1884.57 6422.89677  6422.8969   4.0 1 1 
	       1898.12 6422.10198  6422.1075   4.0 1 1 
	       1961.38 6418.37321  6418.3703   4.0 1 1 
	       1996.24 6416.30639  6416.3071   4.0 1 1 
	       2009.22 6415.53476  6415.5374   4.0 1 1 
	function chebyshev
	order 4
	sample *
	naverage 1
	niterate 2000
	low_reject 3.
	high_reject 3.
	grow 0.
	coefficients	8
		1.
		4.
		188.5396881103515
		2009.220336914063
		6465.387827043957
		-48.4142743402095
		-1.440863152540775
		0.00207144414126567

# Mon 14:51:38 06-Feb-2023
begin	identify iazcomp.0035 - Ap 35
	id	iazcomp.0035
	task	identify
	image	iazcomp.0035 - Ap 35
	aperture	35
	aplow	1451.9
	aphigh	1460.54
	units	Angstroms
	features	33
	        185.98 6512.36001  6512.3639   4.0 1 1 
	        256.29 6509.05064  6509.0503   4.0 1 1 
	        299.77 6506.98692  6506.9868   4.0 1 1 
	        372.33 6503.51379  6503.5111   4.0 1 1 
	        403.84 6501.99435  6501.9919   4.0 1 1 
	        496.30 6497.49481  6497.4919   4.0 1 1 
	        567.90  6493.9692  6493.9694   4.0 1 1 
	        583.48  6493.1973  6493.1975   4.0 1 1 
	        632.93  6490.7363  6490.7372   4.0 1 1 
	        670.04  6488.8782  6488.8832   4.0 1 1 
	        697.80  6487.4819  6487.4811   4.0 1 1 
	        739.40 6485.37958  6485.3759   4.0 1 1 
	        784.59 6483.08211  6483.0825   4.0 1 1 
	       1013.80 6471.20905  6471.2131   4.0 1 1 
	       1080.72 6467.67418  6467.6754   4.0 1 1 
	       1204.35 6461.06079  6461.0596   4.0 1 1 
	       1215.18 6460.47628   6460.475   4.0 1 1 
	       1274.08 6457.28395  6457.2824   4.0 1 1 
	       1311.13 6455.26369  6455.2647   4.0 1 1 
	       1369.48 6452.06191  6452.0591   4.0 1 1 
	       1389.61 6450.95209  6450.9557   4.0 1 1 
	       1406.71 6450.00693   6450.006   4.0 1 1 
	       1465.01 6446.76996  6446.7712   4.0 1 1 
	       1485.36 6445.63443  6445.6407   4.0 1 1 
	       1517.07 6443.85894  6443.8598   4.0 1 1 
	       1551.85 6441.90396  6441.8994   4.0 1 1 
	       1733.46 6431.55918   6431.555   4.0 1 1 
	       1781.63 6428.77722  6428.7733   4.0 1 1 
	       1882.49 6422.89921  6422.8969   4.0 1 1 
	       1896.10 6422.10111  6422.1075   4.0 1 1 
	       1959.35  6418.3731  6418.3703   4.0 1 1 
	       1994.23 6416.30608  6416.3071   4.0 1 1 
	       2007.20 6415.53512  6415.5374   4.0 1 1 
	function chebyshev
	order 4
	sample *
	naverage 1
	niterate 2000
	low_reject 3.
	high_reject 3.
	grow 0.
	coefficients	8
		1.
		4.
		185.9754638671875
		2007.19775390625
		6465.389391721695
		-48.41406597340486
		-1.441826172665449
		0.001617590137074055

# Mon 15:29:51 27-Feb-2023
begin	identify iazcomp.0035 - Ap 35
	id	iazcomp.0035
	task	identify
	image	iazcomp.0035 - Ap 35
	aperture	35
	aplow	1451.9
	aphigh	1460.54
	units	Angstroms
	features	27
	        190.83 6512.35953  6512.3639   4.0 1 1 
	        261.08 6509.05038  6509.0503   4.0 1 1 
	        304.52 6506.98749  6506.9868   4.0 1 1 
	        377.00 6503.51525  6503.5111   4.0 1 1 
	        408.53  6501.9931  6501.9919   4.0 1 1 
	        500.90 6497.49486  6497.4919   4.0 1 1 
	        572.46 6493.96901  6493.9694   4.0 1 1 
	        588.01 6493.19798  6493.1975   4.0 1 1 
	        637.44 6490.73631  6490.7372   4.0 1 1 
	        674.53 6488.87791  6488.8832   4.0 1 1 
	        702.28 6487.48111  6487.4811   4.0 1 1 
	        743.82 6485.38059  6485.3759   4.0 1 1 
	        789.00 6483.08194  6483.0825   4.0 1 1 
	       1018.08 6471.20866  6471.2131   4.0 1 1 
	       1219.35 6460.47589   6460.475   4.0 1 1 
	       1278.25 6457.28169  6457.2824   4.0 1 1 
	       1315.24 6455.26315  6455.2647   4.0 1 1 
	       1373.57 6452.06144  6452.0591   4.0 1 1 
	       1393.69 6450.95135  6450.9557   4.0 1 1 
	       1410.76 6450.00737   6450.006   4.0 1 1 
	       1469.02 6446.77065  6446.7712   4.0 1 1 
	       1521.08 6443.85885  6443.8598   4.0 1 1 
	       1555.84 6441.90354  6441.8994   4.0 1 1 
	       1785.48  6428.7791  6428.7733   4.0 1 1 
	       1886.35 6422.89846  6422.8969   4.0 1 1 
	       1899.92 6422.10215  6422.1075   4.0 1 1 
	       2010.97 6415.53644  6415.5374   4.0 1 1 
	function chebyshev
	order 4
	sample *
	naverage 1
	niterate 2000
	low_reject 3.
	high_reject 3.
	grow 0.
	coefficients	8
		1.
		4.
		190.8281860351563
		2010.97021484375
		6465.387138120978
		-48.41322774496719
		-1.439156615532493
		0.001683689578691465

# Tue 13:40:40 16-May-2023
begin	identify iazcomp.0035 - Ap 35
	id	iazcomp.0035
	task	identify
	image	iazcomp.0035 - Ap 35
	aperture	35
	aplow	1451.9
	aphigh	1460.54
	units	Angstroms
	features	27
	        190.01 6512.35945  6512.3639   4.0 1 1 
	        260.26 6509.05126  6509.0503   4.0 1 1 
	        303.72 6506.98741  6506.9868   4.0 1 1 
	        376.25 6503.51384  6503.5111   4.0 1 1 
	        407.75 6501.99388  6501.9919   4.0 1 1 
	        500.15  6497.4945  6497.4919   4.0 1 1 
	        571.70 6493.96989  6493.9694   4.0 1 1 
	        587.27 6493.19798  6493.1975   4.0 1 1 
	        636.71 6490.73635  6490.7372   4.0 1 1 
	        673.81 6488.87766  6488.8832   4.0 1 1 
	        701.56 6487.48119  6487.4811   4.0 1 1 
	        743.13 6485.37925  6485.3759   4.0 1 1 
	        788.30 6483.08182  6483.0825   4.0 1 1 
	       1017.40 6471.20895  6471.2131   4.0 1 1 
	       1218.70 6460.47565   6460.475   4.0 1 1 
	       1277.54  6457.2848  6457.2824   4.0 1 1 
	       1314.59 6455.26339  6455.2647   4.0 1 1 
	       1372.93 6452.06145  6452.0591   4.0 1 1 
	       1393.08 6450.94995  6450.9557   4.0 1 1 
	       1410.14 6450.00684   6450.006   4.0 1 1 
	       1468.39 6446.77099  6446.7712   4.0 1 1 
	       1520.45 6443.85902  6443.8598   4.0 1 1 
	       1555.24 6441.90288  6441.8994   4.0 1 1 
	       1784.89  6428.7787  6428.7733   4.0 1 1 
	       1885.76 6422.89846  6422.8969   4.0 1 1 
	       1899.35 6422.10108  6422.1075   4.0 1 1 
	       2010.38 6415.53757  6415.5374   4.0 1 1 
	function chebyshev
	order 4
	sample *
	naverage 1
	niterate 2000
	low_reject 3.
	high_reject 3.
	grow 0.
	coefficients	8
		1.
		4.
		190.0062713623047
		2010.376953125
		6465.388509719989
		-48.4128768824879
		-1.439998197397711
		0.001938266552363483

# Mon 15:28:55 14-Aug-2023
begin	identify iazcomp.0035 - Ap 35
	id	iazcomp.0035
	task	identify
	image	iazcomp.0035 - Ap 35
	aperture	35
	aplow	1451.9
	aphigh	1460.54
	units	Angstroms
	features	27
	        193.67 6512.35954  6512.3639   4.0 1 1 
	        263.90 6509.05114  6509.0503   4.0 1 1 
	        307.34 6506.98765  6506.9868   4.0 1 1 
	        379.84 6503.51444  6503.5111   4.0 1 1 
	        411.34 6501.99332  6501.9919   4.0 1 1 
	        503.71 6497.49415  6497.4919   4.0 1 1 
	        575.24 6493.96884  6493.9694   4.0 1 1 
	        590.78 6493.19859  6493.1975   4.0 1 1 
	        640.21 6490.73619  6490.7372   4.0 1 1 
	        677.28 6488.87814  6488.8832   4.0 1 1 
	        705.02 6487.48156  6487.4811   4.0 1 1 
	        746.59 6485.37884  6485.3759   4.0 1 1 
	        791.73 6483.08186  6483.0825   4.0 1 1 
	       1020.74 6471.20877  6471.2131   4.0 1 1 
	       1221.96  6460.4755   6460.475   4.0 1 1 
	       1280.74 6457.28693  6457.2824   4.0 1 1 
	       1317.80 6455.26436  6455.2647   4.0 1 1 
	       1376.18 6452.05925  6452.0591   4.0 1 1 
	       1396.28    6450.95  6450.9557   4.0 1 1 
	       1413.34 6450.00652   6450.006   4.0 1 1 
	       1471.56  6446.7711  6446.7712   4.0 1 1 
	       1523.62  6443.8586  6443.8598   4.0 1 1 
	       1558.39 6441.90278  6441.8994   4.0 1 1 
	       1787.98 6428.77891  6428.7733   4.0 1 1 
	       1888.85 6422.89801  6422.8969   4.0 1 1 
	       1902.42 6422.10168  6422.1075   4.0 1 1 
	       2013.44 6415.53752  6415.5374   4.0 1 1 
	function chebyshev
	order 4
	sample *
	naverage 1
	niterate 2000
	low_reject 3.
	high_reject 3.
	grow 0.
	coefficients	8
		1.
		4.
		193.6697692871094
		2013.443237304688
		6465.386946520228
		-48.41369712374581
		-1.438413809121767
		0.002687859843846526

# Mon 16:09:37 14-Aug-2023
begin	identify iazcomp.0035 - Ap 35
	id	iazcomp.0035
	task	identify
	image	iazcomp.0035 - Ap 35
	aperture	35
	aplow	1451.9
	aphigh	1460.54
	units	Angstroms
	features	27
	        193.66 6512.35976  6512.3639   4.0 1 1 
	        263.91 6509.05087  6509.0503   4.0 1 1 
	        307.37 6506.98654  6506.9868   4.0 1 1 
	        379.82 6503.51552  6503.5111   4.0 1 1 
	        411.35 6501.99378  6501.9919   4.0 1 1 
	        503.74 6497.49427  6497.4919   4.0 1 1 
	        575.30 6493.96827  6493.9694   4.0 1 1 
	        590.83 6493.19835  6493.1975   4.0 1 1 
	        640.27 6490.73603  6490.7372   4.0 1 1 
	        677.36 6488.87737  6488.8832   4.0 1 1 
	        705.09 6487.48188  6487.4811   4.0 1 1 
	        746.64 6485.38032  6485.3759   4.0 1 1 
	        791.82 6483.08191  6483.0825   4.0 1 1 
	       1020.88 6471.20925  6471.2131   4.0 1 1 
	       1222.15 6460.47588   6460.475   4.0 1 1 
	       1281.04 6457.28221  6457.2824   4.0 1 1 
	       1318.03 6455.26387  6455.2647   4.0 1 1 
	       1376.39 6452.06028  6452.0591   4.0 1 1 
	       1396.50 6450.95111  6450.9557   4.0 1 1 
	       1413.56 6450.00748   6450.006   4.0 1 1 
	       1471.82 6446.77103  6446.7712   4.0 1 1 
	       1523.88 6443.85906  6443.8598   4.0 1 1 
	       1558.64  6441.9037  6441.8994   4.0 1 1 
	       1788.30 6428.77785  6428.7733   4.0 1 1 
	       1889.15 6422.89836  6422.8969   4.0 1 1 
	       1902.72 6422.10209  6422.1075   4.0 1 1 
	       2013.76 6415.53716  6415.5374   4.0 1 1 
	function chebyshev
	order 4
	sample *
	naverage 1
	niterate 2000
	low_reject 3.
	high_reject 3.
	grow 0.
	coefficients	8
		1.
		4.
		193.6573486328125
		2013.75927734375
		6465.387452466258
		-48.41307763863545
		-1.438991730229759
		0.001774129609922127

