# Tue 22:40:15 07-Sep-2021
begin	identify iazcomp.0017 - Ap 17
	id	iazcomp.0017
	task	identify
	image	iazcomp.0017 - Ap 17
	aperture	17
	aplow	1196.11
	aphigh	1204.99
	units	Angstroms
	features	42
	         62.37 4911.37812  4911.3787   4.0 1 1 
	         79.25 4910.79399  4910.7929   4.0 1 1 
	         97.62 4910.15651  4910.1576   4.0 1 1 
	        181.90 4907.20868  4907.2093   4.0 1 1 
	        251.27 4904.75373  4904.7516   4.0 1 1 
	        306.13 4902.79455  4902.7943   4.0 1 1 
	        326.87 4902.04928  4902.0545   4.0 1 1 
	        416.45 4898.80569  4898.8044   4.0 1 1 
	        521.26 4894.95673  4894.9551   4.0 1 1 
	        561.90 4893.44859  4893.4453   4.0 1 1 
	        580.28  4892.7634  4892.7592   4.0 1 1 
	        609.80  4891.6597  4891.6606   4.0 1 1 
	        641.80 4890.45779  4890.4582   4.0 1 1 
	        667.48 4889.48943  4889.4903   4.0 1 1 
	        679.29 4889.04289  4889.0422   4.0 1 1 
	        856.78 4882.24403  4882.2432   4.0 1 1 
	        866.85 4881.85354  4881.8531   4.0 1 1 
	        883.59 4881.20275  4881.2046   4.0 1 1 
	        917.94 4879.86286  4879.8635   4.0 1 1 
	        946.83 4878.73147   4878.733   4.0 1 1 
	        965.27 4878.00665  4878.0094   4.0 1 1 
	       1003.69  4876.4911  4876.4949   4.0 1 1 
	       1057.30 4874.36353  4874.3645   4.0 1 1 
	       1093.50 4872.91847  4872.9169   4.0 1 1 
	       1134.11  4871.2892   4871.289   4.0 1 1 
	       1193.72 4868.88168  4868.8814   4.0 1 1 
	       1226.43 4867.55307   4867.556   4.0 1 1 
	       1266.55 4865.91551    4865.91   4.0 1 1 
	       1277.23 4865.47818  4865.4775   4.0 1 1 
	       1333.41 4863.16783  4863.1724   4.0 1 1 
	       1368.50 4861.71635  4861.7173   4.0 1 1 
	       1380.49 4861.21879  4861.2167   4.0 1 1 
	       1449.69 4858.33352  4858.3327   4.0 1 1 
	       1468.57 4857.54187  4857.5385   4.0 1 1 
	       1579.13 4852.86929  4852.8685   4.0 1 1 
	       1636.03 4850.43991  4850.4397   4.0 1 1 
	       1649.49  4849.8626  4849.8617   4.0 1 1 
	       1684.38 4848.36214  4848.3625   4.0 1 1 
	       1697.18 4847.81008  4847.8095   4.0 1 1 
	       1758.32 4845.16138  4845.1626   4.0 1 1 
	       1781.22 4844.16417  4844.1653   4.0 1 1 
	       1865.44 4840.47392  4840.4744   4.0 1 1 
	function chebyshev
	order 4
	sample *
	naverage 1
	niterate 2000
	low_reject 3.
	high_reject 3.
	grow 0.
	coefficients	8
		1.
		4.
		62.37329864501953
		1865.440063476563
		4876.993185630049
		-35.45479327052813
		-1.067161717383812
		0.002693800530698013

# Fri 10:54:20 11-Mar-2022
begin	identify iazcomp.0017 - Ap 17
	id	iazcomp.0017
	task	identify
	image	iazcomp.0017 - Ap 17
	aperture	17
	aplow	1196.11
	aphigh	1204.99
	units	Angstroms
	features	38
	         46.95 4911.37817  4911.3787   4.0 1 1 
	         63.87 4910.79257  4910.7929   4.0 1 1 
	         82.24  4910.1553  4910.1576   4.0 1 1 
	        166.53 4907.20781  4907.2093   4.0 1 1 
	        235.87 4904.75499  4904.7516   4.0 1 1 
	        290.74  4902.7959  4902.7943   4.0 1 1 
	        401.16 4898.80513  4898.8044   4.0 1 1 
	        505.99 4894.95664  4894.9551   4.0 1 1 
	        546.67 4893.44774  4893.4453   4.0 1 1 
	        594.54  4891.6608  4891.6606   4.0 1 1 
	        626.62 4890.45658  4890.4582   4.0 1 1 
	        652.27 4889.48992  4889.4903   4.0 1 1 
	        664.10 4889.04302  4889.0422   4.0 1 1 
	        841.68 4882.24376  4882.2432   4.0 1 1 
	        851.73 4881.85414  4881.8531   4.0 1 1 
	        868.50 4881.20266  4881.2046   4.0 1 1 
	        902.88 4879.86249  4879.8635   4.0 1 1 
	        931.77 4878.73135   4878.733   4.0 1 1 
	        950.22  4878.0067  4878.0094   4.0 1 1 
	       1042.32   4874.363  4874.3645   4.0 1 1 
	       1078.54 4872.91791  4872.9169   4.0 1 1 
	       1119.18 4871.28825   4871.289   4.0 1 1 
	       1178.79 4868.88203  4868.8814   4.0 1 1 
	       1211.49 4867.55451   4867.556   4.0 1 1 
	       1262.37 4865.47768  4865.4775   4.0 1 1 
	       1353.68 4861.71614  4861.7173   4.0 1 1 
	       1365.69 4861.21823  4861.2167   4.0 1 1 
	       1434.96  4858.3319  4858.3327   4.0 1 1 
	       1453.86 4857.54002  4857.5385   4.0 1 1 
	       1564.44 4852.86946  4852.8685   4.0 1 1 
	       1621.36 4850.44025  4850.4397   4.0 1 1 
	       1634.83 4849.86325  4849.8617   4.0 1 1 
	       1669.75 4848.36253  4848.3625   4.0 1 1 
	       1682.55 4847.81068  4847.8095   4.0 1 1 
	       1743.73 4845.16211  4845.1626   4.0 1 1 
	       1766.63 4844.16549  4844.1653   4.0 1 1 
	       1850.91 4840.47491  4840.4744   4.0 1 1 
	       2023.56 4832.80049  4832.8025   4.0 1 1 
	function chebyshev
	order 4
	sample *
	naverage 1
	niterate 2000
	low_reject 3.
	high_reject 3.
	grow 0.
	coefficients	8
		1.
		4.
		46.94758987426758
		2023.557739257813
		4873.366722946061
		-39.292206670199
		-1.277392996495818
		0.00336954555093771

# Tue 15:08:36 29-Mar-2022
begin	identify iazcomp.0017 - Ap 17
	id	iazcomp.0017
	task	identify
	image	iazcomp.0017 - Ap 17
	aperture	17
	aplow	1196.11
	aphigh	1204.99
	units	Angstroms
	features	38
	         47.63 4911.37902  4911.3787   4.0 1 1 
	         64.60  4910.7918  4910.7929   4.0 1 1 
	         82.91 4910.15628  4910.1576   4.0 1 1 
	        167.27 4907.20646  4907.2093   4.0 1 1 
	        236.55 4904.75529  4904.7516   4.0 1 1 
	        291.46 4902.79482  4902.7943   4.0 1 1 
	        401.83 4898.80512  4898.8044   4.0 1 1 
	        506.64 4894.95705  4894.9551   4.0 1 1 
	        547.32  4893.4479  4893.4453   4.0 1 1 
	        595.17 4891.66161  4891.6606   4.0 1 1 
	        627.23 4890.45808  4890.4582   4.0 1 1 
	        652.94 4889.48887  4889.4903   4.0 1 1 
	        664.74 4889.04298  4889.0422   4.0 1 1 
	        842.30 4882.24377  4882.2432   4.0 1 1 
	        852.33  4881.8548  4881.8531   4.0 1 1 
	        869.12 4881.20212  4881.2046   4.0 1 1 
	        903.48 4879.86248  4879.8635   4.0 1 1 
	        932.38 4878.73112   4878.733   4.0 1 1 
	        950.82 4878.00664  4878.0094   4.0 1 1 
	       1042.92 4874.36266  4874.3645   4.0 1 1 
	       1079.13  4872.9176  4872.9169   4.0 1 1 
	       1119.75 4871.28837   4871.289   4.0 1 1 
	       1179.38 4868.88142  4868.8814   4.0 1 1 
	       1212.08 4867.55379   4867.556   4.0 1 1 
	       1262.93 4865.47768  4865.4775   4.0 1 1 
	       1354.25 4861.71567  4861.7173   4.0 1 1 
	       1366.25 4861.21808  4861.2167   4.0 1 1 
	       1435.50 4858.33234  4858.3327   4.0 1 1 
	       1454.34 4857.54282  4857.5385   4.0 1 1 
	       1564.98 4852.86945  4852.8685   4.0 1 1 
	       1621.91 4850.44003  4850.4397   4.0 1 1 
	       1635.37 4849.86322  4849.8617   4.0 1 1 
	       1670.30 4848.36201  4848.3625   4.0 1 1 
	       1683.10  4847.8104  4847.8095   4.0 1 1 
	       1744.28 4845.16178  4845.1626   4.0 1 1 
	       1767.19 4844.16482  4844.1653   4.0 1 1 
	       1851.44  4840.4756  4840.4744   4.0 1 1 
	       2024.12 4832.80053  4832.8025   4.0 1 1 
	function chebyshev
	order 4
	sample *
	naverage 1
	niterate 2000
	low_reject 3.
	high_reject 3.
	grow 0.
	coefficients	8
		1.
		4.
		47.62580108642578
		2024.120971679687
		4873.366324124187
		-39.29321304894081
		-1.27654535284833
		0.003966986619499325

# Mon 19:02:00 30-Jan-2023
begin	identify iazcomp.0017 - Ap 17
	id	iazcomp.0017
	task	identify
	image	iazcomp.0017 - Ap 17
	aperture	17
	aplow	1196.11
	aphigh	1204.99
	units	Angstroms
	features	48
	         26.34 4912.52392  4912.5293   4.0 1 1 
	         59.56 4911.37883  4911.3787   4.0 1 1 
	         76.41 4910.79555  4910.7929   4.0 1 1 
	         94.76 4910.15871  4910.1576   4.0 1 1 
	        179.11 4907.20873  4907.2093   4.0 1 1 
	        248.45 4904.75558  4904.7516   4.0 1 1 
	        303.33 4902.79534  4902.7943   4.0 1 1 
	        324.07  4902.0507  4902.0545   4.0 1 1 
	        413.68 4898.80643  4898.8044   4.0 1 1 
	        518.51 4894.95668  4894.9551   4.0 1 1 
	        559.21  4893.4466  4893.4453   4.0 1 1 
	        577.56 4892.76298  4892.7592   4.0 1 1 
	        607.09 4891.65884  4891.6606   4.0 1 1 
	        639.12  4890.4561  4890.4582   4.0 1 1 
	        664.74 4889.49016  4889.4903   4.0 1 1 
	        676.59 4889.04222  4889.0422   4.0 1 1 
	        854.11 4882.24317  4882.2432   4.0 1 1 
	        864.14  4881.8541  4881.8531   4.0 1 1 
	        880.93 4881.20123  4881.2046   4.0 1 1 
	        915.28 4879.86176  4879.8635   4.0 1 1 
	        944.17 4878.73024   4878.733   4.0 1 1 
	        962.62 4878.00559  4878.0094   4.0 1 1 
	        987.93 4877.00804  4877.0015   4.0 1 1 
	       1001.06 4876.48949  4876.4949   4.0 1 1 
	       1054.68 4874.36211  4874.3645   4.0 1 1 
	       1090.87 4872.91755  4872.9169   4.0 1 1 
	       1112.82 4872.03791  4872.0309   4.0 1 1 
	       1131.49 4871.28809   4871.289   4.0 1 1 
	       1191.11 4868.88076  4868.8814   4.0 1 1 
	       1223.79 4867.55337   4867.556   4.0 1 1 
	       1263.95 4865.91453    4865.91   4.0 1 1 
	       1274.62 4865.47787  4865.4775   4.0 1 1 
	       1330.81  4863.1675  4863.1724   4.0 1 1 
	       1365.92 4861.71579  4861.7173   4.0 1 1 
	       1377.90 4861.21904  4861.2167   4.0 1 1 
	       1447.13 4858.33296  4858.3327   4.0 1 1 
	       1465.99 4857.54233  4857.5385   4.0 1 1 
	       1576.58 4852.86997  4852.8685   4.0 1 1 
	       1633.49 4850.44094  4850.4397   4.0 1 1 
	       1646.95   4849.864  4849.8617   4.0 1 1 
	       1663.95 4849.13398  4849.1399   4.0 1 1 
	       1681.85 4848.36352  4848.3625   4.0 1 1 
	       1694.65 4847.81198  4847.8095   4.0 1 1 
	       1755.80 4845.16393  4845.1626   4.0 1 1 
	       1761.35  4844.9224  4844.9251   4.0 1 1 
	       1778.73 4844.16592  4844.1653   4.0 1 1 
	       1854.61  4840.8439  4840.8492   4.0 1 1 
	       1862.94 4840.47754  4840.4744   4.0 1 1 
	function chebyshev
	order 4
	sample *
	naverage 1
	niterate 2000
	low_reject 3.
	high_reject 3.
	grow 0.
	coefficients	8
		1.
		4.
		26.33720016479492
		1862.938842773438
		4877.606356056795
		-36.02647727965941
		-1.105623571763959
		0.003284993869268831

# Fri 11:53:43 03-Feb-2023
begin	identify iazcomp.0017 - Ap 17
	id	iazcomp.0017
	task	identify
	image	iazcomp.0017 - Ap 17
	aperture	17
	aplow	1196.11
	aphigh	1204.99
	units	Angstroms
	features	48
	         24.95 4912.52424  4912.5293   4.0 1 1 
	         58.16 4911.37938  4911.3787   4.0 1 1 
	         75.04  4910.7954  4910.7929   4.0 1 1 
	         93.39 4910.15866  4910.1576   4.0 1 1 
	        177.76 4907.20856  4907.2093   4.0 1 1 
	        247.11 4904.75514  4904.7516   4.0 1 1 
	        301.99 4902.79544  4902.7943   4.0 1 1 
	        322.75 4902.04997  4902.0545   4.0 1 1 
	        412.40 4898.80487  4898.8044   4.0 1 1 
	        517.20  4894.9569  4894.9551   4.0 1 1 
	        557.87 4893.44818  4893.4453   4.0 1 1 
	        576.26 4892.76304  4892.7592   4.0 1 1 
	        605.78 4891.65938  4891.6606   4.0 1 1 
	        637.80 4890.45726  4890.4582   4.0 1 1 
	        663.48  4889.4891  4889.4903   4.0 1 1 
	        675.30  4889.0427  4889.0422   4.0 1 1 
	        852.86 4882.24327  4882.2432   4.0 1 1 
	        862.92 4881.85281  4881.8531   4.0 1 1 
	        879.67 4881.20203  4881.2046   4.0 1 1 
	        914.04 4879.86176  4879.8635   4.0 1 1 
	        942.94 4878.73031   4878.733   4.0 1 1 
	        961.38 4878.00583  4878.0094   4.0 1 1 
	        986.76 4877.00615  4877.0015   4.0 1 1 
	        999.79 4876.49127  4876.4949   4.0 1 1 
	       1053.45 4874.36244  4874.3645   4.0 1 1 
	       1089.66 4872.91762  4872.9169   4.0 1 1 
	       1111.63 4872.03737  4872.0309   4.0 1 1 
	       1130.28 4871.28816   4871.289   4.0 1 1 
	       1189.91 4868.88091  4868.8814   4.0 1 1 
	       1222.65 4867.55148   4867.556   4.0 1 1 
	       1262.74 4865.91555    4865.91   4.0 1 1 
	       1273.44 4865.47776  4865.4775   4.0 1 1 
	       1329.64 4863.16735  4863.1724   4.0 1 1 
	       1364.75 4861.71572  4861.7173   4.0 1 1 
	       1376.73 4861.21875  4861.2167   4.0 1 1 
	       1445.96 4858.33359  4858.3327   4.0 1 1 
	       1464.85 4857.54161  4857.5385   4.0 1 1 
	       1575.43 4852.87055  4852.8685   4.0 1 1 
	       1632.34  4850.4415  4850.4397   4.0 1 1 
	       1645.80 4849.86442  4849.8617   4.0 1 1 
	       1662.81 4849.13422  4849.1399   4.0 1 1 
	       1680.71 4848.36392  4848.3625   4.0 1 1 
	       1693.51 4847.81213  4847.8095   4.0 1 1 
	       1754.67 4845.16396  4845.1626   4.0 1 1 
	       1760.28 4844.91976  4844.9251   4.0 1 1 
	       1777.58 4844.16653  4844.1653   4.0 1 1 
	       1853.48 4840.84428  4840.8492   4.0 1 1 
	       1861.81 4840.47768  4840.4744   4.0 1 1 
	function chebyshev
	order 4
	sample *
	naverage 1
	niterate 2000
	low_reject 3.
	high_reject 3.
	grow 0.
	coefficients	8
		1.
		4.
		24.94760322570801
		1861.8134765625
		4877.606947252097
		-36.02632818201967
		-1.10599133806873
		0.003048286118180942

# Mon 14:50:52 06-Feb-2023
begin	identify iazcomp.0017 - Ap 17
	id	iazcomp.0017
	task	identify
	image	iazcomp.0017 - Ap 17
	aperture	17
	aplow	1196.11
	aphigh	1204.99
	units	Angstroms
	features	48
	         22.31 4912.52473  4912.5293   4.0 1 1 
	         55.55 4911.37972  4911.3787   4.0 1 1 
	         72.47 4910.79442  4910.7929   4.0 1 1 
	         90.80 4910.15844  4910.1576   4.0 1 1 
	        175.18 4907.20887  4907.2093   4.0 1 1 
	        244.57 4904.75503  4904.7516   4.0 1 1 
	        299.47 4902.79526  4902.7943   4.0 1 1 
	        320.21 4902.05113  4902.0545   4.0 1 1 
	        409.95 4898.80353  4898.8044   4.0 1 1 
	        514.77 4894.95647  4894.9551   4.0 1 1 
	        555.39 4893.44992  4893.4453   4.0 1 1 
	        573.85 4892.76244  4892.7592   4.0 1 1 
	        603.36 4891.65972  4891.6606   4.0 1 1 
	        635.40 4890.45726  4890.4582   4.0 1 1 
	        661.09 4889.48911  4889.4903   4.0 1 1 
	        672.92 4889.04211  4889.0422   4.0 1 1 
	        850.52 4882.24313  4882.2432   4.0 1 1 
	        860.58 4881.85333  4881.8531   4.0 1 1 
	        877.36 4881.20155  4881.2046   4.0 1 1 
	        911.76 4879.86069  4879.8635   4.0 1 1 
	        940.64 4878.73011   4878.733   4.0 1 1 
	        959.09 4878.00533  4878.0094   4.0 1 1 
	        984.39 4877.00898  4877.0015   4.0 1 1 
	        997.53 4876.49021  4876.4949   4.0 1 1 
	       1051.20 4874.36169  4874.3645   4.0 1 1 
	       1087.41 4872.91695  4872.9169   4.0 1 1 
	       1109.30 4872.04064  4872.0309   4.0 1 1 
	       1128.04 4871.28786   4871.289   4.0 1 1 
	       1187.69 4868.88063  4868.8814   4.0 1 1 
	       1220.40 4867.55268   4867.556   4.0 1 1 
	       1260.58 4865.91366    4865.91   4.0 1 1 
	       1271.24 4865.47726  4865.4775   4.0 1 1 
	       1327.46 4863.16697  4863.1724   4.0 1 1 
	       1362.57 4861.71579  4861.7173   4.0 1 1 
	       1374.56 4861.21849  4861.2167   4.0 1 1 
	       1443.81 4858.33302  4858.3327   4.0 1 1 
	       1462.65 4857.54378  4857.5385   4.0 1 1 
	       1573.32 4852.86966  4852.8685   4.0 1 1 
	       1630.24 4850.44083  4850.4397   4.0 1 1 
	       1643.71 4849.86394  4849.8617   4.0 1 1 
	       1660.72 4849.13353  4849.1399   4.0 1 1 
	       1678.62 4848.36356  4848.3625   4.0 1 1 
	       1691.43 4847.81155  4847.8095   4.0 1 1 
	       1752.58 4845.16403  4845.1626   4.0 1 1 
	       1761.98 4844.75539  4844.9251   4.0 1 0 
	       1781.14 4843.92097  4844.1653   4.0 1 0 
	       1851.44 4840.84331  4840.8492   4.0 1 1 
	       1859.77 4840.47718  4840.4744   4.0 1 1 
	function chebyshev
	order 4
	sample *
	naverage 1
	niterate 2000
	low_reject 3.
	high_reject 3.
	grow 0.
	coefficients	8
		1.
		4.
		22.31359672546387
		1859.766357421875
		4877.607636502118
		-36.02666987668953
		-1.106677712250092
		0.002894181561604168

# Mon 15:27:09 27-Feb-2023
begin	identify iazcomp.0017 - Ap 17
	id	iazcomp.0017
	task	identify
	image	iazcomp.0017 - Ap 17
	aperture	17
	aplow	1196.11
	aphigh	1204.99
	units	Angstroms
	features	45
	         27.36 4912.52419  4912.5293   4.0 1 1 
	         60.52 4911.38054  4911.3787   4.0 1 1 
	         77.47 4910.79392  4910.7929   4.0 1 1 
	         95.80 4910.15766  4910.1576   4.0 1 1 
	        180.05 4907.21011  4907.2093   4.0 1 1 
	        249.41 4904.75567  4904.7516   4.0 1 1 
	        325.01 4902.05086  4902.0545   4.0 1 1 
	        414.64 4898.80519  4898.8044   4.0 1 1 
	        519.44 4894.95636  4894.9551   4.0 1 1 
	        560.11 4893.44701  4893.4453   4.0 1 1 
	        578.47 4892.76269  4892.7592   4.0 1 1 
	        640.01 4890.45666  4890.4582   4.0 1 1 
	        665.66 4889.48924  4889.4903   4.0 1 1 
	        677.47 4889.04273  4889.0422   4.0 1 1 
	        854.99 4882.24308  4882.2432   4.0 1 1 
	        865.01 4881.85433  4881.8531   4.0 1 1 
	        881.80 4881.20185  4881.2046   4.0 1 1 
	        916.15 4879.86214  4879.8635   4.0 1 1 
	        945.05 4878.73023   4878.733   4.0 1 1 
	        963.49 4878.00584  4878.0094   4.0 1 1 
	        988.77 4877.00931  4877.0015   4.0 1 1 
	       1001.90 4876.49068  4876.4949   4.0 1 1 
	       1055.53 4874.36254  4874.3645   4.0 1 1 
	       1091.74 4872.91724  4872.9169   4.0 1 1 
	       1132.35 4871.28812   4871.289   4.0 1 1 
	       1191.96 4868.88099  4868.8814   4.0 1 1 
	       1224.62 4867.55443   4867.556   4.0 1 1 
	       1264.82 4865.91363    4865.91   4.0 1 1 
	       1275.46 4865.47789  4865.4775   4.0 1 1 
	       1331.65 4863.16776  4863.1724   4.0 1 1 
	       1366.74 4861.71653  4861.7173   4.0 1 1 
	       1378.73 4861.21908  4861.2167   4.0 1 1 
	       1447.96 4858.33289  4858.3327   4.0 1 1 
	       1466.80 4857.54291  4857.5385   4.0 1 1 
	       1577.37 4852.87067  4852.8685   4.0 1 1 
	       1634.27 4850.44159  4850.4397   4.0 1 1 
	       1647.73 4849.86462  4849.8617   4.0 1 1 
	       1664.73 4849.13445  4849.1399   4.0 1 1 
	       1682.62  4848.3644  4848.3625   4.0 1 1 
	       1695.42 4847.81242  4847.8095   4.0 1 1 
	       1756.54 4845.16474  4845.1626   4.0 1 1 
	       1762.25  4844.9166  4844.9251   4.0 1 1 
	       1779.46 4844.16716  4844.1653   4.0 1 1 
	       1855.35 4840.84399  4840.8492   4.0 1 1 
	       1863.67 4840.47816  4840.4744   4.0 1 1 
	function chebyshev
	order 4
	sample *
	naverage 1
	niterate 2000
	low_reject 3.
	high_reject 3.
	grow 0.
	coefficients	8
		1.
		4.
		27.35564041137695
		1863.665283203125
		4877.606663106257
		-36.02561566699579
		-1.10548962263867
		0.002598942805128674

# Tue 13:40:13 16-May-2023
begin	identify iazcomp.0017 - Ap 17
	id	iazcomp.0017
	task	identify
	image	iazcomp.0017 - Ap 17
	aperture	17
	aplow	1196.11
	aphigh	1204.99
	units	Angstroms
	features	45
	         26.53 4912.52379  4912.5293   4.0 1 1 
	         59.67 4911.38111  4911.3787   4.0 1 1 
	         76.62 4910.79473  4910.7929   4.0 1 1 
	         94.97 4910.15782  4910.1576   4.0 1 1 
	        179.29 4907.20862  4907.2093   4.0 1 1 
	        248.61 4904.75579  4904.7516   4.0 1 1 
	        324.25 4902.05019  4902.0545   4.0 1 1 
	        413.85 4898.80636  4898.8044   4.0 1 1 
	        518.70  4894.9562  4894.9551   4.0 1 1 
	        559.39 4893.44612  4893.4453   4.0 1 1 
	        577.71 4892.76376  4892.7592   4.0 1 1 
	        639.27 4890.45676  4890.4582   4.0 1 1 
	        664.95 4889.48846  4889.4903   4.0 1 1 
	        676.75  4889.0424  4889.0422   4.0 1 1 
	        854.29 4882.24276  4882.2432   4.0 1 1 
	        864.31 4881.85413  4881.8531   4.0 1 1 
	        881.11 4881.20128  4881.2046   4.0 1 1 
	        915.41 4879.86368  4879.8635   4.0 1 1 
	        944.35  4878.7304   4878.733   4.0 1 1 
	        962.79 4878.00585  4878.0094   4.0 1 1 
	        988.05 4877.01064  4877.0015   4.0 1 1 
	       1001.22 4876.49029  4876.4949   4.0 1 1 
	       1054.85 4874.36222  4874.3645   4.0 1 1 
	       1091.05 4872.91738  4872.9169   4.0 1 1 
	       1131.66 4871.28836   4871.289   4.0 1 1 
	       1191.28 4868.88113  4868.8814   4.0 1 1 
	       1223.95 4867.55425   4867.556   4.0 1 1 
	       1264.16 4865.91366    4865.91   4.0 1 1 
	       1274.79 4865.47808  4865.4775   4.0 1 1 
	       1331.00 4863.16738  4863.1724   4.0 1 1 
	       1366.09 4861.71628  4861.7173   4.0 1 1 
	       1378.08  4861.2189  4861.2167   4.0 1 1 
	       1447.32 4858.33266  4858.3327   4.0 1 1 
	       1466.17  4857.5426  4857.5385   4.0 1 1 
	       1576.74 4852.87066  4852.8685   4.0 1 1 
	       1633.64 4850.44177  4850.4397   4.0 1 1 
	       1647.12 4849.86408  4849.8617   4.0 1 1 
	       1664.13 4849.13326  4849.1399   4.0 1 1 
	       1682.01  4848.3638  4848.3625   4.0 1 1 
	       1694.80 4847.81254  4847.8095   4.0 1 1 
	       1755.96 4845.16369  4845.1626   4.0 1 1 
	       1761.51 4844.92227  4844.9251   4.0 1 1 
	       1778.88 4844.16605  4844.1653   4.0 1 1 
	       1854.76 4840.84399  4840.8492   4.0 1 1 
	       1863.10 4840.47695  4840.4744   4.0 1 1 
	function chebyshev
	order 4
	sample *
	naverage 1
	niterate 2000
	low_reject 3.
	high_reject 3.
	grow 0.
	coefficients	8
		1.
		4.
		26.52682113647461
		1863.097045898438
		4877.606280806816
		-36.02629328316715
		-1.10590868849103
		0.002876061472257918

# Mon 15:28:32 14-Aug-2023
begin	identify iazcomp.0017 - Ap 17
	id	iazcomp.0017
	task	identify
	image	iazcomp.0017 - Ap 17
	aperture	17
	aplow	1196.11
	aphigh	1204.99
	units	Angstroms
	features	45
	         30.27 4912.52411  4912.5293   4.0 1 1 
	         63.46 4911.37939  4911.3787   4.0 1 1 
	         80.37  4910.7939  4910.7929   4.0 1 1 
	         98.67 4910.15857  4910.1576   4.0 1 1 
	        182.96 4907.20946  4907.2093   4.0 1 1 
	        252.27 4904.75627  4904.7516   4.0 1 1 
	        327.87  4902.0511  4902.0545   4.0 1 1 
	        417.47 4898.80561  4898.8044   4.0 1 1 
	        522.25 4894.95653  4894.9551   4.0 1 1 
	        562.91 4893.44713  4893.4453   4.0 1 1 
	        581.25 4892.76336  4892.7592   4.0 1 1 
	        642.78 4890.45686  4890.4582   4.0 1 1 
	        668.43 4889.48961  4889.4903   4.0 1 1 
	        680.24 4889.04273  4889.0422   4.0 1 1 
	        857.69 4882.24356  4882.2432   4.0 1 1 
	        867.75 4881.85345  4881.8531   4.0 1 1 
	        884.49 4881.20251  4881.2046   4.0 1 1 
	        918.82 4879.86301  4879.8635   4.0 1 1 
	        947.72 4878.73073   4878.733   4.0 1 1 
	        966.16 4878.00599  4878.0094   4.0 1 1 
	        991.39 4877.01142  4877.0015   4.0 1 0 
	       1004.56 4876.49089  4876.4949   4.0 1 1 
	       1058.18 4874.36264  4874.3645   4.0 1 1 
	       1094.36 4872.91805  4872.9169   4.0 1 1 
	       1134.96 4871.28871   4871.289   4.0 1 1 
	       1194.55 4868.88158  4868.8814   4.0 1 1 
	       1227.21 4867.55484   4867.556   4.0 1 1 
	       1267.39 4865.91428    4865.91   4.0 1 1 
	       1278.04 4865.47837  4865.4775   4.0 1 1 
	       1334.21 4863.16795  4863.1724   4.0 1 1 
	       1369.30 4861.71634  4861.7173   4.0 1 1 
	       1381.28  4861.2195  4861.2167   4.0 1 1 
	       1450.50 4858.33282  4858.3327   4.0 1 1 
	       1469.31 4857.54407  4857.5385   4.0 1 1 
	       1579.88 4852.87061  4852.8685   4.0 1 1 
	       1636.77 4850.44155  4850.4397   4.0 1 1 
	       1650.24 4849.86393  4849.8617   4.0 1 1 
	       1667.27 4849.13221  4849.1399   4.0 1 1 
	       1685.13  4848.3633  4848.3625   4.0 1 1 
	       1697.92  4847.8119  4847.8095   4.0 1 1 
	       1759.05 4845.16362  4845.1626   4.0 1 1 
	       1759.05  4845.1636  4844.9251   4.0 1 0 
	       1781.96 4844.16596  4844.1653   4.0 1 1 
	       1857.84 4840.84324  4840.8492   4.0 1 1 
	       1866.17 4840.47625  4840.4744   4.0 1 1 
	function chebyshev
	order 4
	sample *
	naverage 1
	niterate 2000
	low_reject 3.
	high_reject 3.
	grow 0.
	coefficients	8
		1.
		4.
		30.26521682739258
		1866.174560546875
		4877.605678179622
		-36.02725024014981
		-1.105500808064782
		0.003319425975316078

# Mon 16:08:59 14-Aug-2023
begin	identify iazcomp.0017 - Ap 17
	id	iazcomp.0017
	task	identify
	image	iazcomp.0017 - Ap 17
	aperture	17
	aplow	1196.11
	aphigh	1204.99
	units	Angstroms
	features	44
	         30.19 4912.52449  4912.5293   4.0 1 1 
	         63.37 4911.38059  4911.3787   4.0 1 1 
	         80.33 4910.79354  4910.7929   4.0 1 1 
	         98.61 4910.15873  4910.1576   4.0 1 1 
	        182.94 4907.20883  4907.2093   4.0 1 1 
	        252.25 4904.75584  4904.7516   4.0 1 1 
	        327.87 4902.05061  4902.0545   4.0 1 1 
	        417.51  4898.8045  4898.8044   4.0 1 1 
	        522.29 4894.95613  4894.9551   4.0 1 1 
	        562.92 4893.44819  4893.4453   4.0 1 1 
	        581.32 4892.76251  4892.7592   4.0 1 1 
	        642.83  4890.4572  4890.4582   4.0 1 1 
	        668.51 4889.48887  4889.4903   4.0 1 1 
	        680.31 4889.04263  4889.0422   4.0 1 1 
	        857.81  4882.2434  4882.2432   4.0 1 1 
	        867.84 4881.85405  4881.8531   4.0 1 1 
	        884.62 4881.20205  4881.2046   4.0 1 1 
	        918.95 4879.86283  4879.8635   4.0 1 1 
	        947.86 4878.73039   4878.733   4.0 1 1 
	        966.30 4878.00594  4878.0094   4.0 1 1 
	        991.57 4877.01017  4877.0015   4.0 1 1 
	       1004.75  4876.4896  4876.4949   4.0 1 1 
	       1058.35 4874.36239  4874.3645   4.0 1 1 
	       1094.54 4872.91765  4872.9169   4.0 1 1 
	       1135.16 4871.28808   4871.289   4.0 1 1 
	       1194.77 4868.88081  4868.8814   4.0 1 1 
	       1227.44 4867.55363   4867.556   4.0 1 1 
	       1267.62 4865.91385    4865.91   4.0 1 1 
	       1278.27 4865.47776  4865.4775   4.0 1 1 
	       1334.45  4863.1675  4863.1724   4.0 1 1 
	       1369.54 4861.71616  4861.7173   4.0 1 1 
	       1381.53 4861.21857  4861.2167   4.0 1 1 
	       1450.75 4858.33301  4858.3327   4.0 1 1 
	       1469.57 4857.54397  4857.5385   4.0 1 1 
	       1580.16 4852.87068  4852.8685   4.0 1 1 
	       1637.07 4850.44109  4850.4397   4.0 1 1 
	       1650.52 4849.86407  4849.8617   4.0 1 1 
	       1667.54 4849.13335  4849.1399   4.0 1 1 
	       1685.42  4848.3634  4848.3625   4.0 1 1 
	       1698.22  4847.8116  4847.8095   4.0 1 1 
	       1759.35 4845.16366  4845.1626   4.0 1 1 
	       1782.27   4844.166  4844.1653   4.0 1 1 
	       1858.16 4840.84284  4840.8492   4.0 1 1 
	       1866.48 4840.47682  4840.4744   4.0 1 1 
	function chebyshev
	order 4
	sample *
	naverage 1
	niterate 2000
	low_reject 3.
	high_reject 3.
	grow 0.
	coefficients	8
		1.
		4.
		30.19210052490234
		1866.476806640625
		4877.606303499993
		-36.0267297110586
		-1.105652455107583
		0.002895647812450556

