# Tue 22:33:57 07-Sep-2021
begin	identify iazcomp.0007 - Ap 7
	id	iazcomp.0007
	task	identify
	image	iazcomp.0007 - Ap 7
	aperture	7
	aplow	1010.09
	aphigh	1017.96
	units	Angstroms
	features	47
	         51.84 4320.11532  4320.1264   4.0 1 1 
	        108.04  4318.4011  4318.4157   4.0 1 1 
	        210.18 4315.24854  4315.2543   4.0 1 1 
	        240.26 4314.31113  4314.3195   4.0 1 1 
	        282.54 4312.98618  4312.9975   4.0 1 1 
	        320.43 4311.79182  4311.7994   4.0 1 1 
	        401.17 4309.22472  4309.2392   4.0 1 1 
	        421.08 4308.58706  4308.6001   4.0 1 1 
	        435.75 4308.11626   4308.122   4.0 1 1 
	        465.23 4307.16664  4307.1762   4.0 1 1 
	        533.83  4304.9416  4304.9565   4.0 1 1 
	        563.39 4303.97637  4303.9892   4.0 1 1 
	        664.70 4300.63707  4300.6495   4.0 1 1 
	        681.23 4300.08745  4300.1008   4.0 1 1 
	        681.24 4300.08726  4299.8393   4.0 1 1 
	        764.64 4297.29653  4297.3066   4.0 1 1 
	        815.83 4295.56776  4295.5849   4.0 1 1 
	        926.36 4291.79389  4291.8098   4.0 1 1 
	        988.71 4289.64002  4289.6551   4.0 1 1 
	       1017.16 4288.65164  4288.6688   4.0 1 1 
	       1062.52 4287.06755  4287.0808   4.0 1 1 
	       1086.95 4286.21058  4286.2285   4.0 1 1 
	       1163.69 4283.50073  4283.5184   4.0 1 1 
	       1205.03  4282.0297  4282.0413   4.0 1 1 
	       1222.73 4281.39731  4281.4145   4.0 1 1 
	       1232.39 4281.05174  4281.0678   4.0 1 1 
	       1246.37 4280.55085   4280.568   4.0 1 1 
	       1308.69 4278.30656  4278.3232   4.0 1 1 
	       1330.63 4277.51213  4277.5282   4.0 1 1 
	       1330.63 4277.51222  4277.3139   4.0 1 1 
	       1350.43 4276.79354  4276.8073   4.0 1 1 
	       1395.68 4275.14418  4275.1596   4.0 1 1 
	       1426.70 4274.00779  4274.0246   4.0 1 1 
	       1444.85 4273.34126  4273.3574   4.0 1 1 
	       1458.00 4272.85714  4272.8745   4.0 1 1 
	       1477.09 4272.15297  4272.1689   4.0 1 1 
	       1537.18 4269.92566  4269.9426   4.0 1 1 
	       1628.51 4266.50917  4266.5271   4.0 1 1 
	       1628.50 4266.50932  4266.2864   4.0 1 1 
	       1791.58 4260.31321   4260.333   4.0 1 1 
	       1816.85 4259.34217  4259.3619   4.0 1 1 
	       1838.72 4258.49947  4258.5204   4.0 1 1 
	       1865.22 4257.47521  4257.4963   4.0 1 1 
	       1897.29 4256.23172  4256.2537   4.0 1 1 
	       1923.41 4255.21524  4255.2373   4.0 1 1 
	       1966.91 4253.51578  4253.5385   4.0 1 1 
	       2026.64 4251.16793  4251.1846   4.0 1 1 
	shift	0.1170258706601322
	function chebyshev
	order 4
	sample *
	naverage 1
	niterate 2000
	low_reject 3.
	high_reject 3.
	grow 0.
	coefficients	8
		1.
		4.
		47.71355438232429
		2023.158081054691
		4286.776606440869
		-34.46847766994746
		-1.120793668588477
		8.442837695934135E-4

# Fri 10:45:54 11-Mar-2022
begin	identify iazcomp.0007 - Ap 7
	id	iazcomp.0007
	task	identify
	image	iazcomp.0007 - Ap 7
	aperture	7
	aplow	1010.09
	aphigh	1017.96
	units	Angstroms
	features	45
	         36.88 4320.12448  4320.1264   4.0 1 1 
	         92.96 4318.41463  4318.4157   4.0 1 1 
	        195.27 4315.25803  4315.2543   4.0 1 1 
	        267.61 4312.99714  4312.9975   4.0 1 1 
	        305.58   4311.801  4311.7994   4.0 1 1 
	        406.19 4308.59916  4308.6001   4.0 1 1 
	        450.33 4307.17956  4307.1762   4.0 1 1 
	        475.59 4306.36334  4306.3668   4.0 1 1 
	        518.94 4304.95551  4304.9565   4.0 1 1 
	        548.50 4303.99075  4303.9892   4.0 1 1 
	        649.92 4300.64959  4300.6495   4.0 1 1 
	        666.47 4300.10009  4300.1008   4.0 1 1 
	        749.91 4297.30956  4297.3066   4.0 1 1 
	        801.09 4295.58229  4295.5849   4.0 1 1 
	        911.70 4291.80809  4291.8098   4.0 1 1 
	        974.11 4289.65389  4289.6551   4.0 1 1 
	       1002.55 4288.66625  4288.6688   4.0 1 1 
	       1047.89 4287.08418  4287.0808   4.0 1 1 
	       1072.27 4286.22954  4286.2285   4.0 1 1 
	       1149.18 4283.51555  4283.5184   4.0 1 1 
	       1166.60 4282.89701  4282.8976   4.0 1 1 
	       1190.55 4282.04451  4282.0413   4.0 1 1 
	       1208.24 4281.41317  4281.4145   4.0 1 1 
	       1217.96 4281.06575  4281.0678   4.0 1 1 
	       1231.95 4280.56486   4280.568   4.0 1 1 
	       1294.29 4278.32167  4278.3232   4.0 1 1 
	       1316.22 4277.52828  4277.5282   4.0 1 1 
	       1322.04 4277.31736  4277.3139   4.0 1 1 
	       1336.01 4276.81038  4276.8073   4.0 1 1 
	       1381.31 4275.16046  4275.1596   4.0 1 1 
	       1412.37 4274.02399  4274.0246   4.0 1 1 
	       1430.51 4273.35819  4273.3574   4.0 1 1 
	       1443.66 4272.87462  4272.8745   4.0 1 1 
	       1462.77 4272.17011  4272.1689   4.0 1 1 
	       1522.91 4269.94313  4269.9426   4.0 1 1 
	       1614.27  4266.5281  4266.5271   4.0 1 1 
	       1620.67 4266.28748  4266.2864   4.0 1 1 
	       1777.49 4260.33207   4260.333   4.0 1 1 
	       1802.77 4259.36164  4259.3619   4.0 1 1 
	       1824.63 4258.52017  4258.5204   4.0 1 1 
	       1851.17 4257.49565  4257.4963   4.0 1 1 
	       1883.27 4256.25184  4256.2537   4.0 1 1 
	       1909.42 4255.23536  4255.2373   4.0 1 1 
	       1952.93 4253.53721  4253.5385   4.0 1 1 
	       2012.74 4251.18824  4251.1846   4.0 1 1 
	function chebyshev
	order 4
	sample *
	naverage 1
	niterate 2000
	low_reject 3.
	high_reject 3.
	grow 0.
	coefficients	8
		1.
		4.
		36.87686920166016
		2012.742919921875
		4286.773496870335
		-34.46901299228427
		-1.117139771141257
		8.925522704140443E-4

# Tue 15:08:22 29-Mar-2022
begin	identify iazcomp.0007 - Ap 7
	id	iazcomp.0007
	task	identify
	image	iazcomp.0007 - Ap 7
	aperture	7
	aplow	1010.09
	aphigh	1017.96
	units	Angstroms
	features	45
	         37.57 4320.12582  4320.1264   4.0 1 1 
	         93.80 4318.41137  4318.4157   4.0 1 1 
	        196.00 4315.25824  4315.2543   4.0 1 1 
	        268.33 4312.99722  4312.9975   4.0 1 1 
	        306.21 4311.80384  4311.7994   4.0 1 1 
	        406.89 4308.59918  4308.6001   4.0 1 1 
	        451.03 4307.17975  4307.1762   4.0 1 1 
	        476.20 4306.36614  4306.3668   4.0 1 1 
	        519.72 4304.95287  4304.9565   4.0 1 1 
	        549.24  4303.9892  4303.9892   4.0 1 1 
	        650.60 4300.64981  4300.6495   4.0 1 1 
	        667.14 4300.10044  4300.1008   4.0 1 1 
	        750.57  4297.3098  4297.3066   4.0 1 1 
	        801.78 4295.58151  4295.5849   4.0 1 1 
	        912.36 4291.80785  4291.8098   4.0 1 1 
	        974.71 4289.65532  4289.6551   4.0 1 1 
	       1003.17  4288.6671  4288.6688   4.0 1 1 
	       1048.65 4287.07982  4287.0808   4.0 1 1 
	       1072.97 4286.22704  4286.2285   4.0 1 1 
	       1149.77 4283.51684  4283.5184   4.0 1 1 
	       1167.21 4282.89757  4282.8976   4.0 1 1 
	       1191.17 4282.04469  4282.0413   4.0 1 1 
	       1208.86 4281.41324  4281.4145   4.0 1 1 
	       1218.54 4281.06709  4281.0678   4.0 1 1 
	       1232.53 4280.56601   4280.568   4.0 1 1 
	       1294.86 4278.32298  4278.3232   4.0 1 1 
	       1316.81 4277.52852  4277.5282   4.0 1 1 
	       1322.66 4277.31677  4277.3139   4.0 1 1 
	       1336.60 4276.81064  4276.8073   4.0 1 1 
	       1381.90  4275.1607  4275.1596   4.0 1 1 
	       1412.96 4274.02418  4274.0246   4.0 1 1 
	       1431.09 4273.35838  4273.3574   4.0 1 1 
	       1444.26 4272.87412  4272.8745   4.0 1 1 
	       1463.36 4272.17015  4272.1689   4.0 1 1 
	       1523.51 4269.94234  4269.9426   4.0 1 1 
	       1614.84 4266.52791  4266.5271   4.0 1 1 
	       1621.25 4266.28706  4266.2864   4.0 1 1 
	       1778.02   4260.333   4260.333   4.0 1 1 
	       1803.32 4259.36145  4259.3619   4.0 1 1 
	       1825.19 4258.51953  4258.5204   4.0 1 1 
	       1851.71 4257.49532  4257.4963   4.0 1 1 
	       1883.81 4256.25174  4256.2537   4.0 1 1 
	       1909.92 4255.23673  4255.2373   4.0 1 1 
	       1953.48 4253.53608  4253.5385   4.0 1 1 
	       2013.26 4251.18854  4251.1846   4.0 1 1 
	function chebyshev
	order 4
	sample *
	naverage 1
	niterate 2000
	low_reject 3.
	high_reject 3.
	grow 0.
	coefficients	8
		1.
		4.
		37.57408905029297
		2013.255737304688
		4286.774488226158
		-34.46960500956314
		-1.117307324238614
		9.620774508842326E-4

# Mon 18:57:56 30-Jan-2023
begin	identify iazcomp.0007 - Ap 7
	id	iazcomp.0007
	task	identify
	image	iazcomp.0007 - Ap 7
	aperture	7
	aplow	1010.09
	aphigh	1017.96
	units	Angstroms
	features	44
	         49.06 4320.12433  4320.1264   4.0 1 1 
	        105.13 4318.41479  4318.4157   4.0 1 1 
	        237.53 4314.32083  4314.3195   4.0 1 1 
	        279.77 4312.99799  4312.9975   4.0 1 1 
	        317.69 4311.80312  4311.7994   4.0 1 1 
	        398.44 4309.23648  4309.2392   4.0 1 1 
	        418.32 4308.60013  4308.6001   4.0 1 1 
	        462.46 4307.18039  4307.1762   4.0 1 1 
	        487.69 4306.36503  4306.3668   4.0 1 1 
	        560.72 4303.98794  4303.9892   4.0 1 1 
	        662.01  4300.6503  4300.6495   4.0 1 1 
	        678.55 4300.10078  4300.1008   4.0 1 1 
	        686.40 4299.83951  4299.8393   4.0 1 1 
	        761.98 4297.30994  4297.3066   4.0 1 1 
	        923.72 4291.80806  4291.8098   4.0 1 1 
	        986.13 4289.65319  4289.6551   4.0 1 1 
	       1014.55 4288.66575  4288.6688   4.0 1 1 
	       1059.95 4287.08112  4287.0808   4.0 1 1 
	       1084.36 4286.22499  4286.2285   4.0 1 1 
	       1161.06 4283.51721  4283.5184   4.0 1 1 
	       1178.49 4282.89813  4282.8976   4.0 1 1 
	       1202.45 4282.04501  4282.0413   4.0 1 1 
	       1220.15 4281.41281  4281.4145   4.0 1 1 
	       1229.83 4281.06656  4281.0678   4.0 1 1 
	       1243.81 4280.56584   4280.568   4.0 1 1 
	       1306.12 4278.32266  4278.3232   4.0 1 1 
	       1328.07 4277.52822  4277.5282   4.0 1 1 
	       1333.97 4277.31426  4277.3139   4.0 1 1 
	       1347.89 4276.80905  4276.8073   4.0 1 1 
	       1393.12 4275.16108  4275.1596   4.0 1 1 
	       1424.14 4274.02545  4274.0246   4.0 1 1 
	       1442.31 4273.35807  4273.3574   4.0 1 1 
	       1455.45  4272.8744  4272.8745   4.0 1 1 
	       1474.55 4272.17033  4272.1689   4.0 1 1 
	       1534.64 4269.94407  4269.9426   4.0 1 1 
	       1626.00 4266.52749  4266.5271   4.0 1 1 
	       1632.38 4266.28735  4266.2864   4.0 1 1 
	       1789.11 4260.33248   4260.333   4.0 1 1 
	       1814.37 4259.36216  4259.3619   4.0 1 1 
	       1836.23 4258.52045  4258.5204   4.0 1 1 
	       1862.74 4257.49615  4257.4963   4.0 1 1 
	       1894.82 4256.25302  4256.2537   4.0 1 1 
	       1920.94 4255.23685  4255.2373   4.0 1 1 
	       1964.45 4253.53783  4253.5385   4.0 1 1 
	function chebyshev
	order 4
	sample *
	naverage 1
	niterate 2000
	low_reject 3.
	high_reject 3.
	grow 0.
	coefficients	8
		1.
		4.
		49.05662536621094
		1964.448608398438
		4287.884083861452
		-33.29444484093987
		-1.05300288054742
		0.001196105301068702

# Fri 11:53:26 03-Feb-2023
begin	identify iazcomp.0007 - Ap 7
	id	iazcomp.0007
	task	identify
	image	iazcomp.0007 - Ap 7
	aperture	7
	aplow	1010.09
	aphigh	1017.96
	units	Angstroms
	features	44
	         47.63  4320.1239  4320.1264   4.0 1 1 
	        103.70 4318.41487  4318.4157   4.0 1 1 
	        236.09 4314.32245  4314.3195   4.0 1 1 
	        278.38   4312.998  4312.9975   4.0 1 1 
	        316.31 4311.80295  4311.7994   4.0 1 1 
	        397.04 4309.23767  4309.2392   4.0 1 1 
	        417.05 4308.59716  4308.6001   4.0 1 1 
	        461.11 4307.18035  4307.1762   4.0 1 1 
	        486.36 4306.36425  4306.3668   4.0 1 1 
	        559.34  4303.9894  4303.9892   4.0 1 1 
	        660.70 4300.65019  4300.6495   4.0 1 1 
	        677.24 4300.10068  4300.1008   4.0 1 1 
	        685.09 4299.83963  4299.8393   4.0 1 1 
	        760.68 4297.30972  4297.3066   4.0 1 1 
	        922.46 4291.80751  4291.8098   4.0 1 1 
	        984.83 4289.65427  4289.6551   4.0 1 1 
	       1013.29 4288.66579  4288.6688   4.0 1 1 
	       1058.67 4287.08174  4287.0808   4.0 1 1 
	       1083.11 4286.22478  4286.2285   4.0 1 1 
	       1159.84 4283.51655  4283.5184   4.0 1 1 
	       1177.27 4282.89762  4282.8976   4.0 1 1 
	       1201.22 4282.04462  4282.0413   4.0 1 1 
	       1218.89 4281.41379  4281.4145   4.0 1 1 
	       1228.59 4281.06673  4281.0678   4.0 1 1 
	       1242.57 4280.56619   4280.568   4.0 1 1 
	       1304.91 4278.32225  4278.3232   4.0 1 1 
	       1326.86 4277.52801  4277.5282   4.0 1 1 
	       1332.72 4277.31534  4277.3139   4.0 1 1 
	       1346.66 4276.80965  4276.8073   4.0 1 1 
	       1391.91 4275.16113  4275.1596   4.0 1 1 
	       1422.96 4274.02427  4274.0246   4.0 1 1 
	       1441.12 4273.35757  4273.3574   4.0 1 1 
	       1454.27 4272.87388  4272.8745   4.0 1 1 
	       1473.36 4272.17013  4272.1689   4.0 1 1 
	       1533.44 4269.94418  4269.9426   4.0 1 1 
	       1624.81 4266.52786  4266.5271   4.0 1 1 
	       1631.20 4266.28735  4266.2864   4.0 1 1 
	       1787.94 4260.33331   4260.333   4.0 1 1 
	       1813.23 4259.36209  4259.3619   4.0 1 1 
	       1835.09 4258.52026  4258.5204   4.0 1 1 
	       1861.61 4257.49602  4257.4963   4.0 1 1 
	       1893.69 4256.25259  4256.2537   4.0 1 1 
	       1919.81 4255.23698  4255.2373   4.0 1 1 
	       1963.33 4253.53794  4253.5385   4.0 1 1 
	function chebyshev
	order 4
	sample *
	naverage 1
	niterate 2000
	low_reject 3.
	high_reject 3.
	grow 0.
	coefficients	8
		1.
		4.
		47.62863159179688
		1963.325927734375
		4287.884163374188
		-33.2943977707436
		-1.053240079986378
		0.001418930617873355

# Mon 14:50:27 06-Feb-2023
begin	identify iazcomp.0007 - Ap 7
	id	iazcomp.0007
	task	identify
	image	iazcomp.0007 - Ap 7
	aperture	7
	aplow	1010.09
	aphigh	1017.96
	units	Angstroms
	features	44
	         45.07 4320.12423  4320.1264   4.0 1 1 
	        101.20 4318.41389  4318.4157   4.0 1 1 
	        233.57 4314.32263  4314.3195   4.0 1 1 
	        275.88 4312.99778  4312.9975   4.0 1 1 
	        313.81 4311.80318  4311.7994   4.0 1 1 
	        394.60 4309.23649  4309.2392   4.0 1 1 
	        414.54 4308.59851  4308.6001   4.0 1 1 
	        458.66  4307.1799  4307.1762   4.0 1 1 
	        483.83  4306.3668  4306.3668   4.0 1 1 
	        557.27 4303.97761  4303.9892   4.0 1 0 
	        658.32 4300.64931  4300.6495   4.0 1 1 
	        674.85 4300.10048  4300.1008   4.0 1 1 
	        682.68 4299.84001  4299.8393   4.0 1 1 
	        758.33 4297.30929  4297.3066   4.0 1 1 
	        920.15 4291.80751  4291.8098   4.0 1 1 
	        982.56 4289.65325  4289.6551   4.0 1 1 
	       1011.00 4288.66576  4288.6688   4.0 1 1 
	       1056.43  4287.0806  4287.0808   4.0 1 1 
	       1080.81 4286.22597  4286.2285   4.0 1 1 
	       1157.61 4283.51617  4283.5184   4.0 1 1 
	       1175.05 4282.89709  4282.8976   4.0 1 1 
	       1199.00 4282.04457  4282.0413   4.0 1 1 
	       1216.68 4281.41338  4281.4145   4.0 1 1 
	       1226.39 4281.06645  4281.0678   4.0 1 1 
	       1240.37  4280.5659   4280.568   4.0 1 1 
	       1302.70 4278.32285  4278.3232   4.0 1 1 
	       1324.67 4277.52812  4277.5282   4.0 1 1 
	       1330.50 4277.31696  4277.3139   4.0 1 1 
	       1344.45  4276.8107  4276.8073   4.0 1 1 
	       1389.75 4275.16084  4275.1596   4.0 1 1 
	       1420.82 4274.02379  4274.0246   4.0 1 1 
	       1438.96 4273.35797  4273.3574   4.0 1 1 
	       1452.10 4272.87455  4272.8745   4.0 1 1 
	       1471.22 4272.16989  4272.1689   4.0 1 1 
	       1531.34 4269.94318  4269.9426   4.0 1 1 
	       1622.70 4266.52799  4266.5271   4.0 1 1 
	       1629.10 4266.28737  4266.2864   4.0 1 1 
	       1785.86 4260.33359   4260.333   4.0 1 1 
	       1811.17 4259.36195  4259.3619   4.0 1 1 
	       1833.03 4258.52035  4258.5204   4.0 1 1 
	       1859.56 4257.49582  4257.4963   4.0 1 1 
	       1891.64 4256.25263  4256.2537   4.0 1 1 
	       1917.77 4255.23687  4255.2373   4.0 1 1 
	       1961.29 4253.53786  4253.5385   4.0 1 1 
	function chebyshev
	order 4
	sample *
	naverage 1
	niterate 2000
	low_reject 3.
	high_reject 3.
	grow 0.
	coefficients	8
		1.
		4.
		45.0721549987793
		1961.287109375
		4287.884398322653
		-33.29400654415793
		-1.053354201317364
		8.236297425808558E-4

# Mon 15:25:10 27-Feb-2023
begin	identify iazcomp.0007 - Ap 7
	id	iazcomp.0007
	task	identify
	image	iazcomp.0007 - Ap 7
	aperture	7
	aplow	1010.09
	aphigh	1017.96
	units	Angstroms
	features	41
	         50.05 4320.12485  4320.1264   4.0 1 1 
	        106.12 4318.41513  4318.4157   4.0 1 1 
	        238.49 4314.32086  4314.3195   4.0 1 1 
	        280.71 4312.99784  4312.9975   4.0 1 1 
	        318.62 4311.80329  4311.7994   4.0 1 1 
	        399.36  4309.2363  4309.2392   4.0 1 1 
	        419.32 4308.59731  4308.6001   4.0 1 1 
	        463.37 4307.18034  4307.1762   4.0 1 1 
	        488.60 4306.36453  4306.3668   4.0 1 1 
	        561.54 4303.98985  4303.9892   4.0 1 1 
	        662.90  4300.6496  4300.6495   4.0 1 1 
	        679.41 4300.10096  4300.1008   4.0 1 1 
	        762.82 4297.31066  4297.3066   4.0 1 1 
	        924.58 4291.80756  4291.8098   4.0 1 1 
	        986.89 4289.65568  4289.6551   4.0 1 1 
	       1015.38 4288.66592  4288.6688   4.0 1 1 
	       1060.73 4287.08261  4287.0808   4.0 1 1 
	       1085.17 4286.22549  4286.2285   4.0 1 1 
	       1161.92 4283.51614  4283.5184   4.0 1 1 
	       1179.34 4282.89716  4282.8976   4.0 1 1 
	       1203.27 4282.04491  4282.0413   4.0 1 1 
	       1220.98 4281.41251  4281.4145   4.0 1 1 
	       1230.65 4281.06668  4281.0678   4.0 1 1 
	       1244.63 4280.56569   4280.568   4.0 1 1 
	       1306.94 4278.32231  4278.3232   4.0 1 1 
	       1328.89 4277.52795  4277.5282   4.0 1 1 
	       1348.67 4276.81013  4276.8073   4.0 1 1 
	       1393.94 4275.16056  4275.1596   4.0 1 1 
	       1424.95 4274.02522  4274.0246   4.0 1 1 
	       1443.12 4273.35782  4273.3574   4.0 1 1 
	       1456.24 4272.87481  4272.8745   4.0 1 1 
	       1475.36 4272.16993  4272.1689   4.0 1 1 
	       1535.46 4269.94309  4269.9426   4.0 1 1 
	       1626.77 4266.52767  4266.5271   4.0 1 1 
	       1789.84 4260.33402   4260.333   4.0 1 1 
	       1815.13  4259.3624  4259.3619   4.0 1 1 
	       1836.97 4258.52108  4258.5204   4.0 1 1 
	       1863.50  4257.4963  4257.4963   4.0 1 1 
	       1895.58 4256.25249  4256.2537   4.0 1 1 
	       1921.68 4255.23739  4255.2373   4.0 1 1 
	       1965.21 4253.53694  4253.5385   4.0 1 1 
	function chebyshev
	order 4
	sample *
	naverage 1
	niterate 2000
	low_reject 3.
	high_reject 3.
	grow 0.
	coefficients	8
		1.
		4.
		50.05456542968749
		1965.214477539063
		4287.883154416913
		-33.2947231730692
		-1.052259902640154
		7.658268833659089E-4

# Tue 13:39:56 16-May-2023
begin	identify iazcomp.0007 - Ap 7
	id	iazcomp.0007
	task	identify
	image	iazcomp.0007 - Ap 7
	aperture	7
	aplow	1010.09
	aphigh	1017.96
	units	Angstroms
	features	41
	         49.19 4320.12526  4320.1264   4.0 1 1 
	        105.32 4318.41406  4318.4157   4.0 1 1 
	        237.66   4314.322  4314.3195   4.0 1 1 
	        279.94 4312.99785  4312.9975   4.0 1 1 
	        317.85  4311.8032  4311.7994   4.0 1 1 
	        398.63 4309.23589  4309.2392   4.0 1 1 
	        418.52 4308.59906  4308.6001   4.0 1 1 
	        462.64 4307.18027  4307.1762   4.0 1 1 
	        487.90 4306.36382  4306.3668   4.0 1 1 
	        560.86 4303.98895  4303.9892   4.0 1 1 
	        662.22 4300.64919  4300.6495   4.0 1 1 
	        678.73 4300.10069  4300.1008   4.0 1 1 
	        762.15 4297.31008  4297.3066   4.0 1 1 
	        923.92 4291.80768  4291.8098   4.0 1 1 
	        986.28 4289.65442  4289.6551   4.0 1 1 
	       1014.73   4288.666  4288.6688   4.0 1 1 
	       1060.06 4287.08365  4287.0808   4.0 1 1 
	       1084.49 4286.22693  4286.2285   4.0 1 1 
	       1161.28  4283.5161  4283.5184   4.0 1 1 
	       1178.70 4282.89728  4282.8976   4.0 1 1 
	       1202.63 4282.04508  4282.0413   4.0 1 1 
	       1220.33 4281.41314  4281.4145   4.0 1 1 
	       1230.01 4281.06685  4281.0678   4.0 1 1 
	       1244.00 4280.56565   4280.568   4.0 1 1 
	       1306.31 4278.32255  4278.3232   4.0 1 1 
	       1328.26 4277.52804  4277.5282   4.0 1 1 
	       1348.06 4276.80979  4276.8073   4.0 1 1 
	       1393.31 4275.16078  4275.1596   4.0 1 1 
	       1424.33 4274.02511  4274.0246   4.0 1 1 
	       1442.50 4273.35787  4273.3574   4.0 1 1 
	       1455.65 4272.87404  4272.8745   4.0 1 1 
	       1474.75 4272.16974  4272.1689   4.0 1 1 
	       1534.85   4269.943  4269.9426   4.0 1 1 
	       1626.18 4266.52763  4266.5271   4.0 1 1 
	       1789.26 4260.33382   4260.333   4.0 1 1 
	       1814.55 4259.36221  4259.3619   4.0 1 1 
	       1836.41 4258.52041  4258.5204   4.0 1 1 
	       1862.92 4257.49631  4257.4963   4.0 1 1 
	       1895.01 4256.25216  4256.2537   4.0 1 1 
	       1921.11  4255.2371  4255.2373   4.0 1 1 
	       1964.61 4253.53834  4253.5385   4.0 1 1 
	function chebyshev
	order 4
	sample *
	naverage 1
	niterate 2000
	low_reject 3.
	high_reject 3.
	grow 0.
	coefficients	8
		1.
		4.
		49.18899917602539
		1964.608520507813
		4287.885099333269
		-33.2945632210258
		-1.053299805617421
		0.001103765309199319

# Mon 15:28:13 14-Aug-2023
begin	identify iazcomp.0007 - Ap 7
	id	iazcomp.0007
	task	identify
	image	iazcomp.0007 - Ap 7
	aperture	7
	aplow	1010.09
	aphigh	1017.96
	units	Angstroms
	features	41
	         52.93 4320.12587  4320.1264   4.0 1 1 
	        109.07 4318.41392  4318.4157   4.0 1 1 
	        241.44 4314.31933  4314.3195   4.0 1 1 
	        283.61 4312.99801  4312.9975   4.0 1 1 
	        321.50  4311.8037  4311.7994   4.0 1 1 
	        402.26 4309.23601  4309.2392   4.0 1 1 
	        422.13 4308.59954  4308.6001   4.0 1 1 
	        466.26 4307.17985  4307.1762   4.0 1 1 
	        491.44  4306.3657  4306.3668   4.0 1 1 
	        564.41 4303.98956  4303.9892   4.0 1 1 
	        665.73 4300.64984  4300.6495   4.0 1 1 
	        682.26 4300.10046  4300.1008   4.0 1 1 
	        765.65 4297.30976  4297.3066   4.0 1 1 
	        927.34 4291.80735  4291.8098   4.0 1 1 
	        989.64 4289.65542  4289.6551   4.0 1 1 
	       1018.11 4288.66594  4288.6688   4.0 1 1 
	       1063.48 4287.08129  4287.0808   4.0 1 1 
	       1087.86 4286.22629  4286.2285   4.0 1 1 
	       1164.60 4283.51606  4283.5184   4.0 1 1 
	       1182.01 4282.89734  4282.8976   4.0 1 1 
	       1205.94 4282.04484  4282.0413   4.0 1 1 
	       1223.63 4281.41314  4281.4145   4.0 1 1 
	       1233.31 4281.06654  4281.0678   4.0 1 1 
	       1247.28 4280.56608   4280.568   4.0 1 1 
	       1309.58 4278.32254  4278.3232   4.0 1 1 
	       1331.52 4277.52809  4277.5282   4.0 1 1 
	       1351.30 4276.80998  4276.8073   4.0 1 1 
	       1396.54 4275.16118  4275.1596   4.0 1 1 
	       1427.56 4274.02474  4274.0246   4.0 1 1 
	       1445.72 4273.35792  4273.3574   4.0 1 1 
	       1458.83 4272.87505  4272.8745   4.0 1 1 
	       1477.96 4272.16957  4272.1689   4.0 1 1 
	       1538.05 4269.94241  4269.9426   4.0 1 1 
	       1629.33 4266.52775  4266.5271   4.0 1 1 
	       1792.33 4260.33506   4260.333   4.0 1 1 
	       1817.65 4259.36236  4259.3619   4.0 1 1 
	       1839.49 4258.52105  4258.5204   4.0 1 1 
	       1866.01 4257.49624  4257.4963   4.0 1 1 
	       1898.08 4256.25284  4256.2537   4.0 1 1 
	       1924.22 4255.23578  4255.2373   4.0 1 1 
	       1967.70 4253.53758  4253.5385   4.0 1 1 
	function chebyshev
	order 4
	sample *
	naverage 1
	niterate 2000
	low_reject 3.
	high_reject 3.
	grow 0.
	coefficients	8
		1.
		4.
		52.92918395996093
		1967.695068359375
		4287.884499199757
		-33.29566585088601
		-1.052773408158731
		0.001522866915722972

# Mon 16:08:23 14-Aug-2023
begin	identify iazcomp.0007 - Ap 7
	id	iazcomp.0007
	task	identify
	image	iazcomp.0007 - Ap 7
	aperture	7
	aplow	1010.09
	aphigh	1017.96
	units	Angstroms
	features	41
	         52.84 4320.12582  4320.1264   4.0 1 1 
	        109.03 4318.41233  4318.4157   4.0 1 1 
	        241.27 4314.32284  4314.3195   4.0 1 1 
	        283.58 4312.99714  4312.9975   4.0 1 1 
	        321.46 4311.80341  4311.7994   4.0 1 1 
	        402.26 4309.23489  4309.2392   4.0 1 1 
	        422.04 4308.60152  4308.6001   4.0 1 1 
	        466.25 4307.17944  4307.1762   4.0 1 1 
	        491.45 4306.36481  4306.3668   4.0 1 1 
	        564.41 4303.98944  4303.9892   4.0 1 1 
	        665.76 4300.64961  4300.6495   4.0 1 1 
	        682.29 4300.10046  4300.1008   4.0 1 1 
	        765.68 4297.31023  4297.3066   4.0 1 1 
	        927.43 4291.80755  4291.8098   4.0 1 1 
	        989.78 4289.65431  4289.6551   4.0 1 1 
	       1018.22 4288.66619  4288.6688   4.0 1 1 
	       1063.63 4287.08063  4287.0808   4.0 1 1 
	       1087.98 4286.22646  4286.2285   4.0 1 1 
	       1164.74 4283.51643  4283.5184   4.0 1 1 
	       1182.16 4282.89749  4282.8976   4.0 1 1 
	       1206.10   4282.045  4282.0413   4.0 1 1 
	       1223.81 4281.41249  4281.4145   4.0 1 1 
	       1233.48 4281.06656  4281.0678   4.0 1 1 
	       1247.45 4280.56586   4280.568   4.0 1 1 
	       1309.76 4278.32254  4278.3232   4.0 1 1 
	       1331.71 4277.52809  4277.5282   4.0 1 1 
	       1351.50 4276.80976  4276.8073   4.0 1 1 
	       1396.75 4275.16082  4275.1596   4.0 1 1 
	       1427.74 4274.02583  4274.0246   4.0 1 1 
	       1445.93 4273.35769  4273.3574   4.0 1 1 
	       1459.05 4272.87489  4272.8745   4.0 1 1 
	       1478.18 4272.16971  4272.1689   4.0 1 1 
	       1538.24 4269.94413  4269.9426   4.0 1 1 
	       1629.57 4266.52785  4266.5271   4.0 1 1 
	       1792.62 4260.33446   4260.333   4.0 1 1 
	       1817.94 4259.36167  4259.3619   4.0 1 1 
	       1839.78 4258.52065  4258.5204   4.0 1 1 
	       1866.30 4257.49581  4257.4963   4.0 1 1 
	       1898.38 4256.25235  4256.2537   4.0 1 1 
	       1924.48 4255.23716  4255.2373   4.0 1 1 
	       1967.99 4253.53765  4253.5385   4.0 1 1 
	function chebyshev
	order 4
	sample *
	naverage 1
	niterate 2000
	low_reject 3.
	high_reject 3.
	grow 0.
	coefficients	8
		1.
		4.
		52.83910369873046
		1967.987426757813
		4287.884685988265
		-33.29520530102987
		-1.052952359960629
		0.001119017502640675

