# Tue 22:40:57 07-Sep-2021
begin	identify iazcomp.0019 - Ap 19
	id	iazcomp.0019
	task	identify
	image	iazcomp.0019 - Ap 19
	aperture	19
	aplow	1229.09
	aphigh	1238.09
	units	Angstroms
	features	38
	         59.61 5049.79402   5049.796   4.0 1 1 
	        136.54 5047.04241  5047.0434   4.0 1 1 
	        186.26 5045.24754  5045.2481   4.0 1 1 
	        200.74 5044.72242  5044.7195   4.0 1 1 
	        233.90 5043.51518  5043.5145   4.0 1 1 
	        286.20 5041.59948  5041.5998   4.0 1 1 
	        299.11 5041.12432  5041.1224   4.0 1 1 
	        350.28  5039.2323  5039.2303   4.0 1 1 
	        597.46 5029.89265  5029.8916   4.0 1 1 
	        620.41 5029.00888  5029.0119   4.0 1 1 
	        629.69 5028.65064  5028.6556   4.0 1 1 
	        756.48 5023.70921  5023.7084   4.0 1 1 
	        799.55 5022.01065  5022.0051   4.0 1 1 
	        818.69 5021.25243  5021.2531   4.0 1 1 
	        836.59 5020.54171  5020.5458   4.0 1 1 
	        855.04 5019.80746  5019.8062   4.0 1 1 
	        899.01 5018.04973  5018.0535   4.0 1 1 
	        936.68 5016.53555  5016.5356   4.0 1 1 
	        952.59 5015.89382  5015.8893   4.0 1 1 
	       1061.17 5011.47653  5011.4774   4.0 1 1 
	       1087.09 5010.41263  5010.4174   4.0 1 1 
	       1113.21 5009.33655  5009.3344   4.0 1 1 
	       1251.03 5003.59897  5003.5981   4.0 1 1 
	       1286.65 5002.09951  5002.0972   4.0 1 1 
	       1330.43 5000.24712  5000.2463   4.0 1 1 
	       1473.93 4994.10278  4994.1058   4.0 1 1 
	       1481.99 4993.75471  4993.7488   4.0 1 1 
	       1519.56 4992.12613  4992.1257   4.0 1 1 
	       1584.17  4989.3084  4989.3086   4.0 1 1 
	       1624.04 4987.55859  4987.5582   4.0 1 1 
	       1633.40 4987.14664   4987.147   4.0 1 1 
	       1660.55  4985.9488  4985.9486   4.0 1 1 
	       1673.61  4985.3715  4985.3725   4.0 1 1 
	       1738.57 4982.48589  4982.4875   4.0 1 1 
	       1773.00 4980.94723  4980.9513   4.0 1 1 
	       1790.02 4980.18469  4980.1859   4.0 1 1 
	       1883.89 4975.95072  4975.9485   4.0 1 1 
	       1967.07  4972.1612  4972.1597   4.0 1 1 
	function chebyshev
	order 5
	sample *
	naverage 1
	niterate 2000
	low_reject 3.
	high_reject 3.
	grow 0.
	coefficients	9
		1.
		5.
		59.60713577270507
		1967.070678710937
		5012.201570194994
		-38.8204957712639
		-1.226284557471038
		0.004084702167861776
		0.002327017922559417

# Fri 10:55:06 11-Mar-2022
begin	identify iazcomp.0019 - Ap 19
	id	iazcomp.0019
	task	identify
	image	iazcomp.0019 - Ap 19
	aperture	19
	aplow	1229.09
	aphigh	1238.09
	units	Angstroms
	features	40
	         16.36 5050.78149  5050.7842   4.0 1 1 
	         44.10 5049.79701   5049.796   4.0 1 1 
	        121.08 5047.04354  5047.0434   4.0 1 1 
	        170.79   5045.249  5045.2481   4.0 1 1 
	        185.30 5044.72255  5044.7195   4.0 1 1 
	        218.60 5043.51048  5043.5145   4.0 1 1 
	        270.79   5041.599  5041.5998   4.0 1 1 
	        283.66 5041.12568  5041.1224   4.0 1 1 
	        334.86 5039.23292  5039.2303   4.0 1 1 
	        582.16 5029.89241  5029.8916   4.0 1 1 
	        605.10 5029.00923  5029.0119   4.0 1 1 
	        614.39  5028.6507  5028.6556   4.0 1 1 
	        741.23 5023.70945  5023.7084   4.0 1 1 
	        784.36 5022.00954  5022.0051   4.0 1 1 
	        803.44 5021.25413  5021.2531   4.0 1 1 
	        821.37 5020.54274  5020.5458   4.0 1 1 
	        839.87 5019.80685  5019.8062   4.0 1 1 
	        883.87 5018.04892  5018.0535   4.0 1 1 
	        921.53 5016.53566  5016.5356   4.0 1 1 
	        937.46 5015.89349  5015.8893   4.0 1 1 
	       1046.09 5011.47662  5011.4774   4.0 1 1 
	       1071.99 5010.41425  5010.4174   4.0 1 1 
	       1098.17 5009.33655  5009.3344   4.0 1 1 
	       1126.00 5008.18683  5008.1897   4.0 1 1 
	       1236.09  5003.5977  5003.5981   4.0 1 1 
	       1271.71 5002.09897  5002.0972   4.0 1 1 
	       1315.47 5000.24863  5000.2463   4.0 1 1 
	       1322.73 4999.94043  4999.9398   4.0 1 1 
	       1467.16 4993.75418  4993.7488   4.0 1 1 
	       1504.78 4992.12482  4992.1257   4.0 1 1 
	       1569.39 4989.30841  4989.3086   4.0 1 1 
	       1609.29 4987.55852  4987.5582   4.0 1 1 
	       1618.66 4987.14614   4987.147   4.0 1 1 
	       1645.80 4985.94965  4985.9486   4.0 1 1 
	       1658.89 4985.37124  4985.3725   4.0 1 1 
	       1723.88 4982.48596  4982.4875   4.0 1 1 
	       1758.34 4980.94731  4980.9513   4.0 1 1 
	       1775.37 4980.18465  4980.1859   4.0 1 1 
	       1869.34 4975.94873  4975.9485   4.0 1 1 
	       1952.51  4972.1625  4972.1597   4.0 1 1 
	function chebyshev
	order 5
	sample *
	naverage 1
	niterate 2000
	low_reject 3.
	high_reject 3.
	grow 0.
	coefficients	9
		1.
		5.
		16.36490249633789
		1952.5107421875
		5012.728738367253
		-39.31273065426601
		-1.259625237273734
		0.003234540015172884
		0.002879845702825538

# Tue 15:08:38 29-Mar-2022
begin	identify iazcomp.0019 - Ap 19
	id	iazcomp.0019
	task	identify
	image	iazcomp.0019 - Ap 19
	aperture	19
	aplow	1229.09
	aphigh	1238.09
	units	Angstroms
	features	40
	         17.07 5050.78097  5050.7842   4.0 1 1 
	         44.80 5049.79676   5049.796   4.0 1 1 
	        121.74 5047.04429  5047.0434   4.0 1 1 
	        171.46 5045.24938  5045.2481   4.0 1 1 
	        185.99 5044.72223  5044.7195   4.0 1 1 
	        219.29 5043.51005  5043.5145   4.0 1 1 
	        271.42 5041.60073  5041.5998   4.0 1 1 
	        284.34 5041.12515  5041.1224   4.0 1 1 
	        335.53 5039.23271  5039.2303   4.0 1 1 
	        582.79 5029.89297  5029.8916   4.0 1 1 
	        605.79 5029.00767  5029.0119   4.0 1 1 
	        615.03 5028.65098  5028.6556   4.0 1 1 
	        741.86 5023.70986  5023.7084   4.0 1 1 
	        785.00 5022.00927  5022.0051   4.0 1 1 
	        804.13   5021.252  5021.2531   4.0 1 1 
	        821.99 5020.54304  5020.5458   4.0 1 1 
	        840.47  5019.8075  5019.8062   4.0 1 1 
	        884.42 5018.05157  5018.0535   4.0 1 1 
	        922.17  5016.5346  5016.5356   4.0 1 1 
	        938.09 5015.89263  5015.8893   4.0 1 1 
	       1046.69 5011.47659  5011.4774   4.0 1 1 
	       1072.61 5010.41295  5010.4174   4.0 1 1 
	       1098.75 5009.33698  5009.3344   4.0 1 1 
	       1126.58 5008.18694  5008.1897   4.0 1 1 
	       1236.63 5003.59904  5003.5981   4.0 1 1 
	       1272.28 5002.09876  5002.0972   4.0 1 1 
	       1316.02 5000.24889  5000.2463   4.0 1 1 
	       1323.28 4999.94086  4999.9398   4.0 1 1 
	       1467.68 4993.75518  4993.7488   4.0 1 1 
	       1505.31 4992.12486  4992.1257   4.0 1 1 
	       1569.93 4989.30825  4989.3086   4.0 1 1 
	       1609.82 4987.55826  4987.5582   4.0 1 1 
	       1619.19 4987.14608   4987.147   4.0 1 1 
	       1646.35 4985.94901  4985.9486   4.0 1 1 
	       1659.44 4985.37044  4985.3725   4.0 1 1 
	       1724.42 4982.48526  4982.4875   4.0 1 1 
	       1758.85 4980.94775  4980.9513   4.0 1 1 
	       1775.90 4980.18423  4980.1859   4.0 1 1 
	       1869.85  4975.9498  4975.9485   4.0 1 1 
	       1953.05 4972.16242  4972.1597   4.0 1 1 
	function chebyshev
	order 5
	sample *
	naverage 1
	niterate 2000
	low_reject 3.
	high_reject 3.
	grow 0.
	coefficients	9
		1.
		5.
		17.07126426696777
		1953.054809570312
		5012.727899122138
		-39.31312186973286
		-1.259343285388744
		0.003848122649312127
		0.003138402315080086

# Mon 19:02:40 30-Jan-2023
begin	identify iazcomp.0019 - Ap 19
	id	iazcomp.0019
	task	identify
	image	iazcomp.0019 - Ap 19
	aperture	19
	aplow	1229.09
	aphigh	1238.09
	units	Angstroms
	features	45
	         29.05 5050.77995  5050.7842   4.0 1 1 
	         56.76 5049.79604   5049.796   4.0 1 1 
	        133.70 5047.04381  5047.0434   4.0 1 1 
	        152.81 5046.35536  5046.3527   4.0 1 1 
	        183.40 5045.24932  5045.2481   4.0 1 1 
	        197.93 5044.72225  5044.7195   4.0 1 1 
	        231.06 5043.51631  5043.5145   4.0 1 1 
	        283.44 5041.59784  5041.5998   4.0 1 1 
	        296.29 5041.12499  5041.1224   4.0 1 1 
	        339.66 5039.52226  5039.5265   4.0 1 1 
	        347.49 5039.23195  5039.2303   4.0 1 1 
	        594.73 5029.89262  5029.8916   4.0 1 1 
	        601.55 5029.63054  5029.6295   4.0 1 1 
	        617.68 5029.00902  5029.0119   4.0 1 1 
	        626.98 5028.64998  5028.6556   4.0 1 1 
	        753.79 5023.70918  5023.7084   4.0 1 1 
	        796.88 5022.01021  5022.0051   4.0 1 1 
	        816.03 5021.25203  5021.2531   4.0 1 1 
	        833.93 5020.54154  5020.5458   4.0 1 1 
	        852.38  5019.8072  5019.8062   4.0 1 1 
	        896.35 5018.04994  5018.0535   4.0 1 1 
	        934.03 5016.53555  5016.5356   4.0 1 1 
	        949.93 5015.89406  5015.8893   4.0 1 1 
	       1058.48 5011.47884  5011.4774   4.0 1 1 
	       1084.42 5010.41452  5010.4174   4.0 1 1 
	       1110.57 5009.33742  5009.3344   4.0 1 1 
	       1138.44  5008.1858  5008.1897   4.0 1 1 
	       1248.41 5003.59961  5003.5981   4.0 1 1 
	       1284.05 5002.09934  5002.0972   4.0 1 1 
	       1327.78 5000.24934  5000.2463   4.0 1 1 
	       1335.06 4999.94035  4999.9398   4.0 1 1 
	       1471.38 4994.10175  4994.1058   4.0 1 1 
	       1479.42 4993.75402  4993.7488   4.0 1 1 
	       1517.03 4992.12449  4992.1257   4.0 1 1 
	       1581.62 4989.30813  4989.3086   4.0 1 1 
	       1621.50 4987.55811  4987.5582   4.0 1 1 
	       1630.86 4987.14651   4987.147   4.0 1 1 
	       1658.03 4985.94818  4985.9486   4.0 1 1 
	       1671.09 4985.37074  4985.3725   4.0 1 1 
	       1736.06 4982.48558  4982.4875   4.0 1 1 
	       1770.48 4980.94839  4980.9513   4.0 1 1 
	       1787.51 4980.18538  4980.1859   4.0 1 1 
	       1881.44 4975.95127  4975.9485   4.0 1 1 
	       1964.60 4972.16594  4972.1597   4.0 1 1 
	       2010.22 4970.07426  4970.0785   4.0 1 1 
	function chebyshev
	order 5
	sample *
	naverage 1
	niterate 2000
	low_reject 3.
	high_reject 3.
	grow 0.
	coefficients	9
		1.
		5.
		29.04658508300781
		2010.22314453125
		5011.742685421426
		-40.35843060245375
		-1.319619610949566
		0.005586619889796742
		0.004039276589233567

# Fri 11:53:46 03-Feb-2023
begin	identify iazcomp.0019 - Ap 19
	id	iazcomp.0019
	task	identify
	image	iazcomp.0019 - Ap 19
	aperture	19
	aplow	1229.09
	aphigh	1238.09
	units	Angstroms
	features	45
	         27.64 5050.78094  5050.7842   4.0 1 1 
	         55.38 5049.79639   5049.796   4.0 1 1 
	        132.34 5047.04389  5047.0434   4.0 1 1 
	        151.47 5046.35477  5046.3527   4.0 1 1 
	        182.07 5045.24887  5045.2481   4.0 1 1 
	        196.57  5044.7229  5044.7195   4.0 1 1 
	        229.77  5043.5146  5043.5145   4.0 1 1 
	        282.10 5041.59833  5041.5998   4.0 1 1 
	        294.99 5041.12393  5041.1224   4.0 1 1 
	        338.37 5039.52112  5039.5265   4.0 1 1 
	        346.15 5039.23267  5039.2303   4.0 1 1 
	        593.44 5029.89276  5029.8916   4.0 1 1 
	        600.27 5029.63005  5029.6295   4.0 1 1 
	        616.38 5029.00957  5029.0119   4.0 1 1 
	        625.68 5028.65062  5028.6556   4.0 1 1 
	        752.52 5023.70907  5023.7084   4.0 1 1 
	        795.59 5022.01118  5022.0051   4.0 1 1 
	        814.70 5021.25481  5021.2531   4.0 1 1 
	        832.66 5020.54172  5020.5458   4.0 1 1 
	        851.13 5019.80711  5019.8062   4.0 1 1 
	        895.08 5018.05089  5018.0535   4.0 1 1 
	        932.77 5016.53636  5016.5356   4.0 1 1 
	        948.69 5015.89422  5015.8893   4.0 1 1 
	       1057.32 5011.47633  5011.4774   4.0 1 1 
	       1083.22 5010.41371  5010.4174   4.0 1 1 
	       1109.37  5009.3368  5009.3344   4.0 1 1 
	       1137.30  5008.1828  5008.1897   4.0 1 1 
	       1247.24 5003.59884  5003.5981   4.0 1 1 
	       1282.87 5002.09919  5002.0972   4.0 1 1 
	       1326.59 5000.24951  5000.2463   4.0 1 1 
	       1333.84 4999.94198  4999.9398   4.0 1 1 
	       1470.21 4994.10218  4994.1058   4.0 1 1 
	       1478.29 4993.75323  4993.7488   4.0 1 1 
	       1515.86 4992.12536  4992.1257   4.0 1 1 
	       1580.47  4989.3083  4989.3086   4.0 1 1 
	       1620.37 4987.55765  4987.5582   4.0 1 1 
	       1629.71 4987.14695   4987.147   4.0 1 1 
	       1656.87 4985.94923  4985.9486   4.0 1 1 
	       1669.95  4985.3712  4985.3725   4.0 1 1 
	       1734.92 4982.48606  4982.4875   4.0 1 1 
	       1769.37 4980.94742  4980.9513   4.0 1 1 
	       1786.38 4980.18541  4980.1859   4.0 1 1 
	       1880.32 4975.95104  4975.9485   4.0 1 1 
	       1963.47 4972.16562  4972.1597   4.0 1 1 
	       2009.08 4970.07431  4970.0785   4.0 1 1 
	function chebyshev
	order 5
	sample *
	naverage 1
	niterate 2000
	low_reject 3.
	high_reject 3.
	grow 0.
	coefficients	9
		1.
		5.
		27.63541793823242
		2009.082275390625
		5011.744260075401
		-40.35849196023995
		-1.320287402525529
		0.005175534165156848
		0.003654137513887082

# Mon 14:50:57 06-Feb-2023
begin	identify iazcomp.0019 - Ap 19
	id	iazcomp.0019
	task	identify
	image	iazcomp.0019 - Ap 19
	aperture	19
	aplow	1229.09
	aphigh	1238.09
	units	Angstroms
	features	44
	         25.03 5050.78154  5050.7842   4.0 1 1 
	         52.79 5049.79647   5049.796   4.0 1 1 
	        129.77 5047.04396  5047.0434   4.0 1 1 
	        148.94 5046.35351  5046.3527   4.0 1 1 
	        179.51 5045.24866  5045.2481   4.0 1 1 
	        194.04 5044.72204  5044.7195   4.0 1 1 
	        227.26 5043.51325  5043.5145   4.0 1 1 
	        279.57 5041.59826  5041.5998   4.0 1 1 
	        292.46 5041.12407  5041.1224   4.0 1 1 
	        343.66 5039.23194  5039.2303   4.0 1 1 
	        591.04 5029.89213  5029.8916   4.0 1 1 
	        597.83  5029.6309  5029.6295   4.0 1 1 
	        613.98 5029.00917  5029.0119   4.0 1 1 
	        623.29 5028.65022  5028.6556   4.0 1 1 
	        750.19 5023.70819  5023.7084   4.0 1 1 
	        793.30 5022.00936  5022.0051   4.0 1 1 
	        812.40 5021.25327  5021.2531   4.0 1 1 
	        830.32 5020.54223  5020.5458   4.0 1 1 
	        848.80 5019.80724  5019.8062   4.0 1 1 
	        892.75 5018.05155  5018.0535   4.0 1 1 
	        930.50 5016.53518  5016.5356   4.0 1 1 
	        946.41  5015.8939  5015.8893   4.0 1 1 
	       1055.04 5011.47733  5011.4774   4.0 1 1 
	       1080.93  5010.4151  5010.4174   4.0 1 1 
	       1107.13 5009.33689  5009.3344   4.0 1 1 
	       1134.99 5008.18606  5008.1897   4.0 1 1 
	       1245.03 5003.59902  5003.5981   4.0 1 1 
	       1280.67 5002.09934  5002.0972   4.0 1 1 
	       1324.44 5000.24858  5000.2463   4.0 1 1 
	       1331.69 4999.94078  4999.9398   4.0 1 1 
	       1468.10 4994.10067  4994.1058   4.0 1 1 
	       1476.12  4993.7542  4993.7488   4.0 1 1 
	       1513.75 4992.12427  4992.1257   4.0 1 1 
	       1578.36 4989.30792  4989.3086   4.0 1 1 
	       1618.27 4987.55758  4987.5582   4.0 1 1 
	       1627.58 4987.14773   4987.147   4.0 1 1 
	       1654.78 4985.94884  4985.9486   4.0 1 1 
	       1667.84 4985.37153  4985.3725   4.0 1 1 
	       1732.83 4982.48653  4982.4875   4.0 1 1 
	       1767.28 4980.94823  4980.9513   4.0 1 1 
	       1784.32 4980.18516  4980.1859   4.0 1 1 
	       1878.28 4975.95069  4975.9485   4.0 1 1 
	       1961.45  4972.1655  4972.1597   4.0 1 1 
	       2007.07 4970.07441  4970.0785   4.0 1 1 
	function chebyshev
	order 5
	sample *
	naverage 1
	niterate 2000
	low_reject 3.
	high_reject 3.
	grow 0.
	coefficients	9
		1.
		5.
		25.02766227722168
		2007.067993164063
		5011.744979261332
		-40.35841148431961
		-1.321001906056888
		0.004847037900240874
		0.003999076862095782

# Mon 15:27:16 27-Feb-2023
begin	identify iazcomp.0019 - Ap 19
	id	iazcomp.0019
	task	identify
	image	iazcomp.0019 - Ap 19
	aperture	19
	aplow	1229.09
	aphigh	1238.09
	units	Angstroms
	features	39
	         30.07 5050.78149  5050.7842   4.0 1 1 
	         57.78 5049.79753   5049.796   4.0 1 1 
	        134.72 5047.04371  5047.0434   4.0 1 1 
	        184.40 5045.24956  5045.2481   4.0 1 1 
	        198.94 5044.72188  5044.7195   4.0 1 1 
	        232.16 5043.51227  5043.5145   4.0 1 1 
	        284.42 5041.59749  5041.5998   4.0 1 1 
	        297.27 5041.12428  5041.1224   4.0 1 1 
	        348.44 5039.23206  5039.2303   4.0 1 1 
	        595.63 5029.89297  5029.8916   4.0 1 1 
	        618.59 5029.00891  5029.0119   4.0 1 1 
	        627.87 5028.65073  5028.6556   4.0 1 1 
	        754.70 5023.70851  5023.7084   4.0 1 1 
	        797.76 5022.01059  5022.0051   4.0 1 1 
	        816.86 5021.25429  5021.2531   4.0 1 1 
	        834.77 5020.54311  5020.5458   4.0 1 1 
	        853.25 5019.80757  5019.8062   4.0 1 1 
	        897.21 5018.05075  5018.0535   4.0 1 1 
	        934.92 5016.53517  5016.5356   4.0 1 1 
	        950.83 5015.89329  5015.8893   4.0 1 1 
	       1059.39 5011.47709  5011.4774   4.0 1 1 
	       1085.28 5010.41452  5010.4174   4.0 1 1 
	       1111.44 5009.33734  5009.3344   4.0 1 1 
	       1139.29 5008.18623  5008.1897   4.0 1 1 
	       1284.89 5002.09945  5002.0972   4.0 1 1 
	       1472.21 4994.10096  4994.1058   4.0 1 1 
	       1480.22 4993.75477  4993.7488   4.0 1 1 
	       1517.80 4992.12596  4992.1257   4.0 1 1 
	       1582.40 4989.30852  4989.3086   4.0 1 1 
	       1622.27 4987.55885  4987.5582   4.0 1 1 
	       1631.63 4987.14689   4987.147   4.0 1 1 
	       1658.77  4985.9496  4985.9486   4.0 1 1 
	       1671.85 4985.37143  4985.3725   4.0 1 1 
	       1736.80 4982.48616  4982.4875   4.0 1 1 
	       1771.24 4980.94756  4980.9513   4.0 1 1 
	       1788.26 4980.18517  4980.1859   4.0 1 1 
	       1882.17 4975.95063  4975.9485   4.0 1 1 
	       1965.30 4972.16491  4972.1597   4.0 1 1 
	       2010.87 4970.07481  4970.0785   4.0 1 1 
	function chebyshev
	order 5
	sample *
	naverage 1
	niterate 2000
	low_reject 3.
	high_reject 3.
	grow 0.
	coefficients	9
		1.
		5.
		30.07414245605469
		2010.872436523437
		5011.7437737634
		-40.35763324195565
		-1.319748176529036
		0.004294404070265497
		0.004124774514882987

# Tue 13:40:16 16-May-2023
begin	identify iazcomp.0019 - Ap 19
	id	iazcomp.0019
	task	identify
	image	iazcomp.0019 - Ap 19
	aperture	19
	aplow	1229.09
	aphigh	1238.09
	units	Angstroms
	features	39
	         29.21 5050.78141  5050.7842   4.0 1 1 
	         56.95 5049.79682   5049.796   4.0 1 1 
	        133.88 5047.04444  5047.0434   4.0 1 1 
	        183.59 5045.24933  5045.2481   4.0 1 1 
	        198.12 5044.72221  5044.7195   4.0 1 1 
	        231.34 5043.51289  5043.5145   4.0 1 1 
	        283.62 5041.59806  5041.5998   4.0 1 1 
	        296.52 5041.12342  5041.1224   4.0 1 1 
	        347.67 5039.23228  5039.2303   4.0 1 1 
	        594.92 5029.89228  5029.8916   4.0 1 1 
	        617.87 5029.00872  5029.0119   4.0 1 1 
	        627.15 5028.65054  5028.6556   4.0 1 1 
	        753.98 5023.70875  5023.7084   4.0 1 1 
	        797.06 5022.01018  5022.0051   4.0 1 1 
	        816.17 5021.25364  5021.2531   4.0 1 1 
	        834.09 5020.54206  5020.5458   4.0 1 1 
	        852.55 5019.80742  5019.8062   4.0 1 1 
	        896.46 5018.05251  5018.0535   4.0 1 1 
	        934.19 5016.53638  5016.5356   4.0 1 1 
	        950.13 5015.89346  5015.8893   4.0 1 1 
	       1058.69 5011.47764  5011.4774   4.0 1 1 
	       1084.64 5010.41278  5010.4174   4.0 1 1 
	       1110.75 5009.33747  5009.3344   4.0 1 1 
	       1138.59 5008.18692  5008.1897   4.0 1 1 
	       1284.23  5002.0994  5002.0972   4.0 1 1 
	       1471.57 4994.10075  4994.1058   4.0 1 1 
	       1479.55  4993.7557  4993.7488   4.0 1 1 
	       1517.17 4992.12538  4992.1257   4.0 1 1 
	       1581.76 4989.30884  4989.3086   4.0 1 1 
	       1621.64 4987.55878  4987.5582   4.0 1 1 
	       1631.00 4987.14701   4987.147   4.0 1 1 
	       1658.17 4985.94878  4985.9486   4.0 1 1 
	       1671.24 4985.37078  4985.3725   4.0 1 1 
	       1736.20 4982.48553  4982.4875   4.0 1 1 
	       1770.62 4980.94819  4980.9513   4.0 1 1 
	       1787.65 4980.18528  4980.1859   4.0 1 1 
	       1881.56 4975.95145  4975.9485   4.0 1 1 
	       1964.71 4972.16547  4972.1597   4.0 1 1 
	       2010.32 4970.07405  4970.0785   4.0 1 1 
	function chebyshev
	order 5
	sample *
	naverage 1
	niterate 2000
	low_reject 3.
	high_reject 3.
	grow 0.
	coefficients	9
		1.
		5.
		29.21349143981934
		2010.323608398438
		5011.743957727239
		-40.35864845045307
		-1.320273903877826
		0.004971300983758255
		0.004045075352148591

# Mon 15:28:35 14-Aug-2023
begin	identify iazcomp.0019 - Ap 19
	id	iazcomp.0019
	task	identify
	image	iazcomp.0019 - Ap 19
	aperture	19
	aplow	1229.09
	aphigh	1238.09
	units	Angstroms
	features	39
	         32.93 5050.78131  5050.7842   4.0 1 1 
	         60.66 5049.79673   5049.796   4.0 1 1 
	        137.57 5047.04427  5047.0434   4.0 1 1 
	        187.27 5045.24914  5045.2481   4.0 1 1 
	        201.80   5044.722  5044.7195   4.0 1 1 
	        234.98 5043.51361  5043.5145   4.0 1 1 
	        287.26  5041.5979  5041.5998   4.0 1 1 
	        300.13 5041.12419  5041.1224   4.0 1 1 
	        351.28 5039.23221  5039.2303   4.0 1 1 
	        598.43 5029.89242  5029.8916   4.0 1 1 
	        621.39 5029.00789  5029.0119   4.0 1 1 
	        630.64 5028.65075  5028.6556   4.0 1 1 
	        757.43 5023.70861  5023.7084   4.0 1 1 
	        800.48 5022.01051  5022.0051   4.0 1 1 
	        819.58 5021.25395  5021.2531   4.0 1 1 
	        837.51 5020.54192  5020.5458   4.0 1 1 
	        855.96 5019.80751  5019.8062   4.0 1 1 
	        899.91 5018.05027  5018.0535   4.0 1 1 
	        937.57 5016.53593  5016.5356   4.0 1 1 
	        953.46 5015.89458  5015.8893   4.0 1 1 
	       1062.02 5011.47713  5011.4774   4.0 1 1 
	       1087.89 5010.41495  5010.4174   4.0 1 1 
	       1114.05 5009.33734  5009.3344   4.0 1 1 
	       1141.88  5008.1868  5008.1897   4.0 1 1 
	       1287.46 5002.09941  5002.0972   4.0 1 1 
	       1474.75 4994.10029  4994.1058   4.0 1 1 
	       1482.72 4993.75572  4993.7488   4.0 1 1 
	       1520.32 4992.12564  4992.1257   4.0 1 1 
	       1584.90 4989.30881  4989.3086   4.0 1 1 
	       1624.78 4987.55838  4987.5582   4.0 1 1 
	       1634.14 4987.14641   4987.147   4.0 1 1 
	       1661.25 4985.95029  4985.9486   4.0 1 1 
	       1674.35 4985.37085  4985.3725   4.0 1 1 
	       1739.31 4982.48541  4982.4875   4.0 1 1 
	       1773.72 4980.94785  4980.9513   4.0 1 1 
	       1790.74 4980.18519  4980.1859   4.0 1 1 
	       1884.65  4975.9507  4975.9485   4.0 1 1 
	       1967.76 4972.16595  4972.1597   4.0 1 1 
	       2013.37 4970.07418  4970.0785   4.0 1 1 
	function chebyshev
	order 5
	sample *
	naverage 1
	niterate 2000
	low_reject 3.
	high_reject 3.
	grow 0.
	coefficients	9
		1.
		5.
		32.93102264404297
		2013.3720703125
		5011.743026951016
		-40.35938584397624
		-1.319253747744451
		0.005823854127868076
		0.003970455947772875

# Mon 16:09:01 14-Aug-2023
begin	identify iazcomp.0019 - Ap 19
	id	iazcomp.0019
	task	identify
	image	iazcomp.0019 - Ap 19
	aperture	19
	aplow	1229.09
	aphigh	1238.09
	units	Angstroms
	features	39
	         32.90 5050.78168  5050.7842   4.0 1 1 
	         60.63 5049.79681   5049.796   4.0 1 1 
	        137.54 5047.04442  5047.0434   4.0 1 1 
	        187.24 5045.24953  5045.2481   4.0 1 1 
	        201.78 5044.72196  5044.7195   4.0 1 1 
	        235.05 5043.51074  5043.5145   4.0 1 1 
	        287.23 5041.59886  5041.5998   4.0 1 1 
	        300.11 5041.12476  5041.1224   4.0 1 1 
	        351.29  5039.2323  5039.2303   4.0 1 1 
	        598.48 5029.89281  5029.8916   4.0 1 1 
	        621.46 5029.00787  5029.0119   4.0 1 1 
	        630.71 5028.65091  5028.6556   4.0 1 1 
	        757.53 5023.70896  5023.7084   4.0 1 1 
	        800.61 5022.01001  5022.0051   4.0 1 1 
	        819.73 5021.25301  5021.2531   4.0 1 1 
	        837.63 5020.54204  5020.5458   4.0 1 1 
	        856.08 5019.80785  5019.8062   4.0 1 1 
	        900.01 5018.05159  5018.0535   4.0 1 1 
	        937.73 5016.53579  5016.5356   4.0 1 1 
	        953.62 5015.89451  5015.8893   4.0 1 1 
	       1062.18 5011.47812  5011.4774   4.0 1 1 
	       1088.13 5010.41293  5010.4174   4.0 1 1 
	       1114.24 5009.33776  5009.3344   4.0 1 1 
	       1142.09 5008.18643  5008.1897   4.0 1 1 
	       1287.68 5002.09969  5002.0972   4.0 1 1 
	       1475.01 4994.10076  4994.1058   4.0 1 1 
	       1483.00 4993.75518  4993.7488   4.0 1 1 
	       1520.59 4992.12604  4992.1257   4.0 1 1 
	       1585.20 4989.30793  4989.3086   4.0 1 1 
	       1625.08 4987.55772  4987.5582   4.0 1 1 
	       1634.42 4987.14677   4987.147   4.0 1 1 
	       1661.55 4985.94983  4985.9486   4.0 1 1 
	       1674.64 4985.37134  4985.3725   4.0 1 1 
	       1739.60 4982.48557  4982.4875   4.0 1 1 
	       1774.01 4980.94864  4980.9513   4.0 1 1 
	       1791.05 4980.18512  4980.1859   4.0 1 1 
	       1884.94 4975.95175  4975.9485   4.0 1 1 
	       1968.11  4972.1644  4972.1597   4.0 1 1 
	       2013.68 4970.07463  4970.0785   4.0 1 1 
	function chebyshev
	order 5
	sample *
	naverage 1
	niterate 2000
	low_reject 3.
	high_reject 3.
	grow 0.
	coefficients	9
		1.
		5.
		32.89529800415039
		2013.681640625
		5011.74384483954
		-40.35852188208876
		-1.319800999943287
		0.004995417024076067
		0.004110841176178126

