# Tue 22:43:07 07-Sep-2021
begin	identify iazcomp.0026 - Ap 26
	id	iazcomp.0026
	task	identify
	image	iazcomp.0026 - Ap 26
	aperture	26
	aplow	1334.69
	aphigh	1344.13
	units	Angstroms
	features	36
	        173.29 5597.47388  5597.4756   4.0 1 1 
	        233.05 5595.06449  5595.0635   4.0 1 1 
	        268.75 5593.61448  5593.6129   4.0 1 1 
	        428.66 5587.02804  5587.0263   4.0 1 1 
	        506.61 5583.76227  5583.7621   4.0 1 1 
	        527.89 5582.86402  5582.8665   4.0 1 1 
	        577.65 5580.75391  5580.7547   4.0 1 1 
	        593.57 5580.07561  5580.0771   4.0 1 1 
	        610.37 5579.35803  5579.3583   4.0 1 1 
	        649.42 5577.68392  5577.6845   4.0 1 1 
	        683.74 5576.20492  5576.2045   4.0 1 1 
	        749.47 5573.35254  5573.3535   4.0 1 1 
	        798.78 5571.19555  5571.1913   4.0 1 1 
	        956.41 5564.20279  5564.2011   4.0 1 1 
	       1052.00 5559.88918  5559.8912   4.0 1 1 
	       1078.09 5558.70235   5558.702   4.0 1 1 
	       1085.98 5558.34275  5558.3422   4.0 1 1 
	       1114.38 5557.04494  5557.0454   4.0 1 1 
	       1133.96 5556.14693  5556.1487   4.0 1 1 
	       1147.37 5555.53085  5555.5312   4.0 1 1 
	       1210.39 5552.62122  5552.6229   4.0 1 1 
	       1305.68 5548.17611  5548.1758   4.0 1 1 
	       1327.76 5547.13816  5547.1339   4.0 1 1 
	       1349.35  5546.1206  5546.1204   4.0 1 1 
	       1372.00 5545.05037  5545.0495   4.0 1 1 
	       1417.50 5542.89049    5542.89   4.0 1 1 
	       1437.59 5541.93344  5541.9357   4.0 1 1 
	       1454.10  5541.1445  5541.1466   4.0 1 1 
	       1479.85 5539.91123  5539.9106   4.0 1 1 
	       1493.37 5539.26214  5539.2618   4.0 1 1 
	       1528.80 5537.55594  5537.5563   4.0 1 1 
	       1561.56 5535.97161   5535.971   4.0 1 1 
	       1669.72  5530.6961  5530.6977   4.0 1 1 
	       1719.83 5528.22908  5528.2272   4.0 1 1 
	       1738.71 5527.29527  5527.2953   4.0 1 1 
	       1785.83 5524.95657   5524.957   4.0 1 1 
	function chebyshev
	order 5
	sample *
	naverage 1
	niterate 2000
	low_reject 3.
	high_reject 3.
	grow 0.
	coefficients	9
		1.
		5.
		173.2924652099609
		1785.829345703125
		5562.188300312713
		-36.25978860853422
		-0.9739622304781574
		0.001133843218343044
		8.887594939690767E-4

# Fri 10:57:51 11-Mar-2022
begin	identify iazcomp.0026 - Ap 26
	id	iazcomp.0026
	task	identify
	image	iazcomp.0026 - Ap 26
	aperture	26
	aplow	1334.69
	aphigh	1344.13
	units	Angstroms
	features	40
	         53.96 5601.60297  5601.6032   4.0 1 1 
	        157.57 5597.47427  5597.4756   4.0 1 1 
	        217.34 5595.06401  5595.0635   4.0 1 1 
	        253.06 5593.61397  5593.6129   4.0 1 1 
	        371.47 5588.75261  5588.7506   4.0 1 1 
	        413.02 5587.02694  5587.0263   4.0 1 1 
	        490.98 5583.76224  5583.7621   4.0 1 1 
	        562.07 5580.75315  5580.7547   4.0 1 1 
	        577.99 5580.07518  5580.0771   4.0 1 1 
	        594.80 5579.35804  5579.3583   4.0 1 1 
	        633.86 5577.68426  5577.6845   4.0 1 1 
	        668.22 5576.20441  5576.2045   4.0 1 1 
	        733.98 5573.35256  5573.3535   4.0 1 1 
	        941.03 5564.20339  5564.2011   4.0 1 1 
	       1036.66 5559.89035  5559.8912   4.0 1 1 
	       1062.76 5558.70359   5558.702   4.0 1 1 
	       1070.66 5558.34394  5558.3422   4.0 1 1 
	       1099.09 5557.04537  5557.0454   4.0 1 1 
	       1118.63 5556.14966  5556.1487   4.0 1 1 
	       1132.10 5555.53106  5555.5312   4.0 1 1 
	       1195.17 5552.62058  5552.6229   4.0 1 1 
	       1222.14 5551.36877  5551.3719   4.0 1 1 
	       1290.49 5548.17653  5548.1758   4.0 1 1 
	       1334.19 5546.12107  5546.1204   4.0 1 1 
	       1356.82 5545.05204  5545.0495   4.0 1 1 
	       1402.38 5542.89049    5542.89   4.0 1 1 
	       1422.46 5541.93382  5541.9357   4.0 1 1 
	       1429.84 5541.58182  5541.5815   4.0 1 1 
	       1439.00 5541.14441  5541.1466   4.0 1 1 
	       1464.76 5539.91139  5539.9106   4.0 1 1 
	       1478.29 5539.26214  5539.2618   4.0 1 1 
	       1513.74 5537.55566  5537.5563   4.0 1 1 
	       1546.53 5535.97097   5535.971   4.0 1 1 
	       1654.71 5530.69799  5530.6977   4.0 1 1 
	       1704.88  5528.2291  5528.2272   4.0 1 1 
	       1723.76 5527.29606  5527.2953   4.0 1 1 
	       1770.91 5524.95746   5524.957   4.0 1 1 
	       1835.17 5521.74986  5521.7532   4.0 1 1 
	       1890.10 5518.98892  5518.9893   4.0 1 1 
	       1971.34 5514.87433  5514.8731   4.0 1 1 
	function chebyshev
	order 5
	sample *
	naverage 1
	niterate 2000
	low_reject 3.
	high_reject 3.
	grow 0.
	coefficients	9
		1.
		5.
		53.95870971679687
		1971.337036132813
		5559.605491525493
		-43.366564517813
		-1.369898236835479
		0.002243607907819252
		0.003059082382661966

# Tue 15:32:13 29-Mar-2022
begin	identify iazcomp.0026 - Ap 26
	id	iazcomp.0026
	task	identify
	image	iazcomp.0026 - Ap 26
	aperture	26
	aplow	1334.69
	aphigh	1344.13
	units	Angstroms
	features	40
	         54.64 5601.60251  5601.6032   4.0 1 1 
	        158.23 5597.47493  5597.4756   4.0 1 1 
	        218.01 5595.06419  5595.0635   4.0 1 1 
	        253.74  5593.6136  5593.6129   4.0 1 1 
	        372.12 5588.75313  5588.7506   4.0 1 1 
	        413.69 5587.02691  5587.0263   4.0 1 1 
	        491.65 5583.76143  5583.7621   4.0 1 1 
	        562.71 5580.75358  5580.7547   4.0 1 1 
	        578.63 5580.07532  5580.0771   4.0 1 1 
	        595.45 5579.35754  5579.3583   4.0 1 1 
	        634.49 5577.68451  5577.6845   4.0 1 1 
	        668.84 5576.20478  5576.2045   4.0 1 1 
	        734.60 5573.35248  5573.3535   4.0 1 1 
	        941.63 5564.20329  5564.2011   4.0 1 1 
	       1037.27 5559.88965  5559.8912   4.0 1 1 
	       1063.36 5558.70323   5558.702   4.0 1 1 
	       1071.25 5558.34372  5558.3422   4.0 1 1 
	       1099.66 5557.04572  5557.0454   4.0 1 1 
	       1119.25 5556.14795  5556.1487   4.0 1 1 
	       1132.67 5555.53161  5555.5312   4.0 1 1 
	       1195.73 5552.62112  5552.6229   4.0 1 1 
	       1222.69 5551.36946  5551.3719   4.0 1 1 
	       1291.06 5548.17627  5548.1758   4.0 1 1 
	       1334.72 5546.12216  5546.1204   4.0 1 1 
	       1357.37 5545.05215  5545.0495   4.0 1 1 
	       1402.93 5542.89087    5542.89   4.0 1 1 
	       1423.01 5541.93413  5541.9357   4.0 1 1 
	       1430.38 5541.58261  5541.5815   4.0 1 1 
	       1439.55 5541.14445  5541.1466   4.0 1 1 
	       1465.31 5539.91106  5539.9106   4.0 1 1 
	       1478.83 5539.26228  5539.2618   4.0 1 1 
	       1514.29 5537.55565  5537.5563   4.0 1 1 
	       1547.07 5535.97087   5535.971   4.0 1 1 
	       1655.27 5530.69631  5530.6977   4.0 1 1 
	       1705.42 5528.22876  5528.2272   4.0 1 1 
	       1724.31 5527.29536  5527.2953   4.0 1 1 
	       1771.45 5524.95693   5524.957   4.0 1 1 
	       1835.66 5521.75133  5521.7532   4.0 1 1 
	       1890.60 5518.98966  5518.9893   4.0 1 1 
	       1971.85 5514.87387  5514.8731   4.0 1 1 
	function chebyshev
	order 5
	sample *
	naverage 1
	niterate 2000
	low_reject 3.
	high_reject 3.
	grow 0.
	coefficients	9
		1.
		5.
		54.64250564575194
		1971.849853515625
		5559.605292865688
		-43.36682342102599
		-1.369992123935732
		0.00250459657110014
		0.002891825348958188

# Mon 19:04:01 30-Jan-2023
begin	identify iazcomp.0026 - Ap 26
	id	iazcomp.0026
	task	identify
	image	iazcomp.0026 - Ap 26
	aperture	26
	aplow	1334.69
	aphigh	1344.13
	units	Angstroms
	features	37
	         66.88 5601.60192  5601.6032   4.0 1 1 
	        170.42 5597.47636  5597.4756   4.0 1 1 
	        230.24 5595.06424  5595.0635   4.0 1 1 
	        265.97 5593.61352  5593.6129   4.0 1 1 
	        425.91 5587.02721  5587.0263   4.0 1 1 
	        503.83 5583.76284  5583.7621   4.0 1 1 
	        574.89 5580.75476  5580.7547   4.0 1 1 
	        590.84  5580.0755  5580.0771   4.0 1 1 
	        607.65  5579.3577  5579.3583   4.0 1 1 
	        646.71 5577.68343  5577.6845   4.0 1 1 
	        681.05 5576.20424  5576.2045   4.0 1 1 
	        746.79 5573.35218  5573.3535   4.0 1 1 
	        953.76 5564.20355  5564.2011   4.0 1 1 
	       1049.38 5559.88964  5559.8912   4.0 1 1 
	       1075.46 5558.70308   5558.702   4.0 1 1 
	       1083.35 5558.34381  5558.3422   4.0 1 1 
	       1111.76 5557.04547  5557.0454   4.0 1 1 
	       1131.31 5556.14931  5556.1487   4.0 1 1 
	       1144.76 5555.53134  5555.5312   4.0 1 1 
	       1207.79 5552.62173  5552.6229   4.0 1 1 
	       1234.78 5551.36843  5551.3719   4.0 1 1 
	       1303.09 5548.17687  5548.1758   4.0 1 1 
	       1346.78   5546.121  5546.1204   4.0 1 1 
	       1369.40 5545.05199  5545.0495   4.0 1 1 
	       1414.92 5542.89163    5542.89   4.0 1 1 
	       1435.03 5541.93358  5541.9357   4.0 1 1 
	       1442.39 5541.58232  5541.5815   4.0 1 1 
	       1451.55 5541.14449  5541.1466   4.0 1 1 
	       1477.30 5539.91129  5539.9106   4.0 1 1 
	       1490.81  5539.2629  5539.2618   4.0 1 1 
	       1526.25 5537.55623  5537.5563   4.0 1 1 
	       1559.06 5535.97019   5535.971   4.0 1 1 
	       1667.21 5530.69589  5530.6977   4.0 1 1 
	       1717.34  5528.2285  5528.2272   4.0 1 1 
	       1736.22  5527.2948  5527.2953   4.0 1 1 
	       1783.34  5524.9569   5524.957   4.0 1 1 
	       1983.66 5514.87344  5514.8731   4.0 1 1 
	function chebyshev
	order 5
	sample *
	naverage 1
	niterate 2000
	low_reject 3.
	high_reject 3.
	grow 0.
	coefficients	9
		1.
		5.
		66.87535095214843
		1983.662841796875
		5559.60740924541
		-43.3668806322242
		-1.372357326859066
		0.002642245052905938
		0.002629868998013221

# Fri 11:53:57 03-Feb-2023
begin	identify iazcomp.0026 - Ap 26
	id	iazcomp.0026
	task	identify
	image	iazcomp.0026 - Ap 26
	aperture	26
	aplow	1334.69
	aphigh	1344.13
	units	Angstroms
	features	37
	         65.50  5601.6024  5601.6032   4.0 1 1 
	        169.11 5597.47458  5597.4756   4.0 1 1 
	        228.87  5595.0653  5595.0635   4.0 1 1 
	        264.62  5593.6139  5593.6129   4.0 1 1 
	        424.58 5587.02778  5587.0263   4.0 1 1 
	        502.54 5583.76244  5583.7621   4.0 1 1 
	        573.63 5580.75372  5580.7547   4.0 1 1 
	        589.56 5580.07523  5580.0771   4.0 1 1 
	        606.36 5579.35786  5579.3583   4.0 1 1 
	        645.43 5577.68359  5577.6845   4.0 1 1 
	        679.77  5576.2046  5576.2045   4.0 1 1 
	        745.52 5573.35273  5573.3535   4.0 1 1 
	        952.53 5564.20322  5564.2011   4.0 1 1 
	       1048.15 5559.89003  5559.8912   4.0 1 1 
	       1074.24 5558.70339   5558.702   4.0 1 1 
	       1082.13 5558.34377  5558.3422   4.0 1 1 
	       1110.55 5557.04569  5557.0454   4.0 1 1 
	       1130.13 5556.14814  5556.1487   4.0 1 1 
	       1143.56 5555.53129  5555.5312   4.0 1 1 
	       1206.57 5552.62269  5552.6229   4.0 1 1 
	       1233.58 5551.36834  5551.3719   4.0 1 1 
	       1301.91 5548.17633  5548.1758   4.0 1 1 
	       1345.58 5546.12178  5546.1204   4.0 1 1 
	       1368.23 5545.05148  5545.0495   4.0 1 1 
	       1413.76 5542.89074    5542.89   4.0 1 1 
	       1433.83 5541.93444  5541.9357   4.0 1 1 
	       1441.23 5541.58168  5541.5815   4.0 1 1 
	       1450.36 5541.14502  5541.1466   4.0 1 1 
	       1476.14  5539.9109  5539.9106   4.0 1 1 
	       1489.65 5539.26226  5539.2618   4.0 1 1 
	       1525.10 5537.55582  5537.5563   4.0 1 1 
	       1557.87 5535.97143   5535.971   4.0 1 1 
	       1666.04 5530.69698  5530.6977   4.0 1 1 
	       1716.19 5528.22848  5528.2272   4.0 1 1 
	       1735.08 5527.29458  5527.2953   4.0 1 1 
	       1782.21 5524.95612   5524.957   4.0 1 1 
	       1982.54 5514.87356  5514.8731   4.0 1 1 
	function chebyshev
	order 5
	sample *
	naverage 1
	niterate 2000
	low_reject 3.
	high_reject 3.
	grow 0.
	coefficients	9
		1.
		5.
		65.49510955810546
		1982.536376953125
		5559.608193829024
		-43.36699987879736
		-1.372941553949164
		0.002578723089892312
		0.00272728985178863

# Mon 14:51:12 06-Feb-2023
begin	identify iazcomp.0026 - Ap 26
	id	iazcomp.0026
	task	identify
	image	iazcomp.0026 - Ap 26
	aperture	26
	aplow	1334.69
	aphigh	1344.13
	units	Angstroms
	features	37
	         62.89 5601.60236  5601.6032   4.0 1 1 
	        166.52 5597.47557  5597.4756   4.0 1 1 
	        226.36 5595.06424  5595.0635   4.0 1 1 
	        262.10 5593.61384  5593.6129   4.0 1 1 
	        422.12 5587.02731  5587.0263   4.0 1 1 
	        500.09 5583.76283  5583.7621   4.0 1 1 
	        571.22 5580.75346  5580.7547   4.0 1 1 
	        587.14 5580.07536  5580.0771   4.0 1 1 
	        603.96 5579.35775  5579.3583   4.0 1 1 
	        643.03 5577.68406  5577.6845   4.0 1 1 
	        677.38 5576.20503  5576.2045   4.0 1 1 
	        743.16 5573.35265  5573.3535   4.0 1 1 
	        950.24 5564.20346  5564.2011   4.0 1 1 
	       1045.89 5559.88991  5559.8912   4.0 1 1 
	       1072.01 5558.70274   5558.702   4.0 1 1 
	       1079.89 5558.34382  5558.3422   4.0 1 1 
	       1108.31 5557.04567  5557.0454   4.0 1 1 
	       1127.89 5556.14824  5556.1487   4.0 1 1 
	       1141.33 5555.53129  5555.5312   4.0 1 1 
	       1204.37 5552.62205  5552.6229   4.0 1 1 
	       1231.38 5551.36858  5551.3719   4.0 1 1 
	       1299.72 5548.17673  5548.1758   4.0 1 1 
	       1343.41 5546.12171  5546.1204   4.0 1 1 
	       1366.07 5545.05127  5545.0495   4.0 1 1 
	       1411.61 5542.89084    5542.89   4.0 1 1 
	       1431.67 5541.93502  5541.9357   4.0 1 1 
	       1439.07  5541.5823  5541.5815   4.0 1 1 
	       1448.23 5541.14432  5541.1466   4.0 1 1 
	       1473.99 5539.91132  5539.9106   4.0 1 1 
	       1487.52 5539.26234  5539.2618   4.0 1 1 
	       1522.97 5537.55577  5537.5563   4.0 1 1 
	       1555.76  5535.9708   5535.971   4.0 1 1 
	       1663.97 5530.69603  5530.6977   4.0 1 1 
	       1714.11 5528.22824  5528.2272   4.0 1 1 
	       1732.99 5527.29536  5527.2953   4.0 1 1 
	       1780.14 5524.95672   5524.957   4.0 1 1 
	       1980.52 5514.87334  5514.8731   4.0 1 1 
	function chebyshev
	order 5
	sample *
	naverage 1
	niterate 2000
	low_reject 3.
	high_reject 3.
	grow 0.
	coefficients	9
		1.
		5.
		62.89288330078124
		1980.520751953125
		5559.609080791962
		-43.36697373286156
		-1.374003894520516
		0.002467526713375216
		0.002773190101033085

# Mon 15:28:54 27-Feb-2023
begin	identify iazcomp.0026 - Ap 26
	id	iazcomp.0026
	task	identify
	image	iazcomp.0026 - Ap 26
	aperture	26
	aplow	1334.69
	aphigh	1344.13
	units	Angstroms
	features	33
	         67.87 5601.60289  5601.6032   4.0 1 1 
	        171.43 5597.47542  5597.4756   4.0 1 1 
	        231.21 5595.06441  5595.0635   4.0 1 1 
	        266.95 5593.61256  5593.6129   4.0 1 1 
	        426.82 5587.02768  5587.0263   4.0 1 1 
	        504.76  5583.7624  5583.7621   4.0 1 1 
	        575.81 5580.75394  5580.7547   4.0 1 1 
	        591.74 5580.07524  5580.0771   4.0 1 1 
	        608.54 5579.35789  5579.3583   4.0 1 1 
	        647.58 5577.68456  5577.6845   4.0 1 1 
	        681.92 5576.20503  5576.2045   4.0 1 1 
	        747.65 5573.35286  5573.3535   4.0 1 1 
	        954.61 5564.20346  5564.2011   4.0 1 1 
	       1050.20 5559.89034  5559.8912   4.0 1 1 
	       1076.31 5558.70302   5558.702   4.0 1 1 
	       1112.58 5557.04613  5557.0454   4.0 1 1 
	       1132.16 5556.14847  5556.1487   4.0 1 1 
	       1208.60 5552.62218  5552.6229   4.0 1 1 
	       1235.59 5551.36899  5551.3719   4.0 1 1 
	       1303.90  5548.1766  5548.1758   4.0 1 1 
	       1370.21 5545.05159  5545.0495   4.0 1 1 
	       1415.72 5542.89112    5542.89   4.0 1 1 
	       1435.78  5541.9351  5541.9357   4.0 1 1 
	       1452.34 5541.14441  5541.1466   4.0 1 1 
	       1478.09 5539.91084  5539.9106   4.0 1 1 
	       1491.59 5539.26255  5539.2618   4.0 1 1 
	       1527.03 5537.55607  5537.5563   4.0 1 1 
	       1559.81 5535.97091   5535.971   4.0 1 1 
	       1667.94 5530.69672  5530.6977   4.0 1 1 
	       1718.08 5528.22804  5528.2272   4.0 1 1 
	       1736.93  5527.2961  5527.2953   4.0 1 1 
	       1784.07 5524.95635   5524.957   4.0 1 1 
	       1984.35 5514.87311  5514.8731   4.0 1 1 
	function chebyshev
	order 5
	sample *
	naverage 1
	niterate 2000
	low_reject 3.
	high_reject 3.
	grow 0.
	coefficients	9
		1.
		5.
		67.86788177490234
		1984.346313476562
		5559.607615721531
		-43.36692477675297
		-1.37239395250401
		0.002038000875318674
		0.002778209722229231

# Tue 13:40:27 16-May-2023
begin	identify iazcomp.0026 - Ap 26
	id	iazcomp.0026
	task	identify
	image	iazcomp.0026 - Ap 26
	aperture	26
	aplow	1334.69
	aphigh	1344.13
	units	Angstroms
	features	33
	         67.03 5601.60218  5601.6032   4.0 1 1 
	        170.59 5597.47588  5597.4756   4.0 1 1 
	        230.39 5595.06426  5595.0635   4.0 1 1 
	        266.12 5593.61383  5593.6129   4.0 1 1 
	        426.06 5587.02713  5587.0263   4.0 1 1 
	        504.00 5583.76217  5583.7621   4.0 1 1 
	        575.06 5580.75406  5580.7547   4.0 1 1 
	        590.99 5580.07553  5580.0771   4.0 1 1 
	        607.81 5579.35775  5579.3583   4.0 1 1 
	        646.85 5577.68444  5577.6845   4.0 1 1 
	        681.19 5576.20487  5576.2045   4.0 1 1 
	        746.94 5573.35258  5573.3535   4.0 1 1 
	        953.94 5564.20258  5564.2011   4.0 1 1 
	       1049.52 5559.89034  5559.8912   4.0 1 1 
	       1075.62 5558.70332   5558.702   4.0 1 1 
	       1111.91 5557.04583  5557.0454   4.0 1 1 
	       1131.47 5556.14913  5556.1487   4.0 1 1 
	       1207.94 5552.62194  5552.6229   4.0 1 1 
	       1234.90 5551.36989  5551.3719   4.0 1 1 
	       1303.25 5548.17655  5548.1758   4.0 1 1 
	       1369.54  5545.0524  5545.0495   4.0 1 1 
	       1415.08 5542.89109    5542.89   4.0 1 1 
	       1435.17 5541.93372  5541.9357   4.0 1 1 
	       1451.68 5541.14527  5541.1466   4.0 1 1 
	       1477.44 5539.91135  5539.9106   4.0 1 1 
	       1490.96  5539.2622  5539.2618   4.0 1 1 
	       1526.40 5537.55612  5537.5563   4.0 1 1 
	       1559.19 5535.97056   5535.971   4.0 1 1 
	       1667.32 5530.69688  5530.6977   4.0 1 1 
	       1717.47  5528.2281  5528.2272   4.0 1 1 
	       1736.34 5527.29537  5527.2953   4.0 1 1 
	       1783.47 5524.95621   5524.957   4.0 1 1 
	       1983.77 5514.87345  5514.8731   4.0 1 1 
	function chebyshev
	order 5
	sample *
	naverage 1
	niterate 2000
	low_reject 3.
	high_reject 3.
	grow 0.
	coefficients	9
		1.
		5.
		67.02637481689452
		1983.770751953125
		5559.608015154215
		-43.36684777517073
		-1.373025337664748
		0.002481448446902067
		0.002822916951687806

# Mon 15:28:44 14-Aug-2023
begin	identify iazcomp.0026 - Ap 26
	id	iazcomp.0026
	task	identify
	image	iazcomp.0026 - Ap 26
	aperture	26
	aplow	1334.69
	aphigh	1344.13
	units	Angstroms
	features	33
	         70.74 5601.60234  5601.6032   4.0 1 1 
	        174.28 5597.47518  5597.4756   4.0 1 1 
	        234.04 5595.06484  5595.0635   4.0 1 1 
	        269.76 5593.61386  5593.6129   4.0 1 1 
	        429.64  5587.0275  5587.0263   4.0 1 1 
	        507.56 5583.76214  5583.7621   4.0 1 1 
	        578.60 5580.75341  5580.7547   4.0 1 1 
	        594.52 5580.07513  5580.0771   4.0 1 1 
	        611.32 5579.35761  5579.3583   4.0 1 1 
	        650.33 5577.68463  5577.6845   4.0 1 1 
	        684.66 5576.20513  5576.2045   4.0 1 1 
	        750.39 5573.35271  5573.3535   4.0 1 1 
	        957.29 5564.20328  5564.2011   4.0 1 1 
	       1052.85 5559.89032  5559.8912   4.0 1 1 
	       1078.93 5558.70337   5558.702   4.0 1 1 
	       1115.21 5557.04608  5557.0454   4.0 1 1 
	       1134.78 5556.14848  5556.1487   4.0 1 1 
	       1211.20 5552.62211  5552.6229   4.0 1 1 
	       1238.17 5551.36942  5551.3719   4.0 1 1 
	       1306.47 5548.17679  5548.1758   4.0 1 1 
	       1372.76 5545.05175  5545.0495   4.0 1 1 
	       1418.27 5542.89103    5542.89   4.0 1 1 
	       1438.33 5541.93478  5541.9357   4.0 1 1 
	       1454.86 5541.14519  5541.1466   4.0 1 1 
	       1480.61  5539.9115  5539.9106   4.0 1 1 
	       1494.13 5539.26231  5539.2618   4.0 1 1 
	       1529.56 5537.55568  5537.5563   4.0 1 1 
	       1562.34  5535.9702   5535.971   4.0 1 1 
	       1670.45  5530.6963  5530.6977   4.0 1 1 
	       1720.56 5528.22868  5528.2272   4.0 1 1 
	       1739.43 5527.29571  5527.2953   4.0 1 1 
	       1786.56 5524.95623   5524.957   4.0 1 1 
	       1986.82 5514.87332  5514.8731   4.0 1 1 
	function chebyshev
	order 5
	sample *
	naverage 1
	niterate 2000
	low_reject 3.
	high_reject 3.
	grow 0.
	coefficients	9
		1.
		5.
		70.73516082763672
		1986.820190429687
		5559.607067736631
		-43.3676436477651
		-1.371976788266207
		0.003131630550089657
		0.00273662315400435

# Mon 16:09:20 14-Aug-2023
begin	identify iazcomp.0026 - Ap 26
	id	iazcomp.0026
	task	identify
	image	iazcomp.0026 - Ap 26
	aperture	26
	aplow	1334.69
	aphigh	1344.13
	units	Angstroms
	features	33
	         70.71 5601.60237  5601.6032   4.0 1 1 
	        174.24 5597.47595  5597.4756   4.0 1 1 
	        234.03 5595.06468  5595.0635   4.0 1 1 
	        269.77 5593.61294  5593.6129   4.0 1 1 
	        429.66 5587.02712  5587.0263   4.0 1 1 
	        507.60 5583.76198  5583.7621   4.0 1 1 
	        578.62 5580.75459  5580.7547   4.0 1 1 
	        594.57  5580.0752  5580.0771   4.0 1 1 
	        611.38  5579.3576  5579.3583   4.0 1 1 
	        650.41 5577.68421  5577.6845   4.0 1 1 
	        684.74 5576.20502  5576.2045   4.0 1 1 
	        750.48 5573.35288  5573.3535   4.0 1 1 
	        957.43 5564.20373  5564.2011   4.0 1 1 
	       1053.02 5559.89016  5559.8912   4.0 1 1 
	       1079.11 5558.70333   5558.702   4.0 1 1 
	       1115.39  5557.0463  5557.0454   4.0 1 1 
	       1134.97 5556.14859  5556.1487   4.0 1 1 
	       1211.41  5552.6221  5552.6229   4.0 1 1 
	       1238.39 5551.36907  5551.3719   4.0 1 1 
	       1306.71 5548.17668  5548.1758   4.0 1 1 
	       1373.01 5545.05157  5545.0495   4.0 1 1 
	       1418.52 5542.89125    5542.89   4.0 1 1 
	       1438.61 5541.93384  5541.9357   4.0 1 1 
	       1455.13 5541.14461  5541.1466   4.0 1 1 
	       1480.88 5539.91116  5539.9106   4.0 1 1 
	       1494.40 5539.26236  5539.2618   4.0 1 1 
	       1529.81  5537.5567  5537.5563   4.0 1 1 
	       1562.61 5535.97065   5535.971   4.0 1 1 
	       1670.74 5530.69666  5530.6977   4.0 1 1 
	       1720.87 5528.22818  5528.2272   4.0 1 1 
	       1739.73 5527.29584  5527.2953   4.0 1 1 
	       1786.86  5524.9566   5524.957   4.0 1 1 
	       1987.15 5514.87309  5514.8731   4.0 1 1 
	function chebyshev
	order 5
	sample *
	naverage 1
	niterate 2000
	low_reject 3.
	high_reject 3.
	grow 0.
	coefficients	9
		1.
		5.
		70.70985412597655
		1987.150024414063
		5559.607240062774
		-43.3669546950612
		-1.372388730366103
		0.002314777905550535
		0.002876399034355848

