# Tue 22:49:16 07-Sep-2021
begin	identify iazcomp.0049 - Ap 49
	id	iazcomp.0049
	task	identify
	image	iazcomp.0049 - Ap 49
	aperture	49
	aplow	1600.04
	aphigh	1608.44
	units	Angstroms
	features	19
	         97.79 8734.01113  8734.0234   4.0 1 1 
	        296.56 8724.37362  8724.3761   4.0 1 1 
	        332.46 8722.50648  8722.4577   4.0 1 1 
	        348.81 8721.64376  8721.6595   4.0 1 1 
	        550.20 8710.41171  8710.4142   4.0 1 1 
	        569.52 8709.27773  8709.2341   4.0 1 1 
	        602.88 8707.29731  8707.3592   4.0 1 1 
	       1092.68 8675.33486  8675.3983   4.0 1 1 
	       1196.65 8667.96143  8667.9442   4.0 1 1 
	       1230.64 8665.51426  8665.4855   4.0 1 1 
	       1276.92 8662.15534  8662.1372   4.0 1 1 
	       1361.89 8655.91438   8655.876   4.0 1 1 
	       1452.45 8649.16714   8649.149   4.0 1 1 
	       1503.78 8645.30468  8645.3087   4.0 1 1 
	       1581.44 8639.41381  8639.4416   4.0 1 1 
	       1595.61 8638.33424  8638.3623   4.0 1 1 
	       1816.89 8621.30632  8621.3225   4.0 1 1 
	       1827.97 8620.44777  8620.4602   4.0 1 1 
	       1882.03 8616.25561  8616.2219   4.0 1 1 
	function chebyshev
	order 5
	sample *
	naverage 1
	niterate 0
	low_reject 3.
	high_reject 3.
	grow 0.
	coefficients	9
		1.
		5.
		97.78805541992188
		1882.030883789063
		8678.772658431015
		-59.37877958074702
		-3.65538293641014
		0.5010176902194337
		0.01609512724857545

# Fri 11:19:14 11-Mar-2022
begin	identify iazcomp.0049 - Ap 49
	id	iazcomp.0049
	task	identify
	image	iazcomp.0049 - Ap 49
	aperture	49
	aplow	1600.04
	aphigh	1608.44
	units	Angstroms
	features	14
	         39.71 8732.42625   8732.424   4.0 1 1 
	        497.90 8712.84266  8712.8528   4.0 1 1 
	       1034.49 8678.42121  8678.4083   4.0 1 1 
	       1077.18 8675.40238  8675.3983   4.0 1 1 
	       1214.71 8665.51065  8665.4855   4.0 1 1 
	       1346.14 8655.86388   8655.876   4.0 1 1 
	       1436.65 8649.13057   8649.149   4.0 1 1 
	       1565.68 8639.41984  8639.4416   4.0 1 1 
	       1579.90 8638.34195  8638.3623   4.0 1 1 
	       1801.17 8621.34771  8621.3225   4.0 1 1 
	       1812.37 8620.47465  8620.4602   4.0 1 1 
	       1866.41 8616.24547  8616.2219   4.0 1 1 
	       1998.35 8605.76526  8605.7762   4.0 1 1 
	       2020.23 8604.00241  8604.0163   4.0 1 1 
	function chebyshev
	order 5
	sample *
	naverage 1
	niterate 0
	low_reject 3.
	high_reject 3.
	grow 0.
	coefficients	9
		1.
		5.
		39.71465301513672
		2020.22705078125
		8673.822808703315
		-65.56739929404941
		-5.262505333819242
		1.355479330389483
		-0.3459686031649885

# Tue 15:32:56 29-Mar-2022
begin	identify iazcomp.0049 - Ap 49
	id	iazcomp.0049
	task	identify
	image	iazcomp.0049 - Ap 49
	aperture	49
	aplow	1600.04
	aphigh	1608.44
	units	Angstroms
	features	14
	         38.89 8732.42577   8732.424   4.0 1 1 
	        497.38 8712.84509  8712.8528   4.0 1 1 
	       1035.15 8678.40051  8678.4083   4.0 1 1 
	       1077.31 8675.42219  8675.3983   4.0 1 1 
	       1215.34 8665.50292  8665.4855   4.0 1 1 
	       1346.62 8655.87271   8655.876   4.0 1 1 
	       1437.34 8649.12585   8649.149   4.0 1 1 
	       1566.31 8639.42096  8639.4416   4.0 1 1 
	       1580.44 8638.34998  8638.3623   4.0 1 1 
	       1801.89 8621.33878  8621.3225   4.0 1 1 
	       1812.93 8620.47873  8620.4602   4.0 1 1 
	       1867.09 8616.23912  8616.2219   4.0 1 1 
	       1998.88 8605.76793  8605.7762   4.0 1 1 
	       2020.76 8604.00436  8604.0163   4.0 1 1 
	function chebyshev
	order 5
	sample *
	naverage 1
	niterate 0
	low_reject 3.
	high_reject 3.
	grow 0.
	coefficients	9
		1.
		5.
		38.8865966796875
		2020.764892578125
		8673.835628695902
		-65.55663841162335
		-5.27963706389164
		1.345937167308578
		-0.3409277845847357

# Mon 19:54:47 30-Jan-2023
begin	identify iazcomp.0049 - Ap 49
	id	iazcomp.0049
	task	identify
	image	iazcomp.0049 - Ap 49
	aperture	49
	aplow	1600.04
	aphigh	1608.44
	units	Angstroms
	features	16
	         88.86 8771.83828  8771.8602   4.0 1 1 
	        160.13 8760.46815  8760.4496   4.0 1 1 
	        378.85 8732.42399   8732.424   4.0 1 1 
	        456.08 8724.43202  8724.3761   4.0 1 1 
	        463.30 8723.72547  8723.7177   4.0 1 1 
	        583.22 8712.80487  8712.8528   4.0 1 1 
	        649.01 8707.36047  8707.3592   4.0 1 1 
	        695.82 8703.66738  8703.7025   4.0 1 1 
	       1090.19  8675.3524  8675.3983   4.0 1 1 
	       1194.17  8667.9907  8667.9442   4.0 1 1 
	       1228.13 8665.55452  8665.4855   4.0 1 1 
	       1275.30 8662.13902  8662.1372   4.0 1 1 
	       1450.07 8649.14812   8649.149   4.0 1 1 
	       1501.32 8645.24836  8645.3087   4.0 1 1 
	       1814.53 8621.30496  8621.3225   4.0 1 1 
	       1825.53   8620.489  8620.4602   4.0 1 1 
	function chebyshev
	order 5
	sample *
	naverage 1
	niterate 0
	low_reject 3.
	high_reject 3.
	grow 0.
	coefficients	9
		1.
		5.
		88.8565216064453
		1825.527587890625
		8689.278831761757
		-71.96118972077696
		5.752375780910593
		-3.713453959663863
		1.132432330395232

# Fri 11:54:50 03-Feb-2023
begin	identify iazcomp.0049 - Ap 49
	id	iazcomp.0049
	task	identify
	image	iazcomp.0049 - Ap 49
	aperture	49
	aplow	1600.04
	aphigh	1608.44
	units	Angstroms
	features	16
	         87.37 8771.82306  8771.8602   4.0 1 1 
	        158.50 8760.50116  8760.4496   4.0 1 1 
	        378.31 8732.36803   8732.424   4.0 1 1 
	        455.41 8724.39788  8724.3761   4.0 1 1 
	        461.89  8723.7632  8723.7177   4.0 1 1 
	        580.85 8712.91861  8712.8528   4.0 1 1 
	        649.05 8707.26945  8707.3592   4.0 1 1 
	        694.47 8703.68255  8703.7025   4.0 1 1 
	       1088.73 8675.34412  8675.3983   4.0 1 1 
	       1192.93 8667.96614  8667.9442   4.0 1 1 
	       1226.87 8665.53139  8665.4855   4.0 1 1 
	       1272.83 8662.20566  8662.1372   4.0 1 1 
	       1448.70 8649.14522   8649.149   4.0 1 1 
	       1500.13 8645.23572  8645.3087   4.0 1 1 
	       1813.29 8621.30938  8621.3225   4.0 1 1 
	       1824.39 8620.48614  8620.4602   4.0 1 1 
	function chebyshev
	order 5
	sample *
	naverage 1
	niterate 0
	low_reject 3.
	high_reject 3.
	grow 0.
	coefficients	9
		1.
		5.
		87.37323760986328
		1824.385620117187
		8689.281430700608
		-71.97463369667558
		5.753805682990649
		-3.693828997054787
		1.119362646084621

# Mon 14:52:34 06-Feb-2023
begin	identify iazcomp.0049 - Ap 49
	id	iazcomp.0049
	task	identify
	image	iazcomp.0049 - Ap 49
	aperture	49
	aplow	1600.04
	aphigh	1608.44
	units	Angstroms
	features	14
	         88.39 8771.84378  8771.8602   4.0 1 1 
	        375.51 8732.46983   8732.424   4.0 1 1 
	        452.96 8724.40598  8724.3761   4.0 1 1 
	        578.64  8712.8624  8712.8528   4.0 1 1 
	        645.51 8707.31609  8707.3592   4.0 1 1 
	        692.13 8703.63532  8703.7025   4.0 1 1 
	       1086.09  8675.3881  8675.3983   4.0 1 1 
	       1190.65 8667.99442  8667.9442   4.0 1 1 
	       1224.69 8665.55469  8665.4855   4.0 1 1 
	       1272.08 8662.12432  8662.1372   4.0 1 1 
	       1446.63 8649.14896   8649.149   4.0 1 1 
	       1497.99 8645.23988  8645.3087   4.0 1 1 
	       1811.27 8621.30738  8621.3225   4.0 1 1 
	       1822.34 8620.48926  8620.4602   4.0 1 1 
	function chebyshev
	order 5
	sample *
	naverage 1
	niterate 0
	low_reject 3.
	high_reject 3.
	grow 0.
	coefficients	9
		1.
		5.
		88.39434051513672
		1822.338134765625
		8689.179521087477
		-71.9076815071885
		5.823850479272232
		-3.769579898488992
		1.163147285766057

# Mon 15:32:11 27-Feb-2023
begin	identify iazcomp.0049 - Ap 49
	id	iazcomp.0049
	task	identify
	image	iazcomp.0049 - Ap 49
	aperture	49
	aplow	1600.04
	aphigh	1608.44
	units	Angstroms
	features	10
	         88.68 8771.85838  8771.8602   4.0 1 1 
	        379.78 8732.42863   8732.424   4.0 1 1 
	        583.60 8712.85421  8712.8528   4.0 1 1 
	       1090.56 8675.34083  8675.3983   4.0 1 1 
	       1194.80 8667.96746  8667.9442   4.0 1 1 
	       1228.77 8665.53385  8665.4855   4.0 1 1 
	       1450.66  8649.1629   8649.149   4.0 1 1 
	       1501.88  8645.2728  8645.3087   4.0 1 1 
	       1815.05 8621.30736  8621.3225   4.0 1 1 
	       1826.15 8620.47898  8620.4602   4.0 1 1 
	function chebyshev
	order 5
	sample *
	naverage 1
	niterate 0
	low_reject 3.
	high_reject 3.
	grow 0.
	coefficients	9
		1.
		5.
		88.68276977539062
		1826.151611328125
		8689.316971431593
		-71.99537650538395
		5.753929410327802
		-3.694324835518475
		1.097782034874603

# Tue 13:41:42 16-May-2023
begin	identify iazcomp.0049 - Ap 49
	id	iazcomp.0049
	task	identify
	image	iazcomp.0049 - Ap 49
	aperture	49
	aplow	1600.04
	aphigh	1608.44
	units	Angstroms
	features	10
	         88.81 8771.86339  8771.8602   4.0 1 1 
	        379.53 8732.40217   8732.424   4.0 1 1 
	        582.53 8712.88588  8712.8528   4.0 1 1 
	       1090.29 8675.32051  8675.3983   4.0 1 1 
	       1194.32 8667.96354  8667.9442   4.0 1 1 
	       1228.13 8665.54096  8665.4855   4.0 1 1 
	       1449.95 8649.17307   8649.149   4.0 1 1 
	       1501.31 8645.27143  8645.3087   4.0 1 1 
	       1814.49  8621.3057  8621.3225   4.0 1 1 
	       1825.59 8620.47876  8620.4602   4.0 1 1 
	function chebyshev
	order 5
	sample *
	naverage 1
	niterate 0
	low_reject 3.
	high_reject 3.
	grow 0.
	coefficients	9
		1.
		5.
		88.81159210205078
		1825.586791992188
		8689.294662880833
		-71.98232364970652
		5.769339586132133
		-3.709992227592193
		1.107070863408443

# Mon 15:30:13 14-Aug-2023
begin	identify iazcomp.0049 - Ap 49
	id	iazcomp.0049
	task	identify
	image	iazcomp.0049 - Ap 49
	aperture	49
	aplow	1600.04
	aphigh	1608.44
	units	Angstroms
	features	9
	         89.34 8771.86298  8771.8602   4.0 1 1 
	        382.94 8732.40936   8732.424   4.0 1 1 
	        586.68 8712.86995  8712.8528   4.0 1 1 
	       1197.53    8667.92  8667.9442   4.0 1 1 
	       1231.44 8665.49499  8665.4855   4.0 1 1 
	       1453.32 8649.17154   8649.149   4.0 1 1 
	       1504.47 8645.29738  8645.3087   4.0 1 1 
	       1817.57 8621.30853  8621.3225   4.0 1 1 
	       1828.68 8620.47237  8620.4602   4.0 1 1 
	function chebyshev
	order 5
	sample *
	naverage 1
	niterate 0
	low_reject 3.
	high_reject 3.
	grow 0.
	coefficients	9
		1.
		5.
		89.34076690673828
		1828.6826171875
		8689.39555725217
		-72.05205252610779
		5.734182981503729
		-3.643251829761777
		1.037936565895881

# Mon 16:10:17 14-Aug-2023
begin	identify iazcomp.0049 - Ap 49
	id	iazcomp.0049
	task	identify
	image	iazcomp.0049 - Ap 49
	aperture	49
	aplow	1600.04
	aphigh	1608.44
	units	Angstroms
	features	9
	         90.25 8771.86477  8771.8602   4.0 1 1 
	        383.10 8732.40033   8732.424   4.0 1 1 
	        586.30 8712.88004  8712.8528   4.0 1 1 
	       1197.57 8667.91923  8667.9442   4.0 1 1 
	       1231.61 8665.48706  8665.4855   4.0 1 1 
	       1453.37 8649.17965   8649.149   4.0 1 1 
	       1504.66 8645.29608  8645.3087   4.0 1 1 
	       1817.82   8621.308  8621.3225   4.0 1 1 
	       1828.94 8620.47193  8620.4602   4.0 1 1 
	function chebyshev
	order 5
	sample *
	naverage 1
	niterate 0
	low_reject 3.
	high_reject 3.
	grow 0.
	coefficients	9
		1.
		5.
		90.24703216552734
		1828.944213867188
		8689.360304394749
		-72.03143610595863
		5.761701340863992
		-3.664983857366576
		1.046347032219142

