	# Fri 10:28:00 11-Mar-2022
begin	identify iazcomp.0001 - Ap 1
	id	iazcomp.0001
	task	identify
	image	iazcomp.0001 - Ap 1
	aperture	1
	aplow	877.07
	aphigh	885.15
	units	Angstroms
	features	36
	        106.18 4026.99973  4027.0091   4.0 1 1 
	        182.86  4024.7973  4024.8025   4.0 1 1 
	        334.44 4020.36593  4020.3541   4.0 1 1 
	        375.95 4019.13477  4019.1289   4.0 1 1 
	        522.67 4014.72196  4014.7164   4.0 1 1 
	        550.95 4013.86064  4013.8566   4.0 1 1 
	        595.43 4012.49871  4012.4952   4.0 1 1 
	        620.02 4011.74217  4011.7398   4.0 1 1 
	        733.69 4008.21089  4008.2102   4.0 1 1 
	        771.64 4007.01969  4007.0188   4.0 1 1 
	        791.99 4006.37857  4006.3806   4.0 1 1 
	        805.36 4005.95618  4005.9615   4.0 1 1 
	        832.60 4005.09316  4005.0928   4.0 1 1 
	        888.62   4003.309  4003.3086   4.0 1 1 
	        932.88 4001.88981  4001.8935   4.0 1 1 
	        958.79 4001.05538  4001.0581   4.0 1 1 
	        982.70 4000.28248  4000.2811   4.0 1 1 
	       1023.91 3998.94511  3998.9526   4.0 1 1 
	       1056.86 3997.87053  3997.8654   4.0 1 1 
	       1093.88 3996.65792  3996.6687   4.0 1 1 
	       1111.96 3996.06364  3996.0617   4.0 1 1 
	       1150.65  3994.7872  3994.7918   4.0 1 1 
	       1195.61  3993.2963  3993.2989   4.0 1 1 
	       1242.69 3991.72585  3991.7309   4.0 1 1 
	       1279.74 3990.48389  3990.4922   4.0 1 1 
	       1376.75 3987.20467  3987.2061   4.0 1 1 
	       1525.28 3982.10964   3982.102   4.0 1 1 
	       1553.89 3981.11789  3981.1065   4.0 1 1 
	       1583.28 3980.09588  3980.0896   4.0 1 1 
	       1604.34 3979.36149  3979.3559   4.0 1 1 
	       1688.97 3976.39183  3976.4149   4.0 1 1 
	       1734.61 3974.77827   3974.759   4.0 1 1 
	       1743.00 3974.48072  3974.4766   4.0 1 1 
	       1794.66 3972.64322  3972.6395   4.0 1 1 
	       1808.03 3972.16585  3972.1545   4.0 1 1 
	       1941.27  3967.3704  3967.3921   4.0 1 1 
	function chebyshev
	order 4
	sample *
	naverage 1
	niterate 2000
	low_reject 3.
	high_reject 3.
	grow 0.
	coefficients	8
		1.
		4.
		106.1836242675781
		1941.265625
		3998.068083463953
		-29.82520491331751
		-0.8830179484310435
		0.01053743035133155# Fri 10:29:39 11-Mar-2022
begin	identify iazcomp.0001 - Ap 1
	id	iazcomp.0001
	task	identify
	image	iazcomp.0001 - Ap 1
	aperture	1
	aplow	877.07
	aphigh	885.15
	units	Angstroms
	features	36
	        106.18 4026.99973  4027.0091   4.0 1 1 
	        182.86  4024.7973  4024.8025   4.0 1 1 
	        334.44 4020.36593  4020.3541   4.0 1 1 
	        375.95 4019.13477  4019.1289   4.0 1 1 
	        522.67 4014.72196  4014.7164   4.0 1 1 
	        550.95 4013.86064  4013.8566   4.0 1 1 
	        595.43 4012.49871  4012.4952   4.0 1 1 
	        620.02 4011.74218  4011.7398   4.0 1 1 
	        733.69 4008.21089  4008.2102   4.0 1 1 
	        771.64 4007.01969  4007.0188   4.0 1 1 
	        791.99 4006.37857  4006.3806   4.0 1 1 
	        805.36 4005.95618  4005.9615   4.0 1 1 
	        832.60 4005.09316  4005.0928   4.0 1 1 
	        888.62   4003.309  4003.3086   4.0 1 1 
	        932.88 4001.88981  4001.8935   4.0 1 1 
	        958.79 4001.05538  4001.0581   4.0 1 1 
	        982.70 4000.28248  4000.2811   4.0 1 1 
	       1023.91 3998.94511  3998.9526   4.0 1 1 
	       1056.86 3997.87053  3997.8654   4.0 1 1 
	       1093.88 3996.65792  3996.6687   4.0 1 1 
	       1111.96 3996.06364  3996.0617   4.0 1 1 
	       1150.65 3994.78721  3994.7918   4.0 1 1 
	       1195.61  3993.2963  3993.2989   4.0 1 1 
	       1242.69 3991.72585  3991.7309   4.0 1 1 
	       1279.74 3990.48389  3990.4922   4.0 1 1 
	       1376.75 3987.20467  3987.2061   4.0 1 1 
	       1525.28 3982.10963   3982.102   4.0 1 1 
	       1553.89 3981.11789  3981.1065   4.0 1 1 
	       1583.28 3980.09588  3980.0896   4.0 1 1 
	       1604.34 3979.36149  3979.3559   4.0 1 1 
	       1688.97 3976.39185  3976.4149   4.0 1 1 
	       1734.61 3974.77827   3974.759   4.0 1 1 
	       1743.00 3974.48072  3974.4766   4.0 1 1 
	       1794.66  3972.6432  3972.6395   4.0 1 1 
	       1808.03 3972.16586  3972.1545   4.0 1 1 
	       1941.27  3967.3704  3967.3921   4.0 1 1 
	shift	2.350991760775085E-7
	function chebyshev
	order 4
	sample *
	naverage 1
	niterate 2000
	low_reject 3.
	high_reject 3.
	grow 0.
	coefficients	8
		1.
		4.
		106.1836242675783
		1941.265625000001
		3998.068083463958
		-29.82520491331756
		-0.8830179484310449
		0.01053743035133157

# Tue 15:04:52 29-Mar-2022
begin	identify iazcomp.0001 - Ap 1
	id	iazcomp.0001
	task	identify
	image	iazcomp.0001 - Ap 1
	aperture	1
	aplow	877.07
	aphigh	885.15
	units	Angstroms
	features	36
	        107.11 4027.00208  4027.0091   4.0 1 1 
	        183.58 4024.80273  4024.8025   4.0 1 1 
	        335.47 4020.35837  4020.3541   4.0 1 1 
	        376.68 4019.13529  4019.1289   4.0 1 1 
	        523.49 4014.71808  4014.7164   4.0 1 1 
	        551.64 4013.86035  4013.8566   4.0 1 1 
	        596.14 4012.49782  4012.4952   4.0 1 1 
	        620.76 4011.74023  4011.7398   4.0 1 1 
	        734.42 4008.20938  4008.2102   4.0 1 1 
	        772.34 4007.01906  4007.0188   4.0 1 1 
	        792.71 4006.37702  4006.3806   4.0 1 1 
	        806.06 4005.95529  4005.9615   4.0 1 1 
	        833.32 4005.09186  4005.0928   4.0 1 1 
	        889.33 4003.30801  4003.3086   4.0 1 1 
	        933.60 4001.88882  4001.8935   4.0 1 1 
	        959.44  4001.0566  4001.0581   4.0 1 1 
	        983.42 4000.28144  4000.2811   4.0 1 1 
	       1024.52 3998.94794  3998.9526   4.0 1 1 
	       1057.52 3997.87173  3997.8654   4.0 1 1 
	       1094.15  3996.6721  3996.6687   4.0 1 1 
	       1112.62 3996.06512  3996.0617   4.0 1 1 
	       1151.35 3994.78742  3994.7918   4.0 1 1 
	       1196.22 3993.29915  3993.2989   4.0 1 1 
	       1243.28 3991.72965  3991.7309   4.0 1 1 
	       1280.37 3990.48581  3990.4922   4.0 1 1 
	       1377.35 3987.20712  3987.2061   4.0 1 1 
	       1526.05 3982.10428   3982.102   4.0 1 1 
	       1554.68 3981.11165  3981.1065   4.0 1 1 
	       1584.17  3980.0853  3980.0896   4.0 1 1 
	       1605.00 3979.35833  3979.3559   4.0 1 1 
	       1688.80 3976.41554  3976.4149   4.0 1 1 
	       1735.55 3974.76129   3974.759   4.0 1 1 
	       1743.49 3974.47952  3974.4766   4.0 1 1 
	       1794.92 3972.64796  3972.6395   4.0 1 1 
	       1808.85 3972.14992  3972.1545   4.0 1 1 
	       1941.08 3967.38446  3967.3921   4.0 1 1 
	function chebyshev
	order 4
	sample *
	naverage 1
	niterate 2000
	low_reject 3.
	high_reject 3.
	grow 0.
	coefficients	8
		1.
		4.
		107.1065368652344
		1941.076171875
		3998.077535182458
		-29.8153754688276
		-0.8842657552974256
		0.006561625818466623

# Mon 18:44:59 30-Jan-2023
begin	identify iazcomp.0001 - Ap 1
	id	iazcomp.0001
	task	identify
	image	iazcomp.0001 - Ap 1
	aperture	1
	aplow	877.07
	aphigh	885.15
	units	Angstroms
	features	39
	        118.08 4027.00689  4027.0091   4.0 1 1 
	        194.64 4024.80351  4024.8025   4.0 1 1 
	        346.66 4020.35357  4020.3541   4.0 1 1 
	        387.77 4019.13318  4019.1289   4.0 1 1 
	        534.55 4014.71704  4014.7164   4.0 1 1 
	        562.76 4013.85772  4013.8566   4.0 1 1 
	        607.26 4012.49541  4012.4952   4.0 1 1 
	        631.95 4011.73565  4011.7398   4.0 1 1 
	        745.49 4008.20933  4008.2102   4.0 1 1 
	        783.41 4007.01925  4007.0188   4.0 1 1 
	        803.74 4006.37881  4006.3806   4.0 1 1 
	        816.90 4005.96331  4005.9615   4.0 1 1 
	        835.81 4005.36487  4005.3628   4.0 1 1 
	        844.39 4005.09294  4005.0928   4.0 1 1 
	        900.46 4003.30755  4003.3086   4.0 1 1 
	        944.72 4001.88867  4001.8935   4.0 1 1 
	        970.51 4001.05815  4001.0581   4.0 1 1 
	        994.55 4000.28174  4000.2811   4.0 1 1 
	       1035.53 3998.95185  3998.9526   4.0 1 1 
	       1042.39 3998.72854  3998.7334   4.0 1 1 
	       1068.64 3997.87249  3997.8654   4.0 1 1 
	       1105.42  3996.6679  3996.6687   4.0 1 1 
	       1123.80 3996.06361  3996.0617   4.0 1 1 
	       1162.37 3994.79132  3994.7918   4.0 1 1 
	       1169.66 3994.55008  3994.5494   4.0 1 1 
	       1207.34 3993.29978  3993.2989   4.0 1 1 
	       1244.73  3992.0532  3992.0535   4.0 1 1 
	       1254.33 3991.73205  3991.7309   4.0 1 1 
	       1291.39 3990.48915  3990.4922   4.0 1 1 
	       1388.30 3987.21145  3987.2061   4.0 1 1 
	       1456.71 3984.87375  3984.8795   4.0 1 1 
	       1537.22 3982.09719   3982.102   4.0 1 1 
	       1565.61 3981.11159  3981.1065   4.0 1 1 
	       1594.87 3980.09229  3980.0896   4.0 1 1 
	       1615.86 3979.35893  3979.3559   4.0 1 1 
	       1699.72 3976.40997  3976.4149   4.0 1 1 
	       1754.23 3974.47751  3974.4766   4.0 1 1 
	       1805.73  3972.6403  3972.6395   4.0 1 1 
	       1819.32 3972.15363  3972.1545   4.0 1 1 
	function chebyshev
	order 4
	sample *
	naverage 1
	niterate 2000
	low_reject 3.
	high_reject 3.
	grow 0.
	coefficients	8
		1.
		4.
		118.083854675293
		1819.315795898438
		4000.348470855384
		-27.42809031800626
		-0.7682123118719548
		0.001461350143366875

# Fri 11:53:05 03-Feb-2023
begin	identify iazcomp.0001 - Ap 1
	id	iazcomp.0001
	task	identify
	image	iazcomp.0001 - Ap 1
	aperture	1
	aplow	877.07
	aphigh	885.15
	units	Angstroms
	features	40
	        193.17 4024.79812  4024.8025   4.0 1 1 
	        243.56 4023.33649  4023.3378   4.0 1 1 
	        345.14  4020.3559  4020.3541   4.0 1 1 
	        386.40 4019.13214  4019.1289   4.0 1 1 
	        533.20 4014.71812  4014.7164   4.0 1 1 
	        561.39 4013.85957  4013.8566   4.0 1 1 
	        605.91 4012.49698  4012.4952   4.0 1 1 
	        630.54  4011.7394  4011.7398   4.0 1 1 
	        744.15 4008.21069  4008.2102   4.0 1 1 
	        782.06 4007.02096  4007.0188   4.0 1 1 
	        802.56  4006.3751  4006.3806   4.0 1 1 
	        815.74 4005.95858  4005.9615   4.0 1 1 
	        834.32 4005.37078  4005.3628   4.0 1 1 
	        843.07 4005.09306  4005.0928   4.0 1 1 
	        899.12 4003.30822  4003.3086   4.0 1 1 
	        943.38 4001.88915  4001.8935   4.0 1 1 
	        969.20 4001.05754  4001.0581   4.0 1 1 
	        993.22 4000.28114  4000.2811   4.0 1 1 
	       1034.30 3998.94786  3998.9526   4.0 1 1 
	       1067.33 3997.87095  3997.8654   4.0 1 1 
	       1103.93 3996.67183  3996.6687   4.0 1 1 
	       1122.51 3996.06091  3996.0617   4.0 1 1 
	       1161.05 3994.78933  3994.7918   4.0 1 1 
	       1168.36 3994.54739  3994.5494   4.0 1 1 
	       1205.98 3993.29893  3993.2989   4.0 1 1 
	       1243.42 3992.05063  3992.0535   4.0 1 1 
	       1253.07   3991.728  3991.7309   4.0 1 1 
	       1290.07 3990.48708  3990.4922   4.0 1 1 
	       1386.99 3987.20952  3987.2061   4.0 1 1 
	       1455.39 3984.87291  3984.8795   4.0 1 1 
	       1535.68 3982.10546   3982.102   4.0 1 1 
	       1564.42 3981.10846  3981.1065   4.0 1 1 
	       1593.68 3980.08987  3980.0896   4.0 1 1 
	       1614.58 3979.36007  3979.3559   4.0 1 1 
	       1698.34 3976.41777  3976.4149   4.0 1 1 
	       1753.13 3974.47774  3974.4766   4.0 1 1 
	       1804.54 3972.64624  3972.6395   4.0 1 1 
	       1818.19  3972.1584  3972.1545   4.0 1 1 
	       1906.10  3968.9969  3969.0026   4.0 1 1 
	       1950.56 3967.38602  3967.3921   4.0 1 1 
	function chebyshev
	order 4
	sample *
	naverage 1
	niterate 2000
	low_reject 3.
	high_reject 3.
	grow 0.
	coefficients	8
		1.
		4.
		193.1712188720703
		1950.564208984375
		3996.907275258396
		-28.71294226360662
		-0.8152055988917871
		0.006895572169702974

# Mon 14:50:05 06-Feb-2023
begin	identify iazcomp.0001 - Ap 1
	id	iazcomp.0001
	task	identify
	image	iazcomp.0001 - Ap 1
	aperture	1
	aplow	877.07
	aphigh	885.15
	units	Angstroms
	features	40
	        190.74 4024.79687  4024.8025   4.0 1 1 
	        241.16 4023.33435  4023.3378   4.0 1 1 
	        342.49 4020.36148  4020.3541   4.0 1 1 
	        383.96 4019.13181  4019.1289   4.0 1 1 
	        530.75 4014.71922  4014.7164   4.0 1 1 
	        559.02 4013.85848  4013.8566   4.0 1 1 
	        603.52 4012.49667  4012.4952   4.0 1 1 
	        628.18 4011.73854  4011.7398   4.0 1 1 
	        741.81 4008.21052  4008.2102   4.0 1 1 
	        779.69 4007.02202  4007.0188   4.0 1 1 
	        800.21 4006.37565  4006.3806   4.0 1 1 
	        813.36 4005.96038  4005.9615   4.0 1 1 
	        832.16  4005.3657  4005.3628   4.0 1 1 
	        840.76 4005.09292  4005.0928   4.0 1 1 
	        896.85 4003.30743  4003.3086   4.0 1 1 
	        941.04 4001.89111  4001.8935   4.0 1 1 
	        966.95 4001.05667  4001.0581   4.0 1 1 
	        990.89 4000.28346  4000.2811   4.0 1 1 
	       1032.06 3998.94756  3998.9526   4.0 1 1 
	       1065.10 3997.87062  3997.8654   4.0 1 1 
	       1101.87  3996.6665  3996.6687   4.0 1 1 
	       1120.27 3996.06169  3996.0617   4.0 1 1 
	       1158.84 3994.78947  3994.7918   4.0 1 1 
	       1166.12 3994.54862  3994.5494   4.0 1 1 
	       1203.80 3993.29856  3993.2989   4.0 1 1 
	       1241.27 3992.04948  3992.0535   4.0 1 1 
	       1250.83 3991.72987  3991.7309   4.0 1 1 
	       1287.89 3990.48737  3990.4922   4.0 1 1 
	       1384.80 3987.21083  3987.2061   4.0 1 1 
	       1453.17 3984.87543  3984.8795   4.0 1 1 
	       1533.45 3982.10888   3982.102   4.0 1 1 
	       1562.35 3981.10629  3981.1065   4.0 1 1 
	       1591.61 3980.08791  3980.0896   4.0 1 1 
	       1612.45  3979.3605  3979.3559   4.0 1 1 
	       1696.25  3976.4166  3976.4149   4.0 1 1 
	       1750.94 3974.48009  3974.4766   4.0 1 1 
	       1802.59 3972.63995  3972.6395   4.0 1 1 
	       1816.09 3972.15722  3972.1545   4.0 1 1 
	       1903.74 3969.00457  3969.0026   4.0 1 1 
	       1948.50 3967.38291  3967.3921   4.0 1 1 
	function chebyshev
	order 4
	sample *
	naverage 1
	niterate 2000
	low_reject 3.
	high_reject 3.
	grow 0.
	coefficients	8
		1.
		4.
		190.7419586181641
		1948.496215820313
		3996.90635962026
		-28.71280807332047
		-0.8164677316181508
		0.005824990734454672

# Mon 15:24:08 27-Feb-2023
begin	identify iazcomp.0001 - Ap 1
	id	iazcomp.0001
	task	identify
	image	iazcomp.0001 - Ap 1
	aperture	1
	aplow	877.07
	aphigh	885.15
	units	Angstroms
	features	38
	        119.19 4027.00425  4027.0091   6.0 1 1 
	        195.62 4024.80427  4024.8025   4.0 1 1 
	        347.47 4020.35873  4020.3541   4.0 1 1 
	        388.82 4019.13072  4019.1289   6.0 1 1 
	        535.50 4014.71594  4014.7164   6.0 1 1 
	        563.65 4013.85844  4013.8566   6.0 1 1 
	        608.15 4012.49529  4012.4952   6.0 1 1 
	        632.74 4011.73848  4011.7398   4.0 1 1 
	        746.32 4008.20984  4008.2102   4.0 1 1 
	        784.21 4007.02023  4007.0188   4.0 1 1 
	        804.59 4006.37792  4006.3806   4.0 1 1 
	        817.82 4005.96031  4005.9615   4.0 1 1 
	        845.19 4005.09335  4005.0928   4.0 1 1 
	        901.18 4003.31017  4003.3086   4.0 1 1 
	        945.46 4001.89036  4001.8935   4.0 1 1 
	        971.28 4001.05856  4001.0581   4.0 1 1 
	        995.34 4000.28106  4000.2811   6.0 1 1 
	       1036.39 3998.94912  3998.9526   4.0 1 1 
	       1106.14 3996.66928  3996.6687   4.0 1 1 
	       1124.57 3996.06333  3996.0617   4.0 1 1 
	       1163.15 3994.79069  3994.7918   4.0 1 1 
	       1170.46 3994.54887  3994.5494   6.0 1 1 
	       1208.10 3993.29985  3993.2989   4.0 1 1 
	       1245.59 3992.05002  3992.0535   6.0 1 1 
	       1255.04 3991.73399  3991.7309   4.0 1 1 
	       1292.16 3990.48922  3990.4922   4.0 1 1 
	       1389.21  3987.2076  3987.2061   6.0 1 1 
	       1457.38 3984.87879  3984.8795   4.0 1 1 
	       1537.82 3982.10624   3982.102   4.0 1 1 
	       1566.47 3981.11234  3981.1065   4.0 1 1 
	       1576.87 3980.75054   3980.755   6.0 1 1 
	       1595.83 3980.09014  3980.0896   4.0 1 1 
	       1616.84 3979.35654  3979.3559   6.0 1 1 
	       1755.31 3974.47557  3974.4766   6.0 1 1 
	       1806.78 3972.64143  3972.6395   6.0 1 1 
	       1820.40 3972.15416  3972.1545   6.0 1 1 
	       1908.08  3968.9991  3969.0026   6.0 1 1 
	       1952.40 3967.39268  3967.3921   6.0 1 1 
	function chebyshev
	order 4
	sample *
	naverage 1
	niterate 2000
	low_reject 3.
	high_reject 3.
	grow 0.
	coefficients	8
		1.
		4.
		119.193473815918
		1952.395385742188
		3998.083443229596
		-29.81002562695052
		-0.8849804891513554
		0.004242022846398499

# Tue 13:39:44 16-May-2023
begin	identify iazcomp.0001 - Ap 1
	id	iazcomp.0001
	task	identify
	image	iazcomp.0001 - Ap 1
	aperture	1
	aplow	877.07
	aphigh	885.15
	units	Angstroms
	features	38
	        118.26 4027.00385  4027.0091   6.0 1 1 
	        194.77 4024.80297  4024.8025   4.0 1 1 
	        346.54 4020.36198  4020.3541   4.0 1 1 
	        388.02 4019.13094  4019.1289   6.0 1 1 
	        534.76 4014.71635  4014.7164   6.0 1 1 
	        562.96 4013.85751  4013.8566   6.0 1 1 
	        607.46 4012.49507  4012.4952   6.0 1 1 
	        632.09 4011.73735  4011.7398   4.0 1 1 
	        745.65 4008.21015  4008.2102   4.0 1 1 
	        783.53 4007.02124  4007.0188   4.0 1 1 
	        803.99  4006.3766  4006.3806   4.0 1 1 
	        817.14 4005.96134  4005.9615   4.0 1 1 
	        844.56 4005.09296  4005.0928   4.0 1 1 
	        900.60 4003.30851  4003.3086   4.0 1 1 
	        944.86 4001.88988  4001.8935   4.0 1 1 
	        970.67 4001.05872  4001.0581   4.0 1 1 
	        994.80 4000.27894  4000.2811   6.0 1 1 
	       1035.74  3998.9506  3998.9526   4.0 1 1 
	       1105.46 3996.67203  3996.6687   4.0 1 1 
	       1123.96 3996.06405  3996.0617   4.0 1 1 
	       1162.57  3994.7902  3994.7918   4.0 1 1 
	       1169.89 3994.54811  3994.5494   6.0 1 1 
	       1207.44 3993.30222  3993.2989   4.0 1 1 
	       1245.05 3992.04843  3992.0535   6.0 1 1 
	       1254.49 3991.73292  3991.7309   4.0 1 1 
	       1291.58 3990.48935  3990.4922   4.0 1 1 
	       1388.67 3987.20646  3987.2061   6.0 1 1 
	       1456.84 3984.87804  3984.8795   4.0 1 1 
	       1537.16 3982.10965   3982.102   4.0 1 1 
	       1566.00 3981.10888  3981.1065   4.0 1 1 
	       1576.19 3980.75459   3980.755   6.0 1 1 
	       1595.25 3980.09075  3980.0896   4.0 1 1 
	       1616.34 3979.35433  3979.3559   6.0 1 1 
	       1754.73 3974.47626  3974.4766   6.0 1 1 
	       1806.27 3972.63958  3972.6395   6.0 1 1 
	       1819.84 3972.15417  3972.1545   6.0 1 1 
	       1907.51 3968.99981  3969.0026   6.0 1 1 
	       1951.84 3967.39258  3967.3921   6.0 1 1 
	function chebyshev
	order 4
	sample *
	naverage 1
	niterate 2000
	low_reject 3.
	high_reject 3.
	grow 0.
	coefficients	8
		1.
		4.
		118.2560577392578
		1951.841918945312
		3998.085623855286
		-29.8102808910835
		-0.8874102747931927
		0.004644123850193718

# Mon 15:27:49 14-Aug-2023
begin	identify iazcomp.0001 - Ap 1
	id	iazcomp.0001
	task	identify
	image	iazcomp.0001 - Ap 1
	aperture	1
	aplow	877.07
	aphigh	885.15
	units	Angstroms
	features	37
	        122.00 4027.00476  4027.0091   6.0 1 1 
	        198.50 4024.80333  4024.8025   4.0 1 1 
	        350.29 4020.35975  4020.3541   4.0 1 1 
	        391.67 4019.13104  4019.1289   6.0 1 1 
	        538.39 4014.71548  4014.7164   6.0 1 1 
	        566.54 4013.85784  4013.8566   6.0 1 1 
	        611.03 4012.49521  4012.4952   6.0 1 1 
	        635.62 4011.73835  4011.7398   4.0 1 1 
	        749.17 4008.21031  4008.2102   4.0 1 1 
	        787.10 4007.01945  4007.0188   4.0 1 1 
	        807.46 4006.37794  4006.3806   4.0 1 1 
	        820.68 4005.96023  4005.9615   4.0 1 1 
	        848.08 4005.09227  4005.0928   4.0 1 1 
	        904.02 4003.31059  4003.3086   4.0 1 1 
	        948.30 4001.89063  4001.8935   4.0 1 1 
	        974.09 4001.05989  4001.0581   4.0 1 1 
	        998.21 4000.28038  4000.2811   6.0 1 1 
	       1039.21 3998.94947  3998.9526   4.0 1 1 
	       1109.11 3996.66444  3996.6687   4.0 1 1 
	       1127.26 3996.06773  3996.0617   4.0 1 1 
	       1165.95 3994.79127  3994.7918   4.0 1 1 
	       1173.29  3994.5481  3994.5494   6.0 1 1 
	       1210.82 3993.30265  3993.2989   4.0 1 1 
	       1248.42 3992.04892  3992.0535   6.0 1 1 
	       1257.87 3991.73286  3991.7309   4.0 1 1 
	       1294.92 3990.49016  3990.4922   4.0 1 1 
	       1391.98 3987.20712  3987.2061   6.0 1 1 
	       1460.05 3984.88136  3984.8795   4.0 1 1 
	       1540.51 3982.10753   3982.102   4.0 1 1 
	       1579.55 3980.75179   3980.755   6.0 1 1 
	       1598.48 3980.09209  3980.0896   4.0 1 1 
	       1619.59 3979.35464  3979.3559   6.0 1 1 
	       1757.98 3974.47533  3974.4766   6.0 1 1 
	       1809.46    3972.64  3972.6395   6.0 1 1 
	       1823.01 3972.15492  3972.1545   6.0 1 1 
	       1910.65 3969.00049  3969.0026   6.0 1 1 
	       1954.99 3967.39259  3967.3921   6.0 1 1 
	function chebyshev
	order 4
	sample *
	naverage 1
	niterate 2000
	low_reject 3.
	high_reject 3.
	grow 0.
	coefficients	8
		1.
		4.
		122.0009613037109
		1954.985473632813
		3998.085784404375
		-29.81035546254479
		-0.8871100039818866
		0.004268876053931999

# Mon 16:08:11 14-Aug-2023
begin	identify iazcomp.0001 - Ap 1
	id	iazcomp.0001
	task	identify
	image	iazcomp.0001 - Ap 1
	aperture	1
	aplow	877.07
	aphigh	885.15
	units	Angstroms
	features	37
	        121.93 4027.00518  4027.0091   6.0 1 1 
	        198.43 4024.80385  4024.8025   4.0 1 1 
	        350.27 4020.35931  4020.3541   4.0 1 1 
	        391.61 4019.13197  4019.1289   6.0 1 1 
	        538.39 4014.71489  4014.7164   6.0 1 1 
	        566.54 4013.85729  4013.8566   6.0 1 1 
	        611.03 4012.49489  4012.4952   6.0 1 1 
	        635.63 4011.73783  4011.7398   4.0 1 1 
	        749.20 4008.20954  4008.2102   4.0 1 1 
	        787.14 4007.01859  4007.0188   4.0 1 1 
	        807.56 4006.37516  4006.3806   4.0 1 1 
	        820.74 4005.95867  4005.9615   4.0 1 1 
	        848.07 4005.09334  4005.0928   4.0 1 1 
	        904.03 4003.31082  4003.3086   4.0 1 1 
	        948.35 4001.89002  4001.8935   4.0 1 1 
	        974.17 4001.05838  4001.0581   4.0 1 1 
	        998.22 4000.28118  4000.2811   6.0 1 1 
	       1039.21   3998.951  3998.9526   4.0 1 1 
	       1108.88 3996.67399  3996.6687   4.0 1 1 
	       1127.37 3996.06618  3996.0617   4.0 1 1 
	       1166.01 3994.79129  3994.7918   4.0 1 1 
	       1173.35 3994.54851  3994.5494   6.0 1 1 
	       1210.86 3993.30381  3993.2989   4.0 1 1 
	       1248.51 3992.04874  3992.0535   6.0 1 1 
	       1257.85 3991.73652  3991.7309   4.0 1 1 
	       1295.01 3990.49046  3990.4922   4.0 1 1 
	       1392.14 3987.20606  3987.2061   6.0 1 1 
	       1460.46 3984.87228  3984.8795   4.0 1 1 
	       1540.63 3982.10927   3982.102   4.0 1 1 
	       1579.73 3980.75196   3980.755   6.0 1 1 
	       1598.78  3980.0885  3980.0896   4.0 1 1 
	       1619.76 3979.35601  3979.3559   6.0 1 1 
	       1758.18 3974.47736  3974.4766   6.0 1 1 
	       1809.81 3972.63751  3972.6395   6.0 1 1 
	       1823.29 3972.15548  3972.1545   6.0 1 1 
	       1910.95 3969.00187  3969.0026   6.0 1 1 
	       1955.33 3967.39319  3967.3921   6.0 1 1 
	function chebyshev
	order 4
	sample *
	naverage 1
	niterate 2000
	low_reject 3.
	high_reject 3.
	grow 0.
	coefficients	8
		1.
		4.
		121.9268798828125
		1955.32861328125
		3998.084590879463
		-29.81081407595259
		-0.8854047355849687
		0.004822441423508649

