# Tue 22:40:35 07-Sep-2021
begin	identify iazcomp.0018 - Ap 18
	id	iazcomp.0018
	task	identify
	image	iazcomp.0018 - Ap 18
	aperture	18
	aplow	1212.58
	aphigh	1221.89
	units	Angstroms
	features	43
	         23.42 4980.94749  4980.9513   4.0 1 1 
	         45.13 4980.18785  4980.1859   4.0 1 1 
	        164.97 4975.95185  4975.9485   4.0 1 1 
	        270.52 4972.16076  4972.1597   4.0 1 1 
	        363.99 4968.75493  4968.7556   4.0 1 1 
	        445.95 4965.73111  4965.7315   4.0 1 1 
	        463.48 4965.07962  4965.0795   4.0 1 1 
	        514.25 4963.18418  4963.1881   4.0 1 1 
	        553.08 4961.72506   4961.726   4.0 1 1 
	        632.14 4958.72985   4958.724   4.0 1 1 
	        648.74 4958.09646  4958.0988   4.0 1 1 
	        669.63 4957.29748  4957.2963   4.0 1 1 
	        788.84  4952.6939  4952.6908   4.0 1 1 
	        841.71  4950.6278  4950.6264   4.0 1 1 
	        851.42 4950.24668  4950.2513   4.0 1 1 
	        919.28 4947.56893  4947.5752   4.0 1 1 
	        942.08 4946.66398  4946.6637   4.0 1 1 
	        972.33 4945.45867  4945.4587   4.0 1 1 
	       1032.14 4943.06091  4943.0642   4.0 1 1 
	       1072.88 4941.41698   4941.416   4.0 1 1 
	       1116.57 4939.64377  4939.6422   4.0 1 1 
	       1160.95 4937.83198  4937.8295   4.0 1 1 
	       1186.64  4936.7788  4936.7746   4.0 1 1 
	       1257.56 4933.85223  4933.8521   4.0 1 1 
	       1273.00 4933.21153  4933.2091   4.0 1 1 
	       1350.25 4929.98673   4929.985   4.0 1 1 
	       1371.72 4929.08486   4929.086   4.0 1 1 
	       1402.67 4927.78083  4927.7803   4.0 1 1 
	       1414.01 4927.30161  4927.2988   4.0 1 1 
	       1458.41 4925.41895  4925.4254   4.0 1 1 
	       1481.90  4924.4187  4924.4223   4.0 1 1 
	       1516.34 4922.94719  4922.9442   4.0 1 1 
	       1547.41 4921.61431  4921.6134   4.0 1 1 
	       1589.16 4919.81523  4919.8157   4.0 1 1 
	       1690.45 4915.41346  4915.4155   4.0 1 1 
	       1756.18 4912.52852  4912.5293   4.0 1 1 
	       1767.35 4912.03631  4912.0428   4.0 1 1 
	       1782.18 4911.38172  4911.3787   4.0 1 1 
	       1795.43 4910.79579  4910.7929   4.0 1 1 
	       1809.82 4910.15858  4910.1576   4.0 1 1 
	       1876.11 4907.20946  4907.2093   4.0 1 1 
	       1930.93  4904.7544  4904.7516   4.0 1 1 
	       1990.87 4902.05284  4902.0545   4.0 1 1 
	function chebyshev
	order 5
	sample *
	naverage 1
	niterate 2000
	low_reject 3.
	high_reject 3.
	grow 0.
	coefficients	9
		1.
		5.
		23.41879272460938
		1990.870483398438
		4942.778081609726
		-39.4505045334312
		-1.282561771751147
		0.003181541984751456
		0.00464430985397988

# Fri 10:54:38 11-Mar-2022
begin	identify iazcomp.0018 - Ap 18
	id	iazcomp.0018
	task	identify
	image	iazcomp.0018 - Ap 18
	aperture	18
	aplow	1212.58
	aphigh	1221.89
	units	Angstroms
	features	41
	          7.97 4980.94716  4980.9513   4.0 1 1 
	         29.68 4980.18765  4980.1859   4.0 1 1 
	        149.50 4975.95314  4975.9485   4.0 1 1 
	        255.09 4972.16138  4972.1597   4.0 1 1 
	        348.62  4968.7546  4968.7556   4.0 1 1 
	        430.65 4965.72927  4965.7315   4.0 1 1 
	        448.15 4965.07929  4965.0795   4.0 1 1 
	        498.90 4963.18515  4963.1881   4.0 1 1 
	        537.79 4961.72434   4961.726   4.0 1 1 
	        616.90 4958.72846   4958.724   4.0 1 1 
	        633.48 4958.09633  4958.0988   4.0 1 1 
	        654.40  4957.2967  4957.2963   4.0 1 1 
	        773.65 4952.69345  4952.6908   4.0 1 1 
	        826.55 4950.62711  4950.6264   4.0 1 1 
	        926.97 4946.66352  4946.6637   4.0 1 1 
	        957.24 4945.45793  4945.4587   4.0 1 1 
	       1017.13 4943.05879  4943.0642   4.0 1 1 
	       1057.83 4941.41719   4941.416   4.0 1 1 
	       1101.57 4939.64282  4939.6422   4.0 1 1 
	       1146.00 4937.83046  4937.8295   4.0 1 1 
	       1171.69 4936.77762  4936.7746   4.0 1 1 
	       1242.64 4933.85154  4933.8521   4.0 1 1 
	       1258.10 4933.21041  4933.2091   4.0 1 1 
	       1335.40 4929.98572   4929.985   4.0 1 1 
	       1356.86 4929.08465   4929.086   4.0 1 1 
	       1387.85  4927.7796  4927.7803   4.0 1 1 
	       1399.22  4927.2993  4927.2988   4.0 1 1 
	       1467.09 4924.41931  4924.4223   4.0 1 1 
	       1501.55 4922.94771  4922.9442   4.0 1 1 
	       1532.65 4921.61401  4921.6134   4.0 1 1 
	       1574.45 4919.81425  4919.8157   4.0 1 1 
	       1741.56 4912.52797  4912.5293   4.0 1 1 
	       1752.65 4912.03938  4912.0428   4.0 1 1 
	       1767.56 4911.38165  4911.3787   4.0 1 1 
	       1780.82 4910.79568  4910.7929   4.0 1 1 
	       1786.44 4910.54699  4910.5488   4.0 1 1 
	       1795.25 4910.15688  4910.1576   4.0 1 1 
	       1861.57  4907.2081  4907.2093   4.0 1 1 
	       1916.40  4904.7539  4904.7516   4.0 1 1 
	       1959.88 4902.79686  4902.7943   4.0 1 1 
	       1976.39 4902.05171  4902.0545   4.0 1 1 
	function chebyshev
	order 5
	sample *
	naverage 1
	niterate 2000
	low_reject 3.
	high_reject 3.
	grow 0.
	coefficients	9
		1.
		5.
		7.968195438385009
		1976.389038085937
		4942.775418648428
		-39.45030946226617
		-1.28059075226458
		0.002581588342610836
		0.004608666143774338

# Tue 15:08:37 29-Mar-2022
begin	identify iazcomp.0018 - Ap 18
	id	iazcomp.0018
	task	identify
	image	iazcomp.0018 - Ap 18
	aperture	18
	aplow	1212.58
	aphigh	1221.89
	units	Angstroms
	features	41
	          8.59 4980.94839  4980.9513   4.0 1 1 
	         30.39 4980.18593  4980.1859   4.0 1 1 
	        150.18 4975.95349  4975.9485   4.0 1 1 
	        255.79 4972.16097  4972.1597   4.0 1 1 
	        349.28 4968.75544  4968.7556   4.0 1 1 
	        431.31 4965.72984  4965.7315   4.0 1 1 
	        448.81 4965.07984  4965.0795   4.0 1 1 
	        499.60   4963.184  4963.1881   4.0 1 1 
	        538.44 4961.72485   4961.726   4.0 1 1 
	        617.57 4958.72763   4958.724   4.0 1 1 
	        634.13 4958.09629  4958.0988   4.0 1 1 
	        655.03 4957.29714  4957.2963   4.0 1 1 
	        774.27 4952.69385  4952.6908   4.0 1 1 
	        827.19 4950.62642  4950.6264   4.0 1 1 
	        927.57 4946.66332  4946.6637   4.0 1 1 
	        957.85 4945.45759  4945.4587   4.0 1 1 
	       1017.71 4943.05896  4943.0642   4.0 1 1 
	       1058.42 4941.41682   4941.416   4.0 1 1 
	       1102.16 4939.64242  4939.6422   4.0 1 1 
	       1146.57 4937.83051  4937.8295   4.0 1 1 
	       1172.26  4936.7775  4936.7746   4.0 1 1 
	       1243.22 4933.85106  4933.8521   4.0 1 1 
	       1258.66 4933.21066  4933.2091   4.0 1 1 
	       1335.93 4929.98698   4929.985   4.0 1 1 
	       1357.43 4929.08412   4929.086   4.0 1 1 
	       1388.39 4927.78023  4927.7803   4.0 1 1 
	       1399.78 4927.29927  4927.2988   4.0 1 1 
	       1467.63 4924.41988  4924.4223   4.0 1 1 
	       1502.08 4922.94871  4922.9442   4.0 1 1 
	       1533.20 4921.61405  4921.6134   4.0 1 1 
	       1574.99 4919.81466  4919.8157   4.0 1 1 
	       1742.10 4912.52808  4912.5293   4.0 1 1 
	       1753.28 4912.03529  4912.0428   4.0 1 1 
	       1768.09 4911.38192  4911.3787   4.0 1 1 
	       1781.36 4910.79528  4910.7929   4.0 1 1 
	       1786.96 4910.54756  4910.5488   4.0 1 1 
	       1795.76 4910.15791  4910.1576   4.0 1 1 
	       1862.11 4907.20766  4907.2093   4.0 1 1 
	       1916.92 4904.75405  4904.7516   4.0 1 1 
	       1960.40 4902.79716  4902.7943   4.0 1 1 
	       1976.89 4902.05228  4902.0545   4.0 1 1 
	function chebyshev
	order 5
	sample *
	naverage 1
	niterate 2000
	low_reject 3.
	high_reject 3.
	grow 0.
	coefficients	9
		1.
		5.
		8.587175369262695
		1976.893920898438
		4942.77694874814
		-39.45118399169415
		-1.280720118965384
		0.003133168954953972
		0.004106347672530522

# Mon 19:02:20 30-Jan-2023
begin	identify iazcomp.0018 - Ap 18
	id	iazcomp.0018
	task	identify
	image	iazcomp.0018 - Ap 18
	aperture	18
	aplow	1212.58
	aphigh	1221.89
	units	Angstroms
	features	43
	         20.58 4980.94711  4980.9513   4.0 1 1 
	         42.26 4980.18888  4980.1859   4.0 1 1 
	        162.23 4975.94979  4975.9485   4.0 1 1 
	        267.70 4972.16228  4972.1597   4.0 1 1 
	        361.23 4968.75521  4968.7556   4.0 1 1 
	        443.21 4965.73112  4965.7315   4.0 1 1 
	        460.73 4965.08053  4965.0795   4.0 1 1 
	        511.56 4963.18311  4963.1881   4.0 1 1 
	        550.35 4961.72561   4961.726   4.0 1 1 
	        629.48 4958.72821   4958.724   4.0 1 1 
	        646.05  4958.0962  4958.0988   4.0 1 1 
	        666.94  4957.2976  4957.2963   4.0 1 1 
	        786.15  4952.6945  4952.6908   4.0 1 1 
	        839.04 4950.62782  4950.6264   4.0 1 1 
	        848.74 4950.24691  4950.2513   4.0 1 1 
	        916.60 4947.56973  4947.5752   4.0 1 1 
	        939.42 4946.66404  4946.6637   4.0 1 1 
	        969.67 4945.45876  4945.4587   4.0 1 1 
	       1029.50 4943.06061  4943.0642   4.0 1 1 
	       1070.22 4941.41736   4941.416   4.0 1 1 
	       1113.94 4939.64337  4939.6422   4.0 1 1 
	       1158.34  4937.8313  4937.8295   4.0 1 1 
	       1183.99 4936.77941  4936.7746   4.0 1 1 
	       1254.94 4933.85193  4933.8521   4.0 1 1 
	       1270.39 4933.21096  4933.2091   4.0 1 1 
	       1347.63 4929.98706   4929.985   4.0 1 1 
	       1369.16 4929.08277   4929.086   4.0 1 1 
	       1400.09 4927.77972  4927.7803   4.0 1 1 
	       1411.45 4927.29987  4927.2988   4.0 1 1 
	       1479.31 4924.41843  4924.4223   4.0 1 1 
	       1513.73 4922.94804  4922.9442   4.0 1 1 
	       1544.84 4921.61377  4921.6134   4.0 1 1 
	       1586.61 4919.81404  4919.8157   4.0 1 1 
	       1687.92 4915.41231  4915.4155   4.0 1 1 
	       1753.67 4912.52747  4912.5293   4.0 1 1 
	       1779.67 4911.38057  4911.3787   4.0 1 1 
	       1792.93 4910.79457  4910.7929   4.0 1 1 
	       1798.46 4910.54978  4910.5488   4.0 1 1 
	       1807.33  4910.1566  4910.1576   4.0 1 1 
	       1873.65  4907.2071  4907.2093   4.0 1 1 
	       1928.45 4904.75359  4904.7516   4.0 1 1 
	       1971.90 4902.79778  4902.7943   4.0 1 1 
	       1988.43 4902.05136  4902.0545   4.0 1 1 
	function chebyshev
	order 5
	sample *
	naverage 1
	niterate 2000
	low_reject 3.
	high_reject 3.
	grow 0.
	coefficients	9
		1.
		5.
		20.57812881469727
		1988.429931640625
		4942.777285036807
		-39.45186116852318
		-1.282801168772733
		0.00398756492674323
		0.004750504490902145

# Fri 11:53:45 03-Feb-2023
begin	identify iazcomp.0018 - Ap 18
	id	iazcomp.0018
	task	identify
	image	iazcomp.0018 - Ap 18
	aperture	18
	aplow	1212.58
	aphigh	1221.89
	units	Angstroms
	features	43
	         19.17 4980.94731  4980.9513   4.0 1 1 
	         40.87 4980.18826  4980.1859   4.0 1 1 
	        160.80 4975.95131  4975.9485   4.0 1 1 
	        266.37 4972.16079  4972.1597   4.0 1 1 
	        359.87 4968.75532  4968.7556   4.0 1 1 
	        441.87 4965.73117  4965.7315   4.0 1 1 
	        459.41 4965.07974  4965.0795   4.0 1 1 
	        510.21 4963.18389  4963.1881   4.0 1 1 
	        549.05 4961.72485   4961.726   4.0 1 1 
	        628.10 4958.73107   4958.724   4.0 1 1 
	        644.73 4958.09687  4958.0988   4.0 1 1 
	        665.67 4957.29652  4957.2963   4.0 1 1 
	        784.92 4952.69267  4952.6908   4.0 1 1 
	        837.78 4950.62761  4950.6264   4.0 1 1 
	        847.49 4950.24684  4950.2513   4.0 1 1 
	        915.36 4947.56975  4947.5752   4.0 1 1 
	        938.19 4946.66369  4946.6637   4.0 1 1 
	        968.43   4945.459  4945.4587   4.0 1 1 
	       1028.26  4943.0614  4943.0642   4.0 1 1 
	       1069.00 4941.41769   4941.416   4.0 1 1 
	       1112.73 4939.64357  4939.6422   4.0 1 1 
	       1157.14  4937.8311  4937.8295   4.0 1 1 
	       1182.81 4936.77896  4936.7746   4.0 1 1 
	       1253.76 4933.85176  4933.8521   4.0 1 1 
	       1269.21 4933.21087  4933.2091   4.0 1 1 
	       1346.47  4929.9867   4929.985   4.0 1 1 
	       1367.96 4929.08439   4929.086   4.0 1 1 
	       1398.93 4927.77976  4927.7803   4.0 1 1 
	       1410.29 4927.29986  4927.2988   4.0 1 1 
	       1478.17 4924.41822  4924.4223   4.0 1 1 
	       1512.61 4922.94693  4922.9442   4.0 1 1 
	       1543.69 4921.61373  4921.6134   4.0 1 1 
	       1585.47 4919.81399  4919.8157   4.0 1 1 
	       1686.77 4915.41292  4915.4155   4.0 1 1 
	       1752.53 4912.52781  4912.5293   4.0 1 1 
	       1778.54 4911.38038  4911.3787   4.0 1 1 
	       1791.79 4910.79484  4910.7929   4.0 1 1 
	       1797.36 4910.54834  4910.5488   4.0 1 1 
	       1806.20 4910.15704  4910.1576   4.0 1 1 
	       1872.50 4907.20834  4907.2093   4.0 1 1 
	       1927.35 4904.75258  4904.7516   4.0 1 1 
	       1970.77 4902.79785  4902.7943   4.0 1 1 
	       1987.30 4902.05152  4902.0545   4.0 1 1 
	function chebyshev
	order 5
	sample *
	naverage 1
	niterate 2000
	low_reject 3.
	high_reject 3.
	grow 0.
	coefficients	9
		1.
		5.
		19.16691398620606
		1987.300170898438
		4942.778231263899
		-39.45131845601161
		-1.283599925418449
		0.003423026662395461
		0.004787284391916297

# Mon 14:50:55 06-Feb-2023
begin	identify iazcomp.0018 - Ap 18
	id	iazcomp.0018
	task	identify
	image	iazcomp.0018 - Ap 18
	aperture	18
	aplow	1212.58
	aphigh	1221.89
	units	Angstroms
	features	43
	         16.60 4980.94717  4980.9513   4.0 1 1 
	         38.30 4980.18827  4980.1859   4.0 1 1 
	        158.24 4975.95173  4975.9485   4.0 1 1 
	        263.87 4972.16035  4972.1597   4.0 1 1 
	        357.38 4968.75555  4968.7556   4.0 1 1 
	        439.43 4965.73055  4965.7315   4.0 1 1 
	        456.96 4965.07989  4965.0795   4.0 1 1 
	        507.75 4963.18454  4963.1881   4.0 1 1 
	        546.62 4961.72507   4961.726   4.0 1 1 
	        625.74 4958.72951   4958.724   4.0 1 1 
	        642.31 4958.09795  4958.0988   4.0 1 1 
	        663.29 4957.29617  4957.2963   4.0 1 1 
	        782.54 4952.69406  4952.6908   4.0 1 1 
	        835.46 4950.62729  4950.6264   4.0 1 1 
	        845.16 4950.24665  4950.2513   4.0 1 1 
	        913.06 4947.56942  4947.5752   4.0 1 1 
	        935.88 4946.66405  4946.6637   4.0 1 1 
	        966.16 4945.45836  4945.4587   4.0 1 1 
	       1026.02  4943.0601  4943.0642   4.0 1 1 
	       1066.71 4941.41884   4941.416   4.0 1 1 
	       1110.49 4939.64336  4939.6422   4.0 1 1 
	       1154.91 4937.83125  4937.8295   4.0 1 1 
	       1180.59 4936.77874  4936.7746   4.0 1 1 
	       1251.55 4933.85227  4933.8521   4.0 1 1 
	       1267.01 4933.21089  4933.2091   4.0 1 1 
	       1344.30 4929.98648   4929.985   4.0 1 1 
	       1365.80 4929.08418   4929.086   4.0 1 1 
	       1396.75 4927.78026  4927.7803   4.0 1 1 
	       1408.15 4927.29922  4927.2988   4.0 1 1 
	       1476.02 4924.41868  4924.4223   4.0 1 1 
	       1510.47 4922.94734  4922.9442   4.0 1 1 
	       1541.56 4921.61429  4921.6134   4.0 1 1 
	       1583.36 4919.81414  4919.8157   4.0 1 1 
	       1684.70 4915.41213  4915.4155   4.0 1 1 
	       1750.47 4912.52734  4912.5293   4.0 1 1 
	       1776.46 4911.38106  4911.3787   4.0 1 1 
	       1789.73   4910.795  4910.7929   4.0 1 1 
	       1795.33 4910.54691  4910.5488   4.0 1 1 
	       1804.15 4910.15656  4910.1576   4.0 1 1 
	       1870.43 4907.20928  4907.2093   4.0 1 1 
	       1925.30 4904.75324  4904.7516   4.0 1 1 
	       1968.74 4902.79802  4902.7943   4.0 1 1 
	       1985.29 4902.05102  4902.0545   4.0 1 1 
	function chebyshev
	order 5
	sample *
	naverage 1
	niterate 2000
	low_reject 3.
	high_reject 3.
	grow 0.
	coefficients	9
		1.
		5.
		16.59616470336914
		1985.286376953125
		4942.77835083404
		-39.45110676249185
		-1.28404200179494
		0.003027668468423216
		0.004785536199535648

# Mon 15:27:13 27-Feb-2023
begin	identify iazcomp.0018 - Ap 18
	id	iazcomp.0018
	task	identify
	image	iazcomp.0018 - Ap 18
	aperture	18
	aplow	1212.58
	aphigh	1221.89
	units	Angstroms
	features	40
	         21.55 4980.94834  4980.9513   4.0 1 1 
	         43.31 4980.18683  4980.1859   4.0 1 1 
	        163.10 4975.95272  4975.9485   4.0 1 1 
	        268.67  4972.1605  4972.1597   4.0 1 1 
	        362.16 4968.75451  4968.7556   4.0 1 1 
	        444.13 4965.73059  4965.7315   4.0 1 1 
	        461.65 4965.07974  4965.0795   4.0 1 1 
	        512.45 4963.18345  4963.1881   4.0 1 1 
	        551.28 4961.72472   4961.726   4.0 1 1 
	        630.35 4958.72905   4958.724   4.0 1 1 
	        646.92 4958.09724  4958.0988   4.0 1 1 
	        667.85 4957.29689  4957.2963   4.0 1 1 
	        787.00 4952.69576  4952.6908   4.0 1 1 
	        839.92 4950.62778  4950.6264   4.0 1 1 
	        849.60 4950.24814  4950.2513   4.0 1 1 
	        917.48 4947.56986  4947.5752   4.0 1 1 
	        940.28  4946.6645  4946.6637   4.0 1 1 
	        970.54 4945.45884  4945.4587   4.0 1 1 
	       1030.37 4943.06076  4943.0642   4.0 1 1 
	       1071.09  4941.4173   4941.416   4.0 1 1 
	       1114.80 4939.64338  4939.6422   4.0 1 1 
	       1159.21 4937.83056  4937.8295   4.0 1 1 
	       1184.88 4936.77806  4936.7746   4.0 1 1 
	       1255.80 4933.85137  4933.8521   4.0 1 1 
	       1271.23 4933.21072  4933.2091   4.0 1 1 
	       1348.47  4929.9867   4929.985   4.0 1 1 
	       1369.97 4929.08347   4929.086   4.0 1 1 
	       1400.91 4927.77948  4927.7803   4.0 1 1 
	       1412.27 4927.29958  4927.2988   4.0 1 1 
	       1480.11 4924.41874  4924.4223   4.0 1 1 
	       1514.53 4922.94785  4922.9442   4.0 1 1 
	       1545.63 4921.61373  4921.6134   4.0 1 1 
	       1587.42 4919.81291  4919.8157   4.0 1 1 
	       1754.43 4912.52657  4912.5293   4.0 1 1 
	       1780.41 4911.38052  4911.3787   4.0 1 1 
	       1793.66 4910.79477  4910.7929   4.0 1 1 
	       1808.07 4910.15662  4910.1576   4.0 1 1 
	       1874.33 4907.20922  4907.2093   4.0 1 1 
	       1929.17 4904.75351  4904.7516   4.0 1 1 
	       1989.10 4902.05331  4902.0545   4.0 1 1 
	function chebyshev
	order 5
	sample *
	naverage 1
	niterate 2000
	low_reject 3.
	high_reject 3.
	grow 0.
	coefficients	9
		1.
		5.
		21.54817390441894
		1989.099853515625
		4942.778624145312
		-39.45095069166176
		-1.28309731547363
		0.003433680718544276
		0.00529761285543614

# Tue 13:40:15 16-May-2023
begin	identify iazcomp.0018 - Ap 18
	id	iazcomp.0018
	task	identify
	image	iazcomp.0018 - Ap 18
	aperture	18
	aplow	1212.58
	aphigh	1221.89
	units	Angstroms
	features	40
	         20.75 4980.94763  4980.9513   4.0 1 1 
	         42.48 4980.18767  4980.1859   4.0 1 1 
	        162.33 4975.95191  4975.9485   4.0 1 1 
	        267.89 4972.16114  4972.1597   4.0 1 1 
	        361.39 4968.75518  4968.7556   4.0 1 1 
	        443.39 4965.73057  4965.7315   4.0 1 1 
	        460.91 4965.07994  4965.0795   4.0 1 1 
	        511.73 4963.18276  4963.1881   4.0 1 1 
	        550.53 4961.72532   4961.726   4.0 1 1 
	        629.66 4958.72802   4958.724   4.0 1 1 
	        646.16 4958.09852  4958.0988   4.0 1 1 
	        667.14 4957.29635  4957.2963   4.0 1 1 
	        786.29 4952.69588  4952.6908   4.0 1 1 
	        839.23 4950.62759  4950.6264   4.0 1 1 
	        848.93 4950.24689  4950.2513   4.0 1 1 
	        916.79 4947.56967  4947.5752   4.0 1 1 
	        939.59 4946.66458  4946.6637   4.0 1 1 
	        969.85 4945.45888  4945.4587   4.0 1 1 
	       1029.69 4943.06043  4943.0642   4.0 1 1 
	       1070.40 4941.41752   4941.416   4.0 1 1 
	       1114.12 4939.64336  4939.6422   4.0 1 1 
	       1158.52 4937.83134  4937.8295   4.0 1 1 
	       1184.19 4936.77857  4936.7746   4.0 1 1 
	       1255.13 4933.85122  4933.8521   4.0 1 1 
	       1270.56 4933.21112  4933.2091   4.0 1 1 
	       1347.80 4929.98691   4929.985   4.0 1 1 
	       1369.32 4929.08299   4929.086   4.0 1 1 
	       1400.26 4927.77933  4927.7803   4.0 1 1 
	       1411.60 4927.30026  4927.2988   4.0 1 1 
	       1479.47 4924.41853  4924.4223   4.0 1 1 
	       1513.89  4922.9478  4922.9442   4.0 1 1 
	       1545.00 4921.61328  4921.6134   4.0 1 1 
	       1586.77 4919.81336  4919.8157   4.0 1 1 
	       1753.82 4912.52678  4912.5293   4.0 1 1 
	       1779.80 4911.38061  4911.3787   4.0 1 1 
	       1793.08 4910.79378  4910.7929   4.0 1 1 
	       1807.48 4910.15633  4910.1576   4.0 1 1 
	       1873.74  4907.2091  4907.2093   4.0 1 1 
	       1928.58 4904.75403  4904.7516   4.0 1 1 
	       1988.53 4902.05347  4902.0545   4.0 1 1 
	function chebyshev
	order 5
	sample *
	naverage 1
	niterate 2000
	low_reject 3.
	high_reject 3.
	grow 0.
	coefficients	9
		1.
		5.
		20.75329971313477
		1988.525512695313
		4942.778406509427
		-39.45089873604953
		-1.283136374991995
		0.003819470802872039
		0.005278099861992557

# Mon 15:28:33 14-Aug-2023
begin	identify iazcomp.0018 - Ap 18
	id	iazcomp.0018
	task	identify
	image	iazcomp.0018 - Ap 18
	aperture	18
	aplow	1212.58
	aphigh	1221.89
	units	Angstroms
	features	40
	         24.45  4980.9481  4980.9513   4.0 1 1 
	         46.19 4980.18715  4980.1859   4.0 1 1 
	        166.00 4975.95203  4975.9485   4.0 1 1 
	        271.53 4972.16101  4972.1597   4.0 1 1 
	        365.00 4968.75494  4968.7556   4.0 1 1 
	        446.96 4965.73089  4965.7315   4.0 1 1 
	        464.47 4965.07996  4965.0795   4.0 1 1 
	        515.27 4963.18288  4963.1881   4.0 1 1 
	        554.08 4961.72437   4961.726   4.0 1 1 
	        633.13 4958.72875   4958.724   4.0 1 1 
	        649.67 4958.09786  4958.0988   4.0 1 1 
	        670.60 4957.29717  4957.2963   4.0 1 1 
	        789.69 4952.69704  4952.6908   4.0 1 1 
	        842.63 4950.62777  4950.6264   4.0 1 1 
	        852.33 4950.24681  4950.2513   4.0 1 1 
	        920.18 4947.56887  4947.5752   4.0 1 1 
	        942.97 4946.66376  4946.6637   4.0 1 1 
	        973.21 4945.45867  4945.4587   4.0 1 1 
	       1033.03 4943.05993  4943.0642   4.0 1 1 
	       1073.71 4941.41785   4941.416   4.0 1 1 
	       1117.41 4939.64356  4939.6422   4.0 1 1 
	       1161.80 4937.83135  4937.8295   4.0 1 1 
	       1187.47  4936.7784  4936.7746   4.0 1 1 
	       1258.37 4933.85158  4933.8521   4.0 1 1 
	       1273.80  4933.2111  4933.2091   4.0 1 1 
	       1351.02 4929.98684   4929.985   4.0 1 1 
	       1372.52 4929.08374   4929.086   4.0 1 1 
	       1403.45 4927.77984  4927.7803   4.0 1 1 
	       1414.80 4927.30017  4927.2988   4.0 1 1 
	       1482.66 4924.41802  4924.4223   4.0 1 1 
	       1517.07 4922.94739  4922.9442   4.0 1 1 
	       1548.17 4921.61292  4921.6134   4.0 1 1 
	       1589.92 4919.81361  4919.8157   4.0 1 1 
	       1756.92 4912.52716  4912.5293   4.0 1 1 
	       1782.90 4911.38068  4911.3787   4.0 1 1 
	       1796.17 4910.79404  4910.7929   4.0 1 1 
	       1810.57 4910.15627  4910.1576   4.0 1 1 
	       1876.84 4907.20832  4907.2093   4.0 1 1 
	       1931.64 4904.75408  4904.7516   4.0 1 1 
	       1991.57 4902.05369  4902.0545   4.0 1 1 
	function chebyshev
	order 5
	sample *
	naverage 1
	niterate 2000
	low_reject 3.
	high_reject 3.
	grow 0.
	coefficients	9
		1.
		5.
		24.44656181335449
		1991.571899414062
		4942.778225029931
		-39.45162209917683
		-1.282346044994704
		0.004417238448454902
		0.005017060049511691

# Mon 16:09:00 14-Aug-2023
begin	identify iazcomp.0018 - Ap 18
	id	iazcomp.0018
	task	identify
	image	iazcomp.0018 - Ap 18
	aperture	18
	aplow	1212.58
	aphigh	1221.89
	units	Angstroms
	features	40
	         24.43 4980.94772  4980.9513   4.0 1 1 
	         46.18 4980.18664  4980.1859   4.0 1 1 
	        165.93 4975.95364  4975.9485   4.0 1 1 
	        271.52 4972.16117  4972.1597   4.0 1 1 
	        365.02 4968.75467  4968.7556   4.0 1 1 
	        447.00 4965.73026  4965.7315   4.0 1 1 
	        464.50 4965.08007  4965.0795   4.0 1 1 
	        515.32 4963.18262  4963.1881   4.0 1 1 
	        554.10 4961.72544   4961.726   4.0 1 1 
	        633.24 4958.72728   4958.724   4.0 1 1 
	        649.71 4958.09889  4958.0988   4.0 1 1 
	        670.71 4957.29597  4957.2963   4.0 1 1 
	        789.83 4952.69567  4952.6908   4.0 1 1 
	        842.75 4950.62769  4950.6264   4.0 1 1 
	        852.43 4950.24792  4950.2513   4.0 1 1 
	        920.30 4947.56966  4947.5752   4.0 1 1 
	        943.10 4946.66438  4946.6637   4.0 1 1 
	        973.36   4945.459  4945.4587   4.0 1 1 
	       1033.19 4943.06041  4943.0642   4.0 1 1 
	       1073.91 4941.41706   4941.416   4.0 1 1 
	       1117.60 4939.64363  4939.6422   4.0 1 1 
	       1162.01 4937.83097  4937.8295   4.0 1 1 
	       1187.67 4936.77857  4936.7746   4.0 1 1 
	       1258.60 4933.85136  4933.8521   4.0 1 1 
	       1274.03 4933.21092  4933.2091   4.0 1 1 
	       1351.27 4929.98658   4929.985   4.0 1 1 
	       1372.75 4929.08422   4929.086   4.0 1 1 
	       1403.70 4927.77977  4927.7803   4.0 1 1 
	       1415.05  4927.3003  4927.2988   4.0 1 1 
	       1482.92 4924.41828  4924.4223   4.0 1 1 
	       1517.33 4922.94774  4922.9442   4.0 1 1 
	       1548.45 4921.61272  4921.6134   4.0 1 1 
	       1590.21 4919.81312  4919.8157   4.0 1 1 
	       1757.22 4912.52694  4912.5293   4.0 1 1 
	       1783.22  4911.3801  4911.3787   4.0 1 1 
	       1796.47 4910.79421  4910.7929   4.0 1 1 
	       1810.86 4910.15701  4910.1576   4.0 1 1 
	       1877.15 4907.20821  4907.2093   4.0 1 1 
	       1931.96 4904.75386  4904.7516   4.0 1 1 
	       1991.88 4902.05392  4902.0545   4.0 1 1 
	function chebyshev
	order 5
	sample *
	naverage 1
	niterate 2000
	low_reject 3.
	high_reject 3.
	grow 0.
	coefficients	9
		1.
		5.
		24.42645263671875
		1991.884033203125
		4942.778393841875
		-39.45059960982607
		-1.282738085688205
		0.003701810670337522
		0.005162095973125889

