# Tue 22:44:28 07-Sep-2021
begin	identify iazcomp.0031 - Ap 31
	id	iazcomp.0031
	task	identify
	image	iazcomp.0031 - Ap 31
	aperture	31
	aplow	1402.08
	aphigh	1411.35
	units	Angstroms
	features	40
	         18.64 6078.42059  6078.4212   4.0 1 1 
	         31.49 6077.87275  6077.8728   4.0 1 1 
	         49.45 6077.10469  6077.1057   4.0 1 1 
	        142.27 6073.10442  6073.1036   4.0 1 1 
	        235.71 6069.02236  6069.0207   4.0 1 1 
	        403.86 6061.53721  6061.5361   4.0 1 1 
	        451.72 6059.37361  6059.3725   4.0 1 1 
	        534.58 6055.59302  6055.5937   4.0 1 1 
	        582.62 6053.38088  6053.3808   4.0 1 1 
	        596.86 6052.72227  6052.7229   4.0 1 1 
	        634.36 6050.98154  6050.9818   4.0 1 1 
	        675.75 6049.04977   6049.051   4.0 1 1 
	        721.60  6046.8963  6046.8977   4.0 1 1 
	        799.15 6043.22357  6043.2233   4.0 1 1 
	        812.44 6042.59054  6042.5898   4.0 1 1 
	        893.97 6038.67989  6038.6805   4.0 1 1 
	        914.33 6037.69658  6037.6975   4.0 1 1 
	        933.68 6036.75904  6036.7622   4.0 1 1 
	        965.95 6035.19129  6035.1923   4.0 1 1 
	       1013.40 6032.87298  6032.8726   4.0 1 1 
	       1028.57 6032.12837  6032.1274   4.0 1 1 
	       1062.79 6030.44429   6030.445   4.0 1 1 
	       1087.38 6029.22906  6029.2257   4.0 1 1 
	       1169.26 6025.15436    6025.15   4.0 1 1 
	       1207.80 6023.22183  6023.2242   4.0 1 1 
	       1251.16 6021.03544  6021.0357   4.0 1 1 
	       1291.43 6018.99417  6018.9934   4.0 1 1 
	       1361.38 6015.42307  6015.4218   4.0 1 1 
	       1395.36 6013.67683  6013.6777   4.0 1 1 
	       1463.33 6010.16163  6010.1606   4.0 1 1 
	       1522.59 6007.07231  6007.0722   4.0 1 1 
	       1558.95 6005.16575   6005.165   4.0 1 1 
	       1634.03 6001.20189  6001.2033   4.0 1 1 
	       1675.48 5998.99867  5998.9987   4.0 1 1 
	       1719.84 5996.62813  5996.6297   4.0 1 1 
	       1766.38 5994.12762  5994.1287   4.0 1 1 
	       1824.13 5991.00567  5991.0071   4.0 1 1 
	       1860.22 5989.04416  5989.0447   4.0 1 1 
	       1892.16 5987.30152  5987.3016   4.0 1 1 
	       1911.02 5986.26964  5986.2665   4.0 1 1 
	function chebyshev
	order 5
	sample *
	naverage 1
	niterate 2000
	low_reject 3.
	high_reject 3.
	grow 0.
	coefficients	9
		1.
		5.
		18.64485931396484
		1911.0166015625
		6033.792470331965
		-46.07511796203586
		-1.450232080993766
		-3.582928514568599E-4
		0.002873307564352041

# Fri 11:00:35 11-Mar-2022
begin	identify iazcomp.0031 - Ap 31
	id	iazcomp.0031
	task	identify
	image	iazcomp.0031 - Ap 31
	aperture	31
	aplow	1402.08
	aphigh	1411.35
	units	Angstroms
	features	41
	         15.57 6077.87164  6077.8728   4.0 1 1 
	         33.50 6077.10536  6077.1057   4.0 1 1 
	        126.36 6073.10444  6073.1036   4.0 1 1 
	        219.84 6069.02205  6069.0207   4.0 1 1 
	        388.04 6061.53723  6061.5361   4.0 1 1 
	        435.94 6059.37274  6059.3725   4.0 1 1 
	        518.79 6055.59413  6055.5937   4.0 1 1 
	        566.87 6053.38068  6053.3808   4.0 1 1 
	        581.13 6052.72159  6052.7229   4.0 1 1 
	        618.63 6050.98176  6050.9818   4.0 1 1 
	        660.04 6049.04955   6049.051   4.0 1 1 
	        705.89 6046.89786  6046.8977   4.0 1 1 
	        783.50 6043.22385  6043.2233   4.0 1 1 
	        796.81 6042.59011  6042.5898   4.0 1 1 
	        878.37 6038.68006  6038.6805   4.0 1 1 
	        898.74 6037.69672  6037.6975   4.0 1 1 
	        918.10 6036.75969  6036.7622   4.0 1 1 
	        950.38 6035.19171  6035.1923   4.0 1 1 
	        997.86 6032.87365  6032.8726   4.0 1 1 
	       1013.05 6032.12867  6032.1274   4.0 1 1 
	       1047.27 6030.44496   6030.445   4.0 1 1 
	       1063.46 6029.64621    6029.65   4.0 1 1 
	       1071.89 6029.22938  6029.2257   4.0 1 1 
	       1192.38  6023.2216  6023.2242   4.0 1 1 
	       1235.75 6021.03655  6021.0357   4.0 1 1 
	       1276.04  6018.9953  6018.9934   4.0 1 1 
	       1346.04 6015.42376  6015.4218   4.0 1 1 
	       1380.02 6013.67834  6013.6777   4.0 1 1 
	       1448.04  6010.1625  6010.1606   4.0 1 1 
	       1507.34  6007.0736  6007.0722   4.0 1 1 
	       1543.72 6005.16662   6005.165   4.0 1 1 
	       1608.91 6001.72919  6001.7339   4.0 1 1 
	       1618.84 6001.20308  6001.2033   4.0 1 1 
	       1660.31 5998.99951  5998.9987   4.0 1 1 
	       1704.68 5996.62977  5996.6297   4.0 1 1 
	       1751.27 5994.12822  5994.1287   4.0 1 1 
	       1763.12 5993.48933  5993.4941   4.0 1 1 
	       1809.05 5991.00653  5991.0071   4.0 1 1 
	       1845.16 5989.04451  5989.0447   4.0 1 1 
	       1877.12 5987.30178  5987.3016   4.0 1 1 
	       1895.98 5986.27023  5986.2665   4.0 1 1 
	function chebyshev
	order 5
	sample *
	naverage 1
	niterate 2000
	low_reject 3.
	high_reject 3.
	grow 0.
	coefficients	9
		1.
		5.
		15.57182884216309
		1895.976196289063
		6033.497418134639
		-45.79978421788892
		-1.429133612262256
		-9.202164414472823E-4
		0.002648022963401911

# Tue 15:32:22 29-Mar-2022
begin	identify iazcomp.0031 - Ap 31
	id	iazcomp.0031
	task	identify
	image	iazcomp.0031 - Ap 31
	aperture	31
	aplow	1402.08
	aphigh	1411.35
	units	Angstroms
	features	41
	         16.24 6077.87275  6077.8728   4.0 1 1 
	         34.21 6077.10448  6077.1057   4.0 1 1 
	        127.05 6073.10422  6073.1036   4.0 1 1 
	        220.55 6069.02115  6069.0207   4.0 1 1 
	        388.69 6061.53801  6061.5361   4.0 1 1 
	        436.59 6059.37367  6059.3725   4.0 1 1 
	        519.46 6055.59337  6055.5937   4.0 1 1 
	        567.53 6053.38068  6053.3808   4.0 1 1 
	        581.77 6052.72212  6052.7229   4.0 1 1 
	        619.28 6050.98177  6050.9818   4.0 1 1 
	        660.68 6049.04994   6049.051   4.0 1 1 
	        706.54 6046.89712  6046.8977   4.0 1 1 
	        784.13 6043.22413  6043.2233   4.0 1 1 
	        797.43 6042.59026  6042.5898   4.0 1 1 
	        879.00 6038.67968  6038.6805   4.0 1 1 
	        899.36 6037.69662  6037.6975   4.0 1 1 
	        918.74 6036.75818  6036.7622   4.0 1 1 
	        950.99 6035.19193  6035.1923   4.0 1 1 
	        998.45 6032.87408  6032.8726   4.0 1 1 
	       1013.65 6032.12894  6032.1274   4.0 1 1 
	       1047.87 6030.44507   6030.445   4.0 1 1 
	       1064.09 6029.64467    6029.65   4.0 1 1 
	       1072.46 6029.23055  6029.2257   4.0 1 1 
	       1192.96 6023.22223  6023.2242   4.0 1 1 
	       1236.33 6021.03654  6021.0357   4.0 1 1 
	       1276.60 6018.99575  6018.9934   4.0 1 1 
	       1346.61 6015.42348  6015.4218   4.0 1 1 
	       1380.58  6013.6787  6013.6777   4.0 1 1 
	       1448.60 6010.16275  6010.1606   4.0 1 1 
	       1507.90 6007.07306  6007.0722   4.0 1 1 
	       1544.28  6005.1663   6005.165   4.0 1 1 
	       1609.45 6001.72954  6001.7339   4.0 1 1 
	       1619.39 6001.20277  6001.2033   4.0 1 1 
	       1660.85 5999.00006  5998.9987   4.0 1 1 
	       1705.24 5996.62883  5996.6297   4.0 1 1 
	       1751.80 5994.12847  5994.1287   4.0 1 1 
	       1763.66 5993.48942  5993.4941   4.0 1 1 
	       1809.58 5991.00648  5991.0071   4.0 1 1 
	       1845.69 5989.04477  5989.0447   4.0 1 1 
	       1877.64 5987.30208  5987.3016   4.0 1 1 
	       1896.51  5986.2699  5986.2665   4.0 1 1 
	function chebyshev
	order 5
	sample *
	naverage 1
	niterate 2000
	low_reject 3.
	high_reject 3.
	grow 0.
	coefficients	9
		1.
		5.
		16.23788833618164
		1896.505859375
		6033.498025011626
		-45.80080424500106
		-1.42921963147016
		-6.197535612962510E-4
		0.002520136806694894

# Mon 19:05:18 30-Jan-2023
begin	identify iazcomp.0031 - Ap 31
	id	iazcomp.0031
	task	identify
	image	iazcomp.0031 - Ap 31
	aperture	31
	aplow	1402.08
	aphigh	1411.35
	units	Angstroms
	features	36
	         28.65 6077.87185  6077.8728   4.0 1 1 
	         46.56 6077.10618  6077.1057   4.0 1 1 
	        139.46 6073.10361  6073.1036   4.0 1 1 
	        232.93 6069.02134  6069.0207   4.0 1 1 
	        401.12 6061.53668  6061.5361   4.0 1 1 
	        448.98 6059.37352  6059.3725   4.0 1 1 
	        531.85 6055.59341  6055.5937   4.0 1 1 
	        579.91 6053.38069  6053.3808   4.0 1 1 
	        594.16  6052.7219  6052.7229   4.0 1 1 
	        631.65 6050.98224  6050.9818   4.0 1 1 
	        673.05 6049.05013   6049.051   4.0 1 1 
	        718.93 6046.89621  6046.8977   4.0 1 1 
	        796.48 6043.22432  6043.2233   4.0 1 1 
	        809.78 6042.59066  6042.5898   4.0 1 1 
	        891.32 6038.68011  6038.6805   4.0 1 1 
	        911.68 6037.69722  6037.6975   4.0 1 1 
	        931.03 6036.75995  6036.7622   4.0 1 1 
	        963.32 6035.19128  6035.1923   4.0 1 1 
	       1010.74 6032.87498  6032.8726   4.0 1 1 
	       1025.94 6032.12908  6032.1274   4.0 1 1 
	       1060.17 6030.44487   6030.445   4.0 1 1 
	       1205.21 6023.22192  6023.2242   4.0 1 1 
	       1248.56 6021.03655  6021.0357   4.0 1 1 
	       1288.85 6018.99414  6018.9934   4.0 1 1 
	       1358.82 6015.42291  6015.4218   4.0 1 1 
	       1392.79 6013.67726  6013.6777   4.0 1 1 
	       1460.78 6010.16164  6010.1606   4.0 1 1 
	       1520.06 6007.07211  6007.0722   4.0 1 1 
	       1556.42 6005.16571   6005.165   4.0 1 1 
	       1631.51 6001.20241  6001.2033   4.0 1 1 
	       1672.96   5998.999  5998.9987   4.0 1 1 
	       1717.34 5996.62804  5996.6297   4.0 1 1 
	       1763.89 5994.12766  5994.1287   4.0 1 1 
	       1821.64 5991.00678  5991.0071   4.0 1 1 
	       1857.74 5989.04515  5989.0447   4.0 1 1 
	       1889.68 5987.30283  5987.3016   4.0 1 1 
	function chebyshev
	order 5
	sample *
	naverage 1
	niterate 2000
	low_reject 3.
	high_reject 3.
	grow 0.
	coefficients	9
		1.
		5.
		28.64508056640625
		1889.677978515625
		6033.98758704709
		-45.28443771151574
		-1.40318994539815
		-7.553364671629236E-5
		0.00294123057815999

# Fri 11:54:04 03-Feb-2023
begin	identify iazcomp.0031 - Ap 31
	id	iazcomp.0031
	task	identify
	image	iazcomp.0031 - Ap 31
	aperture	31
	aplow	1402.08
	aphigh	1411.35
	units	Angstroms
	features	36
	         27.25 6077.87241  6077.8728   4.0 1 1 
	         45.18 6077.10606  6077.1057   4.0 1 1 
	        138.11 6073.10246  6073.1036   4.0 1 1 
	        231.56 6069.02177  6069.0207   4.0 1 1 
	        399.76  6061.5375  6061.5361   4.0 1 1 
	        447.66 6059.37326  6059.3725   4.0 1 1 
	        530.54 6055.59326  6055.5937   4.0 1 1 
	        578.61 6053.38054  6053.3808   4.0 1 1 
	        592.85 6052.72222  6052.7229   4.0 1 1 
	        630.35 6050.98224  6050.9818   4.0 1 1 
	        671.77  6049.0501   6049.051   4.0 1 1 
	        717.65 6046.89614  6046.8977   4.0 1 1 
	        795.22 6043.22425  6043.2233   4.0 1 1 
	        808.51 6042.59089  6042.5898   4.0 1 1 
	        890.08 6038.68001  6038.6805   4.0 1 1 
	        910.43  6037.6971  6037.6975   4.0 1 1 
	        929.81 6036.75921  6036.7622   4.0 1 1 
	        962.07 6035.19178  6035.1923   4.0 1 1 
	       1009.53   6032.874  6032.8726   4.0 1 1 
	       1024.71 6032.12925  6032.1274   4.0 1 1 
	       1058.93 6030.44541   6030.445   4.0 1 1 
	       1204.00  6023.2224  6023.2242   4.0 1 1 
	       1247.37 6021.03602  6021.0357   4.0 1 1 
	       1287.66 6018.99441  6018.9934   4.0 1 1 
	       1357.63 6015.42319  6015.4218   4.0 1 1 
	       1391.61 6013.67746  6013.6777   4.0 1 1 
	       1459.60   6010.162  6010.1606   4.0 1 1 
	       1518.89 6007.07189  6007.0722   4.0 1 1 
	       1555.26 6005.16553   6005.165   4.0 1 1 
	       1630.36 6001.20181  6001.2033   4.0 1 1 
	       1671.81 5998.99881  5998.9987   4.0 1 1 
	       1716.19 5996.62827  5996.6297   4.0 1 1 
	       1762.74 5994.12794  5994.1287   4.0 1 1 
	       1820.50 5991.00647  5991.0071   4.0 1 1 
	       1856.60 5989.04557  5989.0447   4.0 1 1 
	       1888.55 5987.30267  5987.3016   4.0 1 1 
	function chebyshev
	order 5
	sample *
	naverage 1
	niterate 2000
	low_reject 3.
	high_reject 3.
	grow 0.
	coefficients	9
		1.
		5.
		27.24917793273926
		1888.551391601563
		6033.988074698299
		-45.28452947024698
		-1.403674156442165
		-3.414731320945588E-4
		0.003138772401524143

# Mon 14:51:24 06-Feb-2023
begin	identify iazcomp.0031 - Ap 31
	id	iazcomp.0031
	task	identify
	image	iazcomp.0031 - Ap 31
	aperture	31
	aplow	1402.08
	aphigh	1411.35
	units	Angstroms
	features	36
	         24.63 6077.87269  6077.8728   4.0 1 1 
	         42.59 6077.10533  6077.1057   4.0 1 1 
	        135.51 6073.10385  6073.1036   4.0 1 1 
	        229.06 6069.02065  6069.0207   4.0 1 1 
	        397.29 6061.53771  6061.5361   4.0 1 1 
	        445.21 6059.37331  6059.3725   4.0 1 1 
	        528.13 6055.59278  6055.5937   4.0 1 1 
	        576.20 6053.38066  6053.3808   4.0 1 1 
	        590.45 6052.72209  6052.7229   4.0 1 1 
	        627.97 6050.98183  6050.9818   4.0 1 1 
	        669.38 6049.05011   6049.051   4.0 1 1 
	        715.27 6046.89682  6046.8977   4.0 1 1 
	        792.87 6043.22433  6043.2233   4.0 1 1 
	        806.18 6042.59051  6042.5898   4.0 1 1 
	        887.77 6038.67969  6038.6805   4.0 1 1 
	        908.13 6037.69683  6037.6975   4.0 1 1 
	        927.52 6036.75852  6036.7622   4.0 1 0 
	        959.78 6035.19159  6035.1923   4.0 1 1 
	       1007.25 6032.87383  6032.8726   4.0 1 1 
	       1022.45 6032.12861  6032.1274   4.0 1 1 
	       1056.68 6030.44484   6030.445   4.0 1 1 
	       1201.78 6023.22206  6023.2242   4.0 1 1 
	       1245.18 6021.03555  6021.0357   4.0 1 1 
	       1285.46 6018.99471  6018.9934   4.0 1 1 
	       1355.47 6015.42267  6015.4218   4.0 1 1 
	       1389.45 6013.67754  6013.6777   4.0 1 1 
	       1457.46 6010.16192  6010.1606   4.0 1 1 
	       1516.76 6007.07261  6007.0722   4.0 1 1 
	       1553.15 6005.16523   6005.165   4.0 1 1 
	       1628.26 6001.20212  6001.2033   4.0 1 1 
	       1669.73 5998.99856  5998.9987   4.0 1 1 
	       1714.11 5996.62842  5996.6297   4.0 1 1 
	       1760.67 5994.12821  5994.1287   4.0 1 1 
	       1818.45 5991.00668  5991.0071   4.0 1 1 
	       1854.55 5989.04524  5989.0447   4.0 1 1 
	       1886.51 5987.30253  5987.3016   4.0 1 1 
	function chebyshev
	order 5
	sample *
	naverage 1
	niterate 2000
	low_reject 3.
	high_reject 3.
	grow 0.
	coefficients	9
		1.
		5.
		24.62661361694336
		1886.510131835938
		6033.989356120985
		-45.28470262351299
		-1.404522263577667
		-3.789977773651553E-4
		0.002774327309158261

# Mon 15:29:38 27-Feb-2023
begin	identify iazcomp.0031 - Ap 31
	id	iazcomp.0031
	task	identify
	image	iazcomp.0031 - Ap 31
	aperture	31
	aplow	1402.08
	aphigh	1411.35
	units	Angstroms
	features	35
	         29.63 6077.87254  6077.8728   4.0 1 1 
	         47.57 6077.10567  6077.1057   4.0 1 1 
	        140.43 6073.10322  6073.1036   4.0 1 1 
	        233.88 6069.02097  6069.0207   4.0 1 1 
	        401.99 6061.53762  6061.5361   4.0 1 1 
	        449.88  6059.3729  6059.3725   4.0 1 1 
	        532.69 6055.59466  6055.5937   4.0 1 1 
	        580.77 6053.38077  6053.3808   4.0 1 1 
	        595.02 6052.72204  6052.7229   4.0 1 1 
	        632.50 6050.98203  6050.9818   4.0 1 1 
	        673.91 6049.04977   6049.051   4.0 1 1 
	        719.76 6046.89652  6046.8977   4.0 1 1 
	        797.32 6043.22353  6043.2233   4.0 1 1 
	        810.61 6042.59017  6042.5898   4.0 1 1 
	        892.15 6038.67974  6038.6805   4.0 1 1 
	        912.50 6037.69695  6037.6975   4.0 1 1 
	        931.84 6036.76012  6036.7622   4.0 1 1 
	        964.12 6035.19148  6035.1923   4.0 1 1 
	       1011.55 6032.87465  6032.8726   4.0 1 1 
	       1026.75 6032.12865  6032.1274   4.0 1 1 
	       1060.95 6030.44542   6030.445   4.0 1 1 
	       1205.97 6023.22264  6023.2242   4.0 1 1 
	       1249.34 6021.03601  6021.0357   4.0 1 1 
	       1289.59 6018.99537  6018.9934   4.0 1 1 
	       1359.58  6015.4228  6015.4218   4.0 1 1 
	       1461.52 6010.16163  6010.1606   4.0 1 1 
	       1520.79 6007.07239  6007.0722   4.0 1 1 
	       1557.17 6005.16474   6005.165   4.0 1 1 
	       1632.24 6001.20171  6001.2033   4.0 1 1 
	       1673.68 5998.99857  5998.9987   4.0 1 1 
	       1718.04 5996.62813  5996.6297   4.0 1 1 
	       1764.58  5994.1284  5994.1287   4.0 1 1 
	       1822.33 5991.00671  5991.0071   4.0 1 1 
	       1858.42 5989.04549  5989.0447   4.0 1 1 
	       1890.37 5987.30258  5987.3016   4.0 1 1 
	function chebyshev
	order 5
	sample *
	naverage 1
	niterate 2000
	low_reject 3.
	high_reject 3.
	grow 0.
	coefficients	9
		1.
		5.
		29.63406944274902
		1890.366577148438
		6033.986814695797
		-45.28443800402039
		-1.402297116689715
		-5.383021409371309E-4
		0.00304363523724169

# Tue 13:40:34 16-May-2023
begin	identify iazcomp.0031 - Ap 31
	id	iazcomp.0031
	task	identify
	image	iazcomp.0031 - Ap 31
	aperture	31
	aplow	1402.08
	aphigh	1411.35
	units	Angstroms
	features	35
	         28.76 6077.87269  6077.8728   4.0 1 1 
	         46.69 6077.10596  6077.1057   4.0 1 1 
	        139.60 6073.10271  6073.1036   4.0 1 1 
	        233.07 6069.02078  6069.0207   4.0 1 1 
	        401.22 6061.53751  6061.5361   4.0 1 1 
	        449.12 6059.37303  6059.3725   4.0 1 1 
	        531.95 6055.59447  6055.5937   4.0 1 1 
	        580.03 6053.38118  6053.3808   4.0 1 1 
	        594.29 6052.72174  6052.7229   4.0 1 1 
	        631.78 6050.98203  6050.9818   4.0 1 1 
	        673.18 6049.04987   6049.051   4.0 1 1 
	        719.04 6046.89688  6046.8977   4.0 1 1 
	        796.62 6043.22367  6043.2233   4.0 1 1 
	        809.90 6042.59079  6042.5898   4.0 1 1 
	        891.45 6038.67971  6038.6805   4.0 1 1 
	        911.80 6037.69702  6037.6975   4.0 1 1 
	        931.17 6036.75942  6036.7622   4.0 1 1 
	        963.43  6035.1917  6035.1923   4.0 1 1 
	       1010.86 6032.87491  6032.8726   4.0 1 1 
	       1026.08 6032.12835  6032.1274   4.0 1 1 
	       1060.28 6030.44507   6030.445   4.0 1 1 
	       1205.33 6023.22171  6023.2242   4.0 1 1 
	       1248.68  6021.0364  6021.0357   4.0 1 1 
	       1288.95 6018.99514  6018.9934   4.0 1 1 
	       1358.92 6015.42334  6015.4218   4.0 1 1 
	       1460.89 6010.16166  6010.1606   4.0 1 1 
	       1520.17 6007.07209  6007.0722   4.0 1 1 
	       1556.54 6005.16506   6005.165   4.0 1 1 
	       1631.61 6001.20256  6001.2033   4.0 1 1 
	       1673.09 5998.99773  5998.9987   4.0 1 1 
	       1717.43 5996.62864  5996.6297   4.0 1 1 
	       1763.99 5994.12776  5994.1287   4.0 1 1 
	       1821.73 5991.00707  5991.0071   4.0 1 1 
	       1857.83 5989.04542  5989.0447   4.0 1 1 
	       1889.78  5987.3025  5987.3016   4.0 1 1 
	function chebyshev
	order 5
	sample *
	naverage 1
	niterate 2000
	low_reject 3.
	high_reject 3.
	grow 0.
	coefficients	9
		1.
		5.
		28.75500106811523
		1889.782836914063
		6033.988021099133
		-45.28502091184921
		-1.403383024063782
		-7.393187414603517E-5
		0.002960090635291005

# Mon 15:28:50 14-Aug-2023
begin	identify iazcomp.0031 - Ap 31
	id	iazcomp.0031
	task	identify
	image	iazcomp.0031 - Ap 31
	aperture	31
	aplow	1402.08
	aphigh	1411.35
	units	Angstroms
	features	35
	         32.50 6077.87216  6077.8728   4.0 1 1 
	         50.41 6077.10616  6077.1057   4.0 1 1 
	        143.28  6073.1031  6073.1036   4.0 1 1 
	        236.72 6069.02091  6069.0207   4.0 1 1 
	        404.80 6061.53787  6061.5361   4.0 1 1 
	        452.67 6059.37347  6059.3725   4.0 1 1 
	        535.51  6055.5933  6055.5937   4.0 1 1 
	        583.56 6053.38053  6053.3808   4.0 1 1 
	        597.79 6052.72206  6052.7229   4.0 1 1 
	        635.27 6050.98222  6050.9818   4.0 1 1 
	        676.65 6049.05014   6049.051   4.0 1 1 
	        722.50 6046.89674  6046.8977   4.0 1 1 
	        800.04 6043.22388  6043.2233   4.0 1 1 
	        813.33 6042.59044  6042.5898   4.0 1 1 
	        894.84  6038.6799  6038.6805   4.0 1 1 
	        915.19 6037.69691  6037.6975   4.0 1 1 
	        934.55 6036.75897  6036.7622   4.0 1 1 
	        966.80 6035.19182  6035.1923   4.0 1 1 
	       1014.21 6032.87484  6032.8726   4.0 1 1 
	       1029.41 6032.12874  6032.1274   4.0 1 1 
	       1063.61 6030.44533   6030.445   4.0 1 1 
	       1208.59 6023.22234  6023.2242   4.0 1 1 
	       1251.93 6021.03653  6021.0357   4.0 1 1 
	       1292.19 6018.99528  6018.9934   4.0 1 1 
	       1362.16 6015.42235  6015.4218   4.0 1 1 
	       1464.08 6010.16141  6010.1606   4.0 1 1 
	       1523.33 6007.07244  6007.0722   4.0 1 1 
	       1559.70 6005.16522   6005.165   4.0 1 1 
	       1634.75 6001.20231  6001.2033   4.0 1 1 
	       1676.21 5998.99772  5998.9987   4.0 1 1 
	       1720.54 5996.62908  5996.6297   4.0 1 1 
	       1767.09 5994.12753  5994.1287   4.0 1 1 
	       1824.82 5991.00685  5991.0071   4.0 1 1 
	       1860.92 5989.04508  5989.0447   4.0 1 1 
	       1892.85 5987.30297  5987.3016   4.0 1 1 
	function chebyshev
	order 5
	sample *
	naverage 1
	niterate 2000
	low_reject 3.
	high_reject 3.
	grow 0.
	coefficients	9
		1.
		5.
		32.49855041503906
		1892.846435546875
		6033.987073844051
		-45.28487597250236
		-1.402524565586332
		2.833409591598904E-4
		0.003018269356264584

# Mon 16:09:31 14-Aug-2023
begin	identify iazcomp.0031 - Ap 31
	id	iazcomp.0031
	task	identify
	image	iazcomp.0031 - Ap 31
	aperture	31
	aplow	1402.08
	aphigh	1411.35
	units	Angstroms
	features	35
	         32.46 6077.87221  6077.8728   4.0 1 1 
	         50.39 6077.10578  6077.1057   4.0 1 1 
	        143.26 6073.10341  6073.1036   4.0 1 1 
	        236.70 6069.02155  6069.0207   4.0 1 1 
	        404.84 6061.53744  6061.5361   4.0 1 1 
	        452.71  6059.3733  6059.3725   4.0 1 1 
	        535.57 6055.59294  6055.5937   4.0 1 1 
	        583.61 6053.38072  6053.3808   4.0 1 1 
	        597.85 6052.72205  6052.7229   4.0 1 1 
	        635.35 6050.98136  6050.9818   4.0 1 1 
	        676.73 6049.04994   6049.051   4.0 1 1 
	        722.58 6046.89696  6046.8977   4.0 1 1 
	        800.14 6043.22365  6043.2233   4.0 1 1 
	        813.42 6042.59085  6042.5898   4.0 1 1 
	        894.96 6038.67971  6038.6805   4.0 1 1 
	        915.31 6037.69696  6037.6975   4.0 1 1 
	        934.69  6036.7584  6036.7622   4.0 1 0 
	        966.94 6035.19134  6035.1923   4.0 1 1 
	       1014.36 6032.87445  6032.8726   4.0 1 1 
	       1029.56 6032.12863  6032.1274   4.0 1 1 
	       1063.77 6030.44475   6030.445   4.0 1 1 
	       1208.77 6023.22258  6023.2242   4.0 1 1 
	       1252.15 6021.03567  6021.0357   4.0 1 1 
	       1292.41 6018.99454  6018.9934   4.0 1 1 
	       1362.38 6015.42265  6015.4218   4.0 1 1 
	       1464.33  6010.1613  6010.1606   4.0 1 1 
	       1523.59 6007.07254  6007.0722   4.0 1 1 
	       1559.97 6005.16495   6005.165   4.0 1 1 
	       1635.03 6001.20228  6001.2033   4.0 1 1 
	       1676.49  5998.9985  5998.9987   4.0 1 1 
	       1720.84 5996.62867  5996.6297   4.0 1 1 
	       1767.38 5994.12828  5994.1287   4.0 1 1 
	       1825.14 5991.00669  5991.0071   4.0 1 1 
	       1861.22 5989.04547  5989.0447   4.0 1 1 
	       1893.18 5987.30227  5987.3016   4.0 1 1 
	function chebyshev
	order 5
	sample *
	naverage 1
	niterate 2000
	low_reject 3.
	high_reject 3.
	grow 0.
	coefficients	9
		1.
		5.
		32.45687103271485
		1893.1767578125
		6033.986764976293
		-45.28497366667361
		-1.402327545405506
		9.228507158076105E-7
		0.002802183369069102

