# Tue 22:30:57 07-Sep-2021
begin	identify iazcomp.0002 - Ap 2
	id	iazcomp.0002
	task	identify
	image	iazcomp.0002 - Ap 2
	aperture	2
	aplow	900.02
	aphigh	908.84
	units	Angstroms
	features	29
	         25.36 4075.50149   4075.503   4.0 1 1 
	         82.59 4073.85966  4073.8563   4.0 1 1 
	        133.60 4072.38473  4072.3849   4.0 1 1 
	        146.65 4072.00567  4072.0047   4.0 1 1 
	        188.79 4070.77663  4070.7835   4.0 1 1 
	        242.41 4069.20176  4069.2014   4.0 1 1 
	        301.41 4067.45506  4067.4507   4.0 1 1 
	        405.65 4064.33259  4064.3315   4.0 1 1 
	        436.16 4063.40975  4063.4071   4.0 1 1 
	        572.15 4059.24819  4059.2529   4.0 1 1 
	        754.95 4053.52788  4053.5277   4.0 1 1 
	        774.08 4052.92096  4052.9208   4.0 1 1 
	        867.23 4049.94271  4049.9447   4.0 1 1 
	       1036.99 4044.41798   4044.418   4.0 1 1 
	       1068.01 4043.39489  4043.3948   4.0 1 1 
	       1134.05 4041.20339  4041.2036   4.0 1 1 
	       1222.71 4038.23134  4038.2287   4.0 1 1 
	       1242.41 4037.56643  4037.5614   4.0 1 1 
	       1272.02 4036.56385  4036.5652   4.0 1 1 AI(4)
	       1287.24 4036.04679  4036.0479   4.0 1 1 
	       1304.54 4035.45828    4035.46   4.0 1 1 
	       1438.91 4030.84296  4030.8424   4.0 1 1 
	       1454.79  4030.2923  4030.2925   4.0 1 1 
	       1548.91 4027.00771  4027.0091   4.0 1 1 
	       1587.43 4025.65305  4025.6556   4.0 1 1 
	       1611.45  4024.8049  4024.8025   4.0 1 1 
	       1770.52 4019.12876  4019.1289   4.0 1 1 
	       1892.30 4014.71361  4014.7164   4.0 1 1 
	       1915.68 4013.85949  4013.8566   4.0 1 1 
	function chebyshev
	order 5
	sample *
	naverage 1
	niterate 2000
	low_reject 3.
	high_reject 3.
	grow 0.
	coefficients	9
		1.
		5.
		25.35894775390625
		1915.675170898438
		4045.635810078058
		-30.82437918841415
		-0.9578340245577267
		0.003378983861765589
		0.002516125274782698

# Fri 10:18:21 11-Mar-2022
begin	identify iazcomp.0002 - Ap 2
	id	iazcomp.0002
	task	identify
	image	iazcomp.0002 - Ap 2
	aperture	2
	aplow	900.02
	aphigh	908.84
	units	Angstroms
	features	21
	        132.01 4072.46696  4072.3849   4.0 1 1 
	        192.26 4070.71117  4070.7835   4.0 1 1 
	        245.90 4069.13485  4069.2014   4.0 1 1 
	        302.01 4067.47321  4067.4507   4.0 1 1 
	        436.80 4063.42639  4063.4071   4.0 1 1 
	        572.75 4059.26551  4059.2529   4.0 1 1 
	        759.63 4053.41576  4053.5277   4.0 1 1 
	        865.63 4050.03032  4049.9447   4.0 1 1 
	       1036.81 4044.45986   4044.418   4.0 1 1 
	       1068.85 4043.40325  4043.3948   4.0 1 1 
	       1245.48 4037.49865  4037.5614   4.0 1 1 
	       1273.02 4036.56569  4036.5652   4.0 1 1 
	       1290.30 4035.97898  4036.0479   4.0 1 1 
	       1306.42 4035.43044    4035.46   4.0 1 1 
	       1440.67  4030.8181  4030.8424   4.0 1 1 
	       1454.33 4030.34441  4030.2925   4.0 1 1 
	       1549.53 4027.02217  4027.0091   4.0 1 1 
	       1589.31 4025.62287  4025.6556   4.0 1 1 
	       1609.63 4024.90512  4024.8025   4.0 1 1 AI(4)
	       1772.36 4019.09874  4019.1289   4.0 1 1 
	       1891.61 4014.77513  4014.7164   4.0 1 1 
	shift	0.03607532710128951
	function chebyshev
	order 5
	sample *
	naverage 1
	niterate 2000
	low_reject 3.
	high_reject 3.
	grow 0.
	coefficients	9
		1.
		5.
		25.35894775390629
		1915.675170898441
		4045.635810078063
		-30.8243791884142
		-0.9578340245577284
		0.003378983861765595
		0.002516125274782702

# Fri 10:38:48 11-Mar-2022
begin	identify iazcomp.0002 - Ap 2
	id	iazcomp.0002
	task	identify
	image	iazcomp.0002 - Ap 2
	aperture	2
	aplow	900.02
	aphigh	908.84
	units	Angstroms
	features	41
	         11.04 4075.49896   4075.503   4.0 1 1 
	        118.95 4072.38614  4072.3849   4.0 1 1 
	        192.26 4070.24531  4070.2383   4.0 1 1 
	        218.94  4069.4607  4069.4612   4.0 1 1 
	        227.67 4069.20343  4069.2014   4.0 1 1 
	        286.86 4067.45024  4067.4507   4.0 1 1 
	        391.09 4064.32809  4064.3315   4.0 1 1 
	        557.55 4059.24757  4059.2529   4.0 1 1 
	        708.91 4054.52479  4054.5258   4.0 1 1 
	        715.76 4054.30871  4054.3017   4.0 1 1 
	        740.48 4053.52732  4053.5277   4.0 1 1 
	        759.61 4052.92081  4052.9208   4.0 1 1 
	        804.15 4051.50242  4051.4991   4.0 1 1 
	        823.41 4050.88639  4050.8872   4.0 1 1 
	        852.78 4049.94367  4049.9447   4.0 1 1 
	        865.63 4049.53043  4049.5361   4.0 1 1 
	        928.97 4047.48138  4047.4815   4.0 1 1 
	        975.54 4045.96383  4045.9654   4.0 1 1 
	        998.26 4045.21995  4045.2268   4.0 1 1 
	       1007.28 4044.92409  4044.9269   4.0 1 1 
	       1022.64 4044.41925   4044.418   4.0 1 1 
	       1053.71 4043.39534  4043.3948   4.0 1 1 
	       1068.85 4042.89463  4042.8937   4.0 1 1 
	       1119.68 4041.20697  4041.2036   4.0 1 1 
	       1159.78 4039.86742  4039.8648   4.0 1 1 
	       1191.40 4038.80633  4038.8043   4.0 1 1 
	       1208.37  4038.2354  4038.2287   4.0 1 1 
	       1228.15  4037.5679  4037.5614   4.0 1 1 
	       1257.79  4036.5648  4036.5652   4.0 1 1 
	       1273.02 4036.04762  4036.0479   4.0 1 1 
	       1290.30 4035.46011    4035.46   4.0 1 1 
	       1325.96 4034.24331  4034.2461   4.0 1 1 
	       1424.78   4030.843  4030.8424   4.0 1 1 
	       1440.67 4030.29244  4030.2925   4.0 1 1 
	       1454.33 4029.81816  4029.8256   4.0 1 1 
	       1534.81 4027.00876  4027.0091   4.0 1 1 
	       1573.47  4025.6499  4025.6556   4.0 1 1 
	       1597.38 4024.80636  4024.8025   4.0 1 1 
	       1756.57 4019.13164  4019.1289   4.0 1 1 
	       1878.75 4014.70908  4014.7164   4.0 1 1 
	       1901.95 4013.86306  4013.8566   4.0 1 1 
	function chebyshev
	order 5
	sample *
	naverage 1
	niterate 2000
	low_reject 3.
	high_reject 3.
	grow 0.
	coefficients	9
		1.
		5.
		11.04428100585938
		1901.947143554688
		4045.628022245498
		-30.82021062096972
		-0.9522674445759082
		0.002263382710397506
		0.005256369877129101

# Tue 15:05:00 29-Mar-2022
begin	identify iazcomp.0002 - Ap 2
	id	iazcomp.0002
	task	identify
	image	iazcomp.0002 - Ap 2
	aperture	2
	aplow	900.02
	aphigh	908.84
	units	Angstroms
	features	40
	        119.73 4072.38399  4072.3849   4.0 1 1 
	        193.24 4070.23768  4070.2383   4.0 1 1 
	        219.65 4069.46098  4069.4612   4.0 1 1 
	        228.45 4069.20175  4069.2014   4.0 1 1 
	        287.52 4067.45249  4067.4507   4.0 1 1 
	        391.69 4064.33216  4064.3315   4.0 1 1 
	        558.07 4059.25372  4059.2529   4.0 1 1 
	        709.65 4054.52376  4054.5258   4.0 1 1 
	        716.53 4054.30659  4054.3017   4.0 1 1 
	        741.17 4053.52787  4053.5277   4.0 1 1 
	        760.29 4052.92156  4052.9208   4.0 1 1 
	        805.18 4051.49169  4051.4991   4.0 1 1 
	        824.04 4050.88841  4050.8872   4.0 1 1 
	        853.46 4049.94415  4049.9447   4.0 1 1 
	        866.28 4049.53159  4049.5361   4.0 1 1 
	        929.43  4047.4887  4047.4815   4.0 1 1 
	        976.14 4045.96644  4045.9654   4.0 1 1 
	        998.99 4045.21845  4045.2268   4.0 1 1 
	       1008.09 4044.91995  4044.9269   4.0 1 1 
	       1023.32 4044.41943   4044.418   4.0 1 1 
	       1054.37 4043.39576  4043.3948   4.0 1 1 
	       1069.51 4042.89536  4042.8937   4.0 1 1 
	       1120.38 4041.20596  4041.2036   4.0 1 1 
	       1160.43 4039.86831  4039.8648   4.0 1 1 
	       1192.06 4038.80674  4038.8043   4.0 1 1 
	       1209.11 4038.23282  4038.2287   4.0 1 1 
	       1228.94 4037.56373  4037.5614   4.0 1 1 
	       1258.46 4036.56449  4036.5652   4.0 1 1 
	       1273.68 4036.04797  4036.0479   4.0 1 1 
	       1290.95 4035.46071    4035.46   4.0 1 1 
	       1326.55 4034.24564  4034.2461   4.0 1 1 
	       1425.44 4030.84294  4030.8424   4.0 1 1 
	       1441.28   4030.294  4030.2925   4.0 1 1 
	       1454.99 4029.81783  4029.8256   4.0 1 1 
	       1535.48 4027.00769  4027.0091   4.0 1 1 
	       1574.02 4025.65275  4025.6556   4.0 1 1 
	       1598.04 4024.80534  4024.8025   4.0 1 1 
	       1757.17 4019.13096  4019.1289   4.0 1 1 
	       1879.16 4014.71281  4014.7164   4.0 1 1 
	       1902.54 4013.85953  4013.8566   4.0 1 1 
	function chebyshev
	order 5
	sample *
	naverage 1
	niterate 2000
	low_reject 3.
	high_reject 3.
	grow 0.
	coefficients	9
		1.
		5.
		119.7269058227539
		1902.541015625
		4043.967282849443
		-29.26570355301214
		-0.8490870299830132
		0.00347354808035844
		0.003563376373498695

# Mon 18:46:41 30-Jan-2023
begin	identify iazcomp.0002 - Ap 2
	id	iazcomp.0002
	task	identify
	image	iazcomp.0002 - Ap 2
	aperture	2
	aplow	900.02
	aphigh	908.84
	units	Angstroms
	features	39
	         22.57 4075.50256   4075.503   4.0 1 1 
	        130.83 4072.38423  4072.3849   4.0 1 1 
	        204.42 4070.23676  4070.2383   4.0 1 1 
	        230.81 4069.46118  4069.4612   4.0 1 1 
	        239.57 4069.20305  4069.2014   4.0 1 1 
	        298.70 4067.45262  4067.4507   4.0 1 1 
	        402.90 4064.33203  4064.3315   4.0 1 1 
	        433.45 4063.40834  4063.4071   4.0 1 1 
	        569.28 4059.25332  4059.2529   4.0 1 1 
	        720.90  4054.5213  4054.5258   4.0 1 1 
	        752.33 4053.52784  4053.5277   4.0 1 1 
	        771.47 4052.92092  4052.9208   4.0 1 1 
	        816.17 4051.49681  4051.4991   4.0 1 1 
	        835.20 4050.88815  4050.8872   4.0 1 1 
	        864.57 4049.94541  4049.9447   4.0 1 1 
	        877.32 4049.53482  4049.5361   4.0 1 1 
	        987.27 4045.96585  4045.9654   4.0 1 1 
	       1019.10 4044.92297  4044.9269   4.0 1 1 
	       1034.42 4044.41928  4044.4179   4.0 1 1 
	       1065.48 4043.39541  4043.3948   4.0 1 1 
	       1080.62 4042.89454  4042.8937   4.0 1 1 
	       1131.51 4041.20425  4041.2036   4.0 1 1 
	       1171.59 4039.86513  4039.8648   4.0 1 1 
	       1203.18 4038.80479  4038.8043   4.0 1 1 
	       1220.21 4038.23156  4038.2287   4.0 1 1 
	       1239.95 4037.56523  4037.5614   4.0 1 1 
	       1269.52 4036.56397  4036.5652   4.0 1 1 
	       1284.72 4036.04794  4036.0479   4.0 1 1 
	       1301.99 4035.46025    4035.46   4.0 1 1 
	       1337.56 4034.24608  4034.2461   4.0 1 1 
	       1436.45 4030.84204  4030.8424   4.0 1 1 
	       1452.30 4030.29245  4030.2925   4.0 1 1 
	       1546.46 4027.00655  4027.0091   4.0 1 1 
	       1584.95 4025.65259  4025.6556   4.0 1 1 
	       1608.96 4024.80476  4024.8025   4.0 1 1 
	       1768.05  4019.1276  4019.1289   4.0 1 1 
	       1889.72 4014.71613  4014.7164   4.0 1 1 
	       1913.16 4013.85968  4013.8566   4.0 1 1 
	       1950.41 4012.49393  4012.4952   4.0 1 1 
	function chebyshev
	order 5
	sample *
	naverage 1
	niterate 2000
	low_reject 3.
	high_reject 3.
	grow 0.
	coefficients	9
		1.
		5.
		22.57201194763184
		1950.41015625
		4044.991244293188
		-31.50700990266972
		-0.9965964895760444
		0.002695383365176736
		0.003593884709059293

# Fri 11:53:14 03-Feb-2023
begin	identify iazcomp.0002 - Ap 2
	id	iazcomp.0002
	task	identify
	image	iazcomp.0002 - Ap 2
	aperture	2
	aplow	900.02
	aphigh	908.84
	units	Angstroms
	features	37
	         21.23 4075.50198   4075.503   4.0 1 1 
	        129.38 4072.38528  4072.3849   4.0 1 1 
	        202.96 4070.23774  4070.2383   4.0 1 1 
	        229.35 4069.46213  4069.4612   4.0 1 1 
	        238.19 4069.20176  4069.2014   4.0 1 1 
	        297.31 4067.45161  4067.4507   4.0 1 1 
	        401.49 4064.33208  4064.3315   4.0 1 1 
	        432.07 4063.40766  4063.4071   4.0 1 1 
	        567.95 4059.25191  4059.2529   4.0 1 1 
	        719.48 4054.52368  4054.5258   4.0 1 1 
	        750.98 4053.52818  4053.5277   4.0 1 1 
	        770.12 4052.92128  4052.9208   4.0 1 1 
	        814.81 4051.49783  4051.4991   4.0 1 1 
	        833.89  4050.8876  4050.8872   4.0 1 1 
	        863.24 4049.94572  4049.9447   4.0 1 1 
	        876.06 4049.53308  4049.5361   4.0 1 1 
	        985.99 4045.96514  4045.9654   4.0 1 1 
	       1017.81 4044.92277  4044.9269   4.0 1 1 
	       1033.12 4044.41972  4044.4179   4.0 1 1 
	       1064.16 4043.39611  4043.3948   4.0 1 1 
	       1079.31 4042.89535  4042.8937   4.0 1 1 
	       1130.21  4041.2049  4041.2036   4.0 1 1 
	       1170.27  4039.8665  4039.8648   4.0 1 1 
	       1218.96 4038.23052  4038.2287   4.0 1 1 
	       1238.74 4037.56303  4037.5614   4.0 1 1 
	       1268.24 4036.56426  4036.5652   4.0 1 1 
	       1283.45 4036.04772  4036.0479   4.0 1 1 
	       1300.72  4035.4602    4035.46   4.0 1 1 
	       1336.33 4034.24482  4034.2461   4.0 1 1 
	       1435.17 4030.84244  4030.8424   4.0 1 1 
	       1451.04 4030.29236  4030.2925   4.0 1 1 
	       1545.21 4027.00634  4027.0091   4.0 1 1 
	       1607.75 4024.80356  4024.8025   4.0 1 1 
	       1766.81 4019.12899  4019.1289   4.0 1 1 
	       1888.67  4014.7133  4014.7164   4.0 1 1 
	       1912.06 4013.85883  4013.8566   4.0 1 1 
	       1949.26   4012.496  4012.4952   4.0 1 1 
	function chebyshev
	order 5
	sample *
	naverage 1
	niterate 2000
	low_reject 3.
	high_reject 3.
	grow 0.
	coefficients	9
		1.
		5.
		21.22676277160644
		1949.260620117188
		4044.98973543052
		-31.50586032357231
		-0.995346042360624
		0.002868542154502547
		0.004602176120009163

# Mon 14:50:12 06-Feb-2023
begin	identify iazcomp.0002 - Ap 2
	id	iazcomp.0002
	task	identify
	image	iazcomp.0002 - Ap 2
	aperture	2
	aplow	900.02
	aphigh	908.84
	units	Angstroms
	features	37
	         18.67 4075.50136   4075.503   4.0 1 1 
	        126.84 4072.38514  4072.3849   4.0 1 1 
	        200.40 4070.23901  4070.2383   4.0 1 1 
	        226.89 4069.46062  4069.4612   4.0 1 1 
	        235.63 4069.20322  4069.2014   4.0 1 1 
	        294.81 4067.45202  4067.4507   4.0 1 1 
	        399.03 4064.33201  4064.3315   4.0 1 1 
	        429.63 4063.40714  4063.4071   4.0 1 1 
	        565.49 4059.25299  4059.2529   4.0 1 1 
	        717.10 4054.52381  4054.5258   4.0 1 1 
	        748.64 4053.52738  4053.5277   4.0 1 1 
	        767.77  4052.9209  4052.9208   4.0 1 1 
	        812.57 4051.49444  4051.4991   4.0 1 1 
	        831.54 4050.88768  4050.8872   4.0 1 1 
	        860.90  4049.9455  4049.9447   4.0 1 1 
	        873.70 4049.53387  4049.5361   4.0 1 1 
	        983.68 4045.96537  4045.9654   4.0 1 1 
	       1015.73 4044.91559  4044.9269   4.0 1 0 
	       1030.86 4044.41847  4044.4179   4.0 1 1 
	       1061.90 4043.39547  4043.3948   4.0 1 1 
	       1077.06 4042.89417  4042.8937   4.0 1 1 
	       1127.90 4041.20612  4041.2036   4.0 1 1 
	       1168.04  4039.8657  4039.8648   4.0 1 1 
	       1216.69 4038.23132  4038.2287   4.0 1 1 
	       1236.45 4037.56472  4037.5614   4.0 1 1 
	       1266.02 4036.56382  4036.5652   4.0 1 1 
	       1281.25 4036.04695  4036.0479   4.0 1 1 
	       1298.57 4035.45786    4035.46   4.0 1 1 
	       1334.02 4034.24796  4034.2461   4.0 1 1 
	       1433.01 4030.84168  4030.8424   4.0 1 1 
	       1448.86 4030.29236  4030.2925   4.0 1 1 
	       1543.06 4027.00593  4027.0091   4.0 1 1 
	       1605.59  4024.8042  4024.8025   4.0 1 1 
	       1764.75 4019.12728  4019.1289   4.0 1 1 
	       1886.57 4014.71363  4014.7164   4.0 1 1 
	       1909.98 4013.85881  4013.8566   4.0 1 1 
	       1947.17 4012.49658  4012.4952   4.0 1 1 
	function chebyshev
	order 5
	sample *
	naverage 1
	niterate 2000
	low_reject 3.
	high_reject 3.
	grow 0.
	coefficients	9
		1.
		5.
		18.66531753540039
		1947.1708984375
		4044.990194256782
		-31.50517645563386
		-0.9956746019622433
		0.002782261436299967
		0.004450117312518959

# Mon 15:24:27 27-Feb-2023
begin	identify iazcomp.0002 - Ap 2
	id	iazcomp.0002
	task	identify
	image	iazcomp.0002 - Ap 2
	aperture	2
	aplow	900.02
	aphigh	908.84
	units	Angstroms
	features	41
	         23.84 4075.50243   4075.503   4.0 1 1 
	        131.82 4072.38639  4072.3849   6.0 1 1 
	        205.34 4070.23847  4070.2383   4.0 1 1 
	        231.81 4069.45975  4069.4612   4.0 1 1 
	        240.60 4069.20067  4069.2014   6.0 1 1 
	        299.61 4067.45227  4067.4507   4.0 1 1 
	        403.78 4064.33129  4064.3315   4.0 1 1 
	        434.32 4063.40758  4063.4071   4.0 1 1 
	        570.14 4059.25201  4059.2529   6.0 1 1 
	        721.61 4054.52464  4054.5258   4.0 1 1 
	        753.12 4053.52846  4053.5277   4.0 1 1 
	        772.26 4052.92162  4052.9208   4.0 1 1 
	        836.05 4050.88689  4050.8872   6.0 1 1 
	        865.40 4049.94468  4049.9447   4.0 1 1 
	        878.15 4049.53423  4049.5361   4.0 1 1 
	        941.57 4047.48186  4047.4815   6.0 1 1 
	        988.12 4045.96436  4045.9654   6.0 1 1 
	       1019.83 4044.92517  4044.9269   4.0 1 1 
	       1035.21 4044.41965  4044.4179   4.0 1 1 
	       1066.26 4043.39591  4043.3948   4.0 1 1 
	       1081.40 4042.89513  4042.8937   4.0 1 1 
	       1132.31 4041.20384  4041.2036   6.0 1 1 
	       1172.40 4039.86426  4039.8648   4.0 1 1 
	       1203.89 4038.80719  4038.8043   6.0 1 1 
	       1221.01 4038.23052  4038.2287   6.0 1 1 
	       1240.82 4037.56192  4037.5614   6.0 1 1 
	       1270.27 4036.56458  4036.5652   4.0 1 1 
	       1285.50 4036.04725  4036.0479   4.0 1 1 
	       1302.78  4035.4592    4035.46   4.0 1 1 
	       1338.36 4034.24469  4034.2461   4.0 1 1 
	       1437.19 4030.84207  4030.8424   4.0 1 1 
	       1453.03 4030.29295  4030.2925   4.0 1 1 
	       1547.22 4027.00584  4027.0091   4.0 1 1 
	       1609.79 4024.80197  4024.8025   4.0 1 1 
	       1734.80 4020.35128  4020.3541   6.0 1 1 
	       1768.81  4019.1294  4019.1289   4.0 1 1 
	       1797.23 4018.10515   4018.099   6.0 1 1 
	       1890.74 4014.71263  4014.7164   6.0 1 1 
	       1914.09 4013.86046  4013.8566   4.0 1 1 
	       1951.26 4012.49945  4012.4952   4.0 1 1 
	       1972.11 4011.73389  4011.7398   6.0 1 1 
	function chebyshev
	order 5
	sample *
	naverage 1
	niterate 2000
	low_reject 3.
	high_reject 3.
	grow 0.
	coefficients	9
		1.
		5.
		23.84262084960938
		1972.109252929687
		4044.624012879337
		-31.88750242829863
		-1.011865622434548
		0.003233166475814563
		0.00601641704716669

# Tue 13:39:46 16-May-2023
begin	identify iazcomp.0002 - Ap 2
	id	iazcomp.0002
	task	identify
	image	iazcomp.0002 - Ap 2
	aperture	2
	aplow	900.02
	aphigh	908.84
	units	Angstroms
	features	41
	         22.64 4075.50457   4075.503   4.0 1 1 
	        131.01 4072.38214  4072.3849   6.0 1 1 
	        204.47 4070.23835  4070.2383   4.0 1 1 
	        230.92 4069.46107  4069.4612   4.0 1 1 
	        239.74 4069.20118  4069.2014   6.0 1 1 
	        298.83 4067.45193  4067.4507   4.0 1 1 
	        403.07 4064.33049  4064.3315   4.0 1 1 
	        433.57 4063.40825  4063.4071   4.0 1 1 
	        569.41 4059.25339  4059.2529   6.0 1 1 
	        720.92 4054.52569  4054.5258   4.0 1 1 
	        752.47 4053.52848  4053.5277   4.0 1 1 
	        771.59 4052.92204  4052.9208   4.0 1 1 
	        835.37 4050.88817  4050.8872   6.0 1 1 
	        864.77 4049.94453  4049.9447   4.0 1 1 
	        877.53 4049.53372  4049.5361   4.0 1 1 
	        940.98 4047.48072  4047.4815   6.0 1 1 
	        987.50 4045.96459  4045.9654   6.0 1 1 
	       1019.41 4044.91915  4044.9269   4.0 1 1 
	       1034.61 4044.41957  4044.4179   4.0 1 1 
	       1065.65 4043.39597  4043.3948   4.0 1 1 
	       1080.78 4042.89573  4042.8937   4.0 1 1 
	       1131.67 4041.20568  4041.2036   6.0 1 1 
	       1171.74 4039.86687  4039.8648   4.0 1 1 
	       1203.37 4038.80534  4038.8043   6.0 1 1 
	       1220.44 4038.23047  4038.2287   6.0 1 1 
	       1240.27  4037.5613  4037.5614   6.0 1 1 
	       1269.69 4036.56532  4036.5652   4.0 1 1 
	       1284.92 4036.04822  4036.0479   4.0 1 1 
	       1302.21 4035.46014    4035.46   4.0 1 1 
	       1337.83 4034.24412  4034.2461   4.0 1 1 
	       1436.66 4030.84231  4030.8424   4.0 1 1 
	       1452.48 4030.29396  4030.2925   4.0 1 1 
	       1546.76 4027.00434  4027.0091   4.0 1 1 
	       1609.27 4024.80281  4024.8025   4.0 1 1 
	       1734.38 4020.34842  4020.3541   6.0 1 1 
	       1768.34 4019.12824  4019.1289   4.0 1 1 
	       1796.68 4018.10649   4018.099   6.0 1 1 
	       1890.11 4014.71576  4014.7164   6.0 1 1 
	       1913.52 4013.86116  4013.8566   4.0 1 1 
	       1950.67 4012.49999  4012.4952   4.0 1 1 
	       1971.59 4011.73132  4011.7398   6.0 1 1 
	function chebyshev
	order 5
	sample *
	naverage 1
	niterate 2000
	low_reject 3.
	high_reject 3.
	grow 0.
	coefficients	9
		1.
		5.
		22.63867950439453
		1971.587890625
		4044.629420925815
		-31.8904091144803
		-1.016036773261391
		0.00378571825107678
		0.004562212208373922

# Mon 15:27:58 14-Aug-2023
begin	identify iazcomp.0002 - Ap 2
	id	iazcomp.0002
	task	identify
	image	iazcomp.0002 - Ap 2
	aperture	2
	aplow	900.02
	aphigh	908.84
	units	Angstroms
	features	41
	         26.44 4075.50341   4075.503   4.0 1 1 
	        134.76 4072.38224  4072.3849   6.0 1 1 
	        208.21 4070.23862  4070.2383   4.0 1 1 
	        234.60 4069.46273  4069.4612   4.0 1 1 
	        243.50 4069.20045  4069.2014   6.0 1 1 
	        302.55 4067.45201  4067.4507   4.0 1 1 
	        406.66 4064.33324  4064.3315   4.0 1 1 
	        437.22 4063.40903  4063.4071   4.0 1 1 
	        573.16 4059.24933  4059.2529   6.0 1 1 
	        724.47 4054.52521  4054.5258   4.0 1 1 
	        755.98 4053.52923  4053.5277   4.0 1 1 
	        775.10 4052.92232  4052.9208   4.0 1 1 
	        838.88 4050.88748  4050.8872   6.0 1 1 
	        868.24 4049.94452  4049.9447   4.0 1 1 
	        881.07 4049.53149  4049.5361   4.0 1 1 
	        944.42 4047.48101  4047.4815   6.0 1 1 
	        990.97 4045.96306  4045.9654   6.0 1 1 
	       1022.69 4044.92358  4044.9269   4.0 1 1 
	       1038.03 4044.41893  4044.4179   4.0 1 1 
	       1069.08 4043.39504  4043.3948   4.0 1 1 
	       1084.19 4042.89523  4042.8937   4.0 1 1 
	       1135.06 4041.20498  4041.2036   6.0 1 1 
	       1175.08 4039.86768  4039.8648   4.0 1 1 
	       1206.73 4038.80506  4038.8043   6.0 1 1 
	       1223.73 4038.23247  4038.2287   6.0 1 1 
	       1243.59 4037.56199  4037.5614   6.0 1 1 
	       1273.06  4036.5638  4036.5652   4.0 1 1 
	       1288.28 4036.04696  4036.0479   4.0 1 1 
	       1305.51 4035.46067    4035.46   4.0 1 1 
	       1341.09 4034.24588  4034.2461   4.0 1 1 
	       1439.94 4030.84246  4030.8424   4.0 1 1 
	       1455.77 4030.29368  4030.2925   4.0 1 1 
	       1549.96 4027.00646  4027.0091   4.0 1 1 
	       1612.51 4024.80269  4024.8025   4.0 1 1 
	       1737.48 4020.35195  4020.3541   6.0 1 1 
	       1771.57 4019.12713  4019.1289   4.0 1 1 
	       1799.80 4018.10915   4018.099   6.0 1 0 
	       1893.25 4014.71634  4014.7164   6.0 1 1 
	       1916.69 4013.86015  4013.8566   4.0 1 1 
	       1953.78 4012.50093  4012.4952   4.0 1 1 
	       1974.65 4011.73358  4011.7398   6.0 1 1 
	function chebyshev
	order 5
	sample *
	naverage 1
	niterate 2000
	low_reject 3.
	high_reject 3.
	grow 0.
	coefficients	9
		1.
		5.
		26.43978118896485
		1974.650634765625
		4044.630125661098
		-31.88921184280796
		-1.015625904235172
		0.004298439240476659
		0.003996022048670892

# Mon 16:08:15 14-Aug-2023
begin	identify iazcomp.0002 - Ap 2
	id	iazcomp.0002
	task	identify
	image	iazcomp.0002 - Ap 2
	aperture	2
	aplow	900.02
	aphigh	908.84
	units	Angstroms
	features	41
	         26.37 4075.50328   4075.503   4.0 1 1 
	        134.59 4072.38438  4072.3849   6.0 1 1 
	        208.15 4070.23704  4070.2383   4.0 1 1 
	        234.50 4069.46253  4069.4612   4.0 1 1 
	        243.42 4069.19983  4069.2014   6.0 1 1 
	        302.45 4067.45193  4067.4507   4.0 1 1 
	        406.60 4064.33294  4064.3315   4.0 1 1 
	        437.16 4063.40893  4063.4071   4.0 1 1 
	        573.16 4059.24886  4059.2529   6.0 1 1 
	        724.45  4054.5271  4054.5258   4.0 1 1 
	        756.03 4053.52895  4053.5277   4.0 1 1 
	        775.13 4052.92299  4052.9208   4.0 1 1 
	        838.91 4050.88841  4050.8872   6.0 1 1 
	        868.30 4049.94482  4049.9447   4.0 1 1 
	        881.21  4049.5292  4049.5361   4.0 1 1 
	        944.51 4047.48078  4047.4815   6.0 1 1 
	        991.00 4045.96523  4045.9654   6.0 1 1 
	       1022.86 4044.92092  4044.9269   4.0 1 1 
	       1038.10  4044.4199  4044.4179   4.0 1 1 
	       1069.14 4043.39619  4043.3948   4.0 1 1 
	       1084.27 4042.89586  4042.8937   4.0 1 1 
	       1135.18 4041.20452  4041.2036   6.0 1 1 
	       1175.23 4039.86616  4039.8648   4.0 1 1 
	       1206.79 4038.80657  4038.8043   6.0 1 1 
	       1223.90 4038.23026  4038.2287   6.0 1 1 
	       1243.69 4037.56209  4037.5614   6.0 1 1 
	       1273.13 4036.56523  4036.5652   4.0 1 1 
	       1288.38 4036.04722  4036.0479   4.0 1 1 
	       1305.65 4035.45964    4035.46   4.0 1 1 
	       1341.15 4034.24758  4034.2461   4.0 1 1 
	       1440.09 4030.84133  4030.8424   4.0 1 1 
	       1455.89 4030.29351  4030.2925   4.0 1 1 
	       1550.14 4027.00416  4027.0091   4.0 1 1 
	       1612.69 4024.80106  4024.8025   4.0 1 1 
	       1737.61 4020.35368  4020.3541   6.0 1 1 
	       1771.79 4019.12586  4019.1289   4.0 1 1 
	       1800.10 4018.10531   4018.099   6.0 1 1 
	       1893.57  4014.7143  4014.7164   6.0 1 1 
	       1916.98 4013.85975  4013.8566   4.0 1 1 
	       1954.10 4012.50075  4012.4952   4.0 1 1 
	       1975.00 4011.73295  4011.7398   6.0 1 1 
	function chebyshev
	order 5
	sample *
	naverage 1
	niterate 2000
	low_reject 3.
	high_reject 3.
	grow 0.
	coefficients	9
		1.
		5.
		26.37351608276367
		1975.001831054687
		4044.627726472891
		-31.89012193548598
		-1.014977841357393
		0.004955222771116699
		0.00536644252330731

