# Tue 22:34:44 07-Sep-2021
begin	identify iazcomp.0009 - Ap 9
	id	iazcomp.0009
	task	identify
	image	iazcomp.0009 - Ap 9
	aperture	9
	aplow	1050.42
	aphigh	1058.43
	units	Angstroms
	features	28
	        148.84 4423.71817  4423.7202   4.0 1 1 
	        201.51  4422.0483  4422.0479   4.0 1 1 
	        217.31 4421.54503  4421.5439   4.0 1 1 
	        381.66 4416.23941   4416.237   4.0 1 1 
	        573.13 4409.89819  4409.8991   4.0 1 1 
	        603.32 4408.88258  4408.8828   4.0 1 1 
	        816.67 4401.58191  4401.5812   4.0 1 1 
	        833.81 4400.98626  4400.9863   4.0 1 1 
	        859.39 4400.09422  4400.0968   4.0 1 1 
	        879.09  4399.4051   4399.406   4.0 1 1 
	        962.21 4396.47773  4396.4783   4.0 1 1 
	       1038.57 4393.75966   4393.759   4.0 1 1 
	       1112.24 4391.11092  4391.1105   4.0 1 1 
	       1277.97 4385.05811  4385.0566   4.0 1 1 
	       1364.11 4381.86085  4381.8601   4.0 1 1 
	       1406.20 4380.28619  4380.2863   4.0 1 1 
	       1422.66 4379.66784  4379.6668   4.0 1 1 
	       1462.22 4378.17711  4378.1768   4.0 1 1 
	       1520.83 4375.95451  4375.9542   4.0 1 1 
	       1611.37 4372.48993    4372.49   4.0 1 1 
	       1641.50 4371.32886   4371.329   4.0 1 1 
	       1656.40 4370.75298  4370.7532   4.0 1 1 
	       1679.08 4369.87446  4369.8756   4.0 1 1 
	       1731.60 4367.83077  4367.8316   4.0 1 1 
	       1780.18 4365.92908  4365.9301   4.0 1 1 
	       1878.03 4362.06591  4362.0662   4.0 1 1 
	       1945.60 4359.37311  4359.3719   4.0 1 1 
	       1989.47 4357.61342  4357.6132   4.0 1 1 
	function chebyshev
	order 5
	sample *
	naverage 1
	niterate 2000
	low_reject 3.
	high_reject 3.
	grow 0.
	coefficients	9
		1.
		5.
		148.839599609375
		1989.47314453125
		4391.662815305711
		-33.05474495600415
		-0.9986094103151116
		0.002371613633288246
		0.001589492654847097

# Fri 10:48:06 11-Mar-2022
begin	identify iazcomp.0009 - Ap 9
	id	iazcomp.0009
	task	identify
	image	iazcomp.0009 - Ap 9
	aperture	9
	aplow	1050.42
	aphigh	1058.43
	units	Angstroms
	features	41
	         61.18 4426.00112  4426.0011   4.0 1 1 
	        133.78 4423.71997  4423.7202   4.0 1 1 
	        186.52 4422.04751  4422.0479   4.0 1 1 
	        202.36   4421.543  4421.5439   4.0 1 1 
	        348.10 4416.84474  4416.8447   4.0 1 1 
	        366.67 4416.23904   4416.237   4.0 1 1 
	        420.08 4414.48775  4414.4863   4.0 1 1 
	        558.14 4409.89986  4409.8991   4.0 1 1 
	        588.40 4408.88221  4408.8828   4.0 1 1 
	        763.04 4402.92547  4402.9271   4.0 1 1 
	        782.71 4402.24569  4402.2452   4.0 1 1 
	        801.89 4401.58098  4401.5812   4.0 1 1 
	        819.02 4400.98568  4400.9863   4.0 1 1 
	        844.60  4400.0941  4400.0968   4.0 1 1 
	        864.35 4399.40378   4399.406   4.0 1 1 
	        947.47 4396.47844  4396.4783   4.0 1 1 
	       1023.87 4393.76029   4393.759   4.0 1 1 
	       1045.77 4392.97607   4392.974   4.0 1 1 
	       1089.85 4391.39102  4391.3893   4.0 1 1 
	       1097.62 4391.11035  4391.1105   4.0 1 1 
	       1263.44 4385.05834  4385.0566   4.0 1 1 
	       1349.65 4381.86094  4381.8601   4.0 1 1 
	       1362.04 4381.39837  4381.4018   4.0 1 1 
	       1391.78  4380.2853  4380.2863   4.0 1 1 
	       1408.23 4379.66791  4379.6668   4.0 1 1 
	       1447.81 4378.17725  4378.1768   4.0 1 1 
	       1506.45 4375.95523  4375.9542   4.0 1 1 
	       1554.49  4374.1227  4374.1239   4.0 1 1 
	       1597.01 4372.49193    4372.49   4.0 1 1 
	       1627.21  4371.3288   4371.329   4.0 1 1 
	       1642.11 4370.75327  4370.7532   4.0 1 1 
	       1664.78 4369.87545  4369.8756   4.0 1 1 
	       1717.34 4367.83151  4367.8316   4.0 1 1 
	       1765.98 4365.92881  4365.9301   4.0 1 1 
	       1820.28   4363.792  4363.7945   4.0 1 1 
	       1863.88 4362.06601  4362.0662   4.0 1 1 
	       1882.93 4361.30961  4361.3071   4.0 1 1 
	       1911.64 4360.16593  4360.1672   4.0 1 1 
	       1931.50  4359.3728  4359.3719   4.0 1 1 
	       1957.81 4358.31929    4358.32   4.0 1 1 
	       1975.37  4357.6143  4357.6132   4.0 1 1 
	function chebyshev
	order 5
	sample *
	naverage 1
	niterate 2000
	low_reject 3.
	high_reject 3.
	grow 0.
	coefficients	9
		1.
		5.
		61.18001556396484
		1975.369506835937
		4392.881903741354
		-34.19419350680131
		-1.076344349852458
		7.863878929474557E-4
		0.002149487610797859

# Tue 15:08:25 29-Mar-2022
begin	identify iazcomp.0009 - Ap 9
	id	iazcomp.0009
	task	identify
	image	iazcomp.0009 - Ap 9
	aperture	9
	aplow	1050.42
	aphigh	1058.43
	units	Angstroms
	features	41
	         61.90 4425.99973  4426.0011   4.0 1 1 
	        134.48 4423.71924  4423.7202   4.0 1 1 
	        187.19 4422.04769  4422.0479   4.0 1 1 
	        202.90 4421.54713  4421.5439   4.0 1 1 
	        348.75 4416.84559  4416.8447   4.0 1 1 
	        367.38 4416.23786   4416.237   4.0 1 1 
	        420.80  4414.4867  4414.4863   4.0 1 1 
	        558.94 4409.89597  4409.8991   4.0 1 1 
	        589.08 4408.88236  4408.8828   4.0 1 1 
	        763.69 4402.92629  4402.9271   4.0 1 1 
	        783.37 4402.24603  4402.2452   4.0 1 1 
	        802.53 4401.58178  4401.5812   4.0 1 1 
	        819.65 4400.98693  4400.9863   4.0 1 1 
	        845.24 4400.09521  4400.0968   4.0 1 1 
	        864.97 4399.40549   4399.406   4.0 1 1 
	        948.17 4396.47683  4396.4783   4.0 1 1 
	       1024.52 4393.76011   4393.759   4.0 1 1 
	       1046.37 4392.97754   4392.974   4.0 1 1 
	       1090.64  4391.3854  4391.3893   4.0 1 1 
	       1098.22 4391.11164  4391.1105   4.0 1 1 
	       1264.04  4385.0587  4385.0566   4.0 1 1 
	       1350.23 4381.86117  4381.8601   4.0 1 1 
	       1362.60 4381.39939  4381.4018   4.0 1 1 
	       1392.32  4380.2869  4380.2863   4.0 1 1 
	       1408.80 4379.66828  4379.6668   4.0 1 1 
	       1448.38 4378.17729  4378.1768   4.0 1 1 
	       1507.03 4375.95459  4375.9542   4.0 1 1 
	       1555.06 4374.12212  4374.1239   4.0 1 1 
	       1597.59 4372.49082    4372.49   4.0 1 1 
	       1627.76 4371.32872   4371.329   4.0 1 1 
	       1642.66 4370.75323  4370.7532   4.0 1 1 
	       1665.35 4369.87463  4369.8756   4.0 1 1 
	       1717.90 4367.83098  4367.8316   4.0 1 1 
	       1766.51 4365.92956  4365.9301   4.0 1 1 
	       1820.79 4363.79341  4363.7945   4.0 1 1 
	       1864.42 4362.06662  4362.0662   4.0 1 1 
	       1883.50   4361.309  4361.3071   4.0 1 1 
	       1912.22 4360.16539  4360.1672   4.0 1 1 
	       1932.07 4359.37254  4359.3719   4.0 1 1 
	       1958.34 4358.32108    4358.32   4.0 1 1 
	       1975.98 4357.61287  4357.6132   4.0 1 1 
	function chebyshev
	order 5
	sample *
	naverage 1
	niterate 2000
	low_reject 3.
	high_reject 3.
	grow 0.
	coefficients	9
		1.
		5.
		61.90266418457031
		1975.98486328125
		4392.880293998454
		-34.19506460414264
		-1.076639183265857
		0.001632123505820118
		0.002642783010020811

# Mon 18:58:38 30-Jan-2023
begin	identify iazcomp.0009 - Ap 9
	id	iazcomp.0009
	task	identify
	image	iazcomp.0009 - Ap 9
	aperture	9
	aplow	1050.42
	aphigh	1058.43
	units	Angstroms
	features	42
	         73.43 4425.99934  4426.0011   4.0 1 1 
	        145.92 4423.72209  4423.7202   4.0 1 1 
	        198.75 4422.04742  4422.0479   4.0 1 1 
	        214.55  4421.5439  4421.5439   4.0 1 1 
	        360.31  4416.8453  4416.8447   4.0 1 1 
	        378.94  4416.2377   4416.237   4.0 1 1 
	        432.33 4414.48729  4414.4863   4.0 1 1 
	        600.60 4408.88227  4408.8828   4.0 1 1 
	        775.19 4402.92572  4402.9271   4.0 1 1 
	        794.85 4402.24581  4402.2452   4.0 1 1 
	        814.01 4401.58147  4401.5812   4.0 1 1 
	        831.16 4400.98554  4400.9863   4.0 1 1 
	        856.73 4400.09416  4400.0968   4.0 1 1 
	        876.40 4399.40628   4399.406   4.0 1 1 
	        959.62  4396.4759  4396.4783   4.0 1 1 
	       1035.95 4393.75936   4393.759   4.0 1 1 
	       1057.81 4392.97614   4392.974   4.0 1 1 
	       1101.95 4391.38796  4391.3893   4.0 1 1 
	       1109.63 4391.11073  4391.1105   4.0 1 1 
	       1192.39 4388.10516  4388.1014   4.0 1 1 
	       1275.39 4385.05835  4385.0566   4.0 1 1 
	       1361.54 4381.86125  4381.8601   4.0 1 1 
	       1373.91 4381.39919  4381.4018   4.0 1 1 
	       1403.62   4380.287  4380.2863   4.0 1 1 
	       1420.11 4379.66776  4379.6668   4.0 1 1 
	       1459.66 4378.17755  4378.1768   4.0 1 1 
	       1503.19  4376.5287  4376.5309   4.0 1 1 
	       1518.29 4375.95483  4375.9542   4.0 1 1 
	       1566.32   4374.122  4374.1239   4.0 1 1 
	       1608.80 4372.49179    4372.49   4.0 1 1 
	       1638.99 4371.32837   4371.329   4.0 1 1 
	       1653.88 4370.75294  4370.7532   4.0 1 1 
	       1676.54 4369.87514  4369.8756   4.0 1 1 
	       1729.10 4367.83066  4367.8316   4.0 1 1 
	       1751.22 4366.96616  4366.9657   4.0 1 1 
	       1777.68 4365.92935  4365.9301   4.0 1 1 
	       1875.55 4362.06616  4362.0662   4.0 1 1 
	       1894.65 4361.30721  4361.3071   4.0 1 1 
	       1923.25 4360.16767  4360.1672   4.0 1 1 
	       1943.17 4359.37171  4359.3719   4.0 1 1 
	       1969.41 4358.32061    4358.32   4.0 1 1 
	       1987.02 4357.61324  4357.6132   4.0 1 1 
	function chebyshev
	order 5
	sample *
	naverage 1
	niterate 2000
	low_reject 3.
	high_reject 3.
	grow 0.
	coefficients	9
		1.
		5.
		73.42864990234374
		1987.01953125
		4392.883096667949
		-34.19480028380859
		-1.07891760697722
		0.001749381618704711
		0.002114077503656324

# Fri 11:53:29 03-Feb-2023
begin	identify iazcomp.0009 - Ap 9
	id	iazcomp.0009
	task	identify
	image	iazcomp.0009 - Ap 9
	aperture	9
	aplow	1050.42
	aphigh	1058.43
	units	Angstroms
	features	42
	         72.04 4425.99919  4426.0011   4.0 1 1 
	        144.57 4423.72086  4423.7202   4.0 1 1 
	        197.34 4422.04797  4422.0479   4.0 1 1 
	        213.11 4421.54563  4421.5439   4.0 1 1 
	        358.93  4416.8458  4416.8447   4.0 1 1 
	        377.61 4416.23641   4416.237   4.0 1 1 
	        430.97 4414.48717  4414.4863   4.0 1 1 
	        599.28 4408.88207  4408.8828   4.0 1 1 
	        773.91 4402.92527  4402.9271   4.0 1 1 
	        793.52 4402.24722  4402.2452   4.0 1 1 
	        812.73  4401.5814  4401.5812   4.0 1 1 
	        829.87  4400.9858  4400.9863   4.0 1 1 
	        855.48 4400.09304  4400.0968   4.0 1 1 
	        875.18 4399.40442   4399.406   4.0 1 1 
	        958.31 4396.47798  4396.4783   4.0 1 1 
	       1034.70  4393.7596   4393.759   4.0 1 1 
	       1056.58 4392.97602   4392.974   4.0 1 1 
	       1100.66 4391.39046  4391.3893   4.0 1 1 
	       1108.40 4391.11086  4391.1105   4.0 1 1 
	       1191.08 4388.10873  4388.1014   4.0 1 0 
	       1274.18 4385.05863  4385.0566   4.0 1 1 
	       1360.35 4381.86153  4381.8601   4.0 1 1 
	       1372.72 4381.39966  4381.4018   4.0 1 1 
	       1402.46 4380.28623  4380.2863   4.0 1 1 
	       1418.92 4379.66838  4379.6668   4.0 1 1 
	       1458.48 4378.17788  4378.1768   4.0 1 1 
	       1502.03  4376.5286  4376.5309   4.0 1 1 
	       1517.13 4375.95469  4375.9542   4.0 1 1 
	       1565.15 4374.12221  4374.1239   4.0 1 1 
	       1607.64 4372.49199    4372.49   4.0 1 1 
	       1637.83 4371.32873   4371.329   4.0 1 1 
	       1652.72 4370.75341  4370.7532   4.0 1 1 
	       1675.40 4369.87509  4369.8756   4.0 1 1 
	       1727.95 4367.83092  4367.8316   4.0 1 1 
	       1750.14 4366.96364  4366.9657   4.0 1 1 
	       1776.54  4365.9292  4365.9301   4.0 1 1 
	       1874.42  4362.0658  4362.0662   4.0 1 1 
	       1893.46 4361.30937  4361.3071   4.0 1 1 
	       1922.10 4360.16798  4360.1672   4.0 1 1 
	       1942.02 4359.37206  4359.3719   4.0 1 1 
	       1968.30 4358.31949    4358.32   4.0 1 1 
	       1985.89 4357.61316  4357.6132   4.0 1 1 
	function chebyshev
	order 5
	sample *
	naverage 1
	niterate 2000
	low_reject 3.
	high_reject 3.
	grow 0.
	coefficients	9
		1.
		5.
		72.03752136230467
		1985.887817382813
		4392.883328826903
		-34.1942475875424
		-1.079311693839883
		0.001233578193316842
		0.002156011141366003

# Mon 14:50:31 06-Feb-2023
begin	identify iazcomp.0009 - Ap 9
	id	iazcomp.0009
	task	identify
	image	iazcomp.0009 - Ap 9
	aperture	9
	aplow	1050.42
	aphigh	1058.43
	units	Angstroms
	features	41
	         69.46 4426.00053  4426.0011   4.0 1 1 
	        142.06 4423.72037  4423.7202   4.0 1 1 
	        194.85 4422.04717  4422.0479   4.0 1 1 
	        210.64 4421.54403  4421.5439   4.0 1 1 
	        356.45 4416.84566  4416.8447   4.0 1 1 
	        375.09 4416.23785   4416.237   4.0 1 1 
	        428.49 4414.48784  4414.4863   4.0 1 1 
	        596.87 4408.88195  4408.8828   4.0 1 1 
	        771.55 4402.92534  4402.9271   4.0 1 1 
	        791.22 4402.24551  4402.2452   4.0 1 1 
	        810.39 4401.58116  4401.5812   4.0 1 1 
	        827.53 4400.98568  4400.9863   4.0 1 1 
	        853.12 4400.09434  4400.0968   4.0 1 1 
	        872.82 4399.40583   4399.406   4.0 1 1 
	        956.04   4396.477  4396.4783   4.0 1 1 
	       1032.42 4393.75994   4393.759   4.0 1 1 
	       1054.30 4392.97658   4392.974   4.0 1 1 
	       1106.15 4391.11101  4391.1105   4.0 1 1 
	       1188.76 4388.11228  4388.1014   4.0 1 0 
	       1271.98 4385.05866  4385.0566   4.0 1 1 
	       1358.18 4381.86123  4381.8601   4.0 1 1 
	       1370.55 4381.39952  4381.4018   4.0 1 1 
	       1400.26  4380.2874  4380.2863   4.0 1 1 
	       1416.75 4379.66849  4379.6668   4.0 1 1 
	       1456.33 4378.17785  4378.1768   4.0 1 1 
	       1499.93 4376.52692  4376.5309   4.0 1 1 
	       1514.99 4375.95482  4375.9542   4.0 1 1 
	       1563.03 4374.12236  4374.1239   4.0 1 1 
	       1605.54 4372.49169    4372.49   4.0 1 1 
	       1635.72 4371.32888   4371.329   4.0 1 1 
	       1650.62 4370.75326  4370.7532   4.0 1 1 
	       1673.30 4369.87518  4369.8756   4.0 1 1 
	       1725.86   4367.831  4367.8316   4.0 1 1 
	       1748.04 4366.96459  4366.9657   4.0 1 1 
	       1774.46 4365.92934  4365.9301   4.0 1 1 
	       1872.38 4362.06547  4362.0662   4.0 1 1 
	       1891.36 4361.31111  4361.3071   4.0 1 1 
	       1920.11 4360.16612  4360.1672   4.0 1 1 
	       1939.99 4359.37183  4359.3719   4.0 1 1 
	       1966.25 4358.32018    4358.32   4.0 1 1 
	       1983.87  4357.6128  4357.6132   4.0 1 1 
	function chebyshev
	order 5
	sample *
	naverage 1
	niterate 2000
	low_reject 3.
	high_reject 3.
	grow 0.
	coefficients	9
		1.
		5.
		69.46113586425781
		1983.868286132812
		4392.883862922791
		-34.19464425955766
		-1.079549875129048
		7.776832524869397E-4
		0.002351048655475108

# Mon 15:25:32 27-Feb-2023
begin	identify iazcomp.0009 - Ap 9
	id	iazcomp.0009
	task	identify
	image	iazcomp.0009 - Ap 9
	aperture	9
	aplow	1050.42
	aphigh	1058.43
	units	Angstroms
	features	36
	         74.44      4426.  4426.0011   4.0 1 1 
	        199.73 4422.04741  4422.0479   4.0 1 1 
	        215.49 4421.54525  4421.5439   4.0 1 1 
	        361.23  4416.8457  4416.8447   4.0 1 1 
	        433.23 4414.48786  4414.4863   4.0 1 1 
	        601.50 4408.88214  4408.8828   4.0 1 1 
	        776.06 4402.92574  4402.9271   4.0 1 1 
	        795.72 4402.24571  4402.2452   4.0 1 1 
	        814.88 4401.58139  4401.5812   4.0 1 1 
	        832.01 4400.98597  4400.9863   4.0 1 1 
	        857.59 4400.09416  4400.0968   4.0 1 1 
	        877.35 4399.40339   4399.406   4.0 1 1 
	        960.46 4396.47686  4396.4783   4.0 1 1 
	       1036.77 4393.76067   4393.759   4.0 1 1 
	       1058.64 4392.97738   4392.974   4.0 1 1 
	       1110.48 4391.11116  4391.1105   4.0 1 1 
	       1276.23 4385.05848  4385.0566   4.0 1 1 
	       1362.36 4381.86177  4381.8601   4.0 1 1 
	       1374.73 4381.39967  4381.4018   4.0 1 1 
	       1404.45 4380.28685  4380.2863   4.0 1 1 
	       1420.92 4379.66859  4379.6668   4.0 1 1 
	       1460.46 4378.17818  4378.1768   4.0 1 1 
	       1504.07 4376.52641  4376.5309   4.0 1 1 
	       1519.10   4375.955  4375.9542   4.0 1 1 
	       1567.11 4374.12258  4374.1239   4.0 1 1 
	       1609.62 4372.49103    4372.49   4.0 1 1 
	       1639.77 4371.32887   4371.329   4.0 1 1 
	       1654.65 4370.75352  4370.7532   4.0 1 1 
	       1677.33 4369.87523  4369.8756   4.0 1 1 
	       1729.85 4367.83129  4367.8316   4.0 1 1 
	       1752.03 4366.96419  4366.9657   4.0 1 1 
	       1778.44 4365.92913  4365.9301   4.0 1 1 
	       1876.30 4362.06517  4362.0662   4.0 1 1 
	       1895.28  4361.3107  4361.3071   4.0 1 1 
	       1943.86 4359.37202  4359.3719   4.0 1 1 
	       1987.72 4357.61263  4357.6132   4.0 1 1 
	function chebyshev
	order 5
	sample *
	naverage 1
	niterate 2000
	low_reject 3.
	high_reject 3.
	grow 0.
	coefficients	9
		1.
		5.
		74.44100189208984
		1987.71728515625
		4392.883197631083
		-34.19429649818489
		-1.078959795491221
		6.149651097054018E-4
		0.002076076367053211

# Tue 13:40:00 16-May-2023
begin	identify iazcomp.0009 - Ap 9
	id	iazcomp.0009
	task	identify
	image	iazcomp.0009 - Ap 9
	aperture	9
	aplow	1050.42
	aphigh	1058.43
	units	Angstroms
	features	36
	         73.61 4426.00011  4426.0011   4.0 1 1 
	        198.94  4422.0477  4422.0479   4.0 1 1 
	        214.70 4421.54527  4421.5439   4.0 1 1 
	        360.52 4416.84468  4416.8447   4.0 1 1 
	        432.49 4414.48801  4414.4863   4.0 1 1 
	        600.79 4408.88217  4408.8828   4.0 1 1 
	        775.38 4402.92538  4402.9271   4.0 1 1 
	        795.03 4402.24596  4402.2452   4.0 1 1 
	        814.20 4401.58113  4401.5812   4.0 1 1 
	        831.33  4400.9857  4400.9863   4.0 1 1 
	        856.90 4400.09442  4400.0968   4.0 1 1 
	        876.61 4399.40539   4399.406   4.0 1 1 
	        959.77 4396.47726  4396.4783   4.0 1 1 
	       1036.12 4393.76005   4393.759   4.0 1 1 
	       1057.98 4392.97702   4392.974   4.0 1 1 
	       1109.82 4391.11074  4391.1105   4.0 1 1 
	       1275.57 4385.05857  4385.0566   4.0 1 1 
	       1361.73 4381.86151  4381.8601   4.0 1 1 
	       1374.09 4381.39966  4381.4018   4.0 1 1 
	       1403.84 4380.28591  4380.2863   4.0 1 1 
	       1420.28 4379.66849  4379.6668   4.0 1 1 
	       1459.84 4378.17779  4378.1768   4.0 1 1 
	       1503.42 4376.52709  4376.5309   4.0 1 1 
	       1518.46 4375.95541  4375.9542   4.0 1 1 
	       1566.48 4374.12302  4374.1239   4.0 1 1 
	       1609.02 4372.49048    4372.49   4.0 1 1 
	       1639.17 4371.32869   4371.329   4.0 1 1 
	       1654.06 4370.75321  4370.7532   4.0 1 1 
	       1676.72 4369.87547  4369.8756   4.0 1 1 
	       1729.26 4367.83099  4367.8316   4.0 1 1 
	       1751.41 4366.96545  4366.9657   4.0 1 1 
	       1777.84 4365.92967  4365.9301   4.0 1 1 
	       1875.70 4362.06621  4362.0662   4.0 1 1 
	       1894.76 4361.30887  4361.3071   4.0 1 1 
	       1943.31 4359.37173  4359.3719   4.0 1 1 
	       1987.16 4357.61291  4357.6132   4.0 1 1 
	function chebyshev
	order 5
	sample *
	naverage 1
	niterate 2000
	low_reject 3.
	high_reject 3.
	grow 0.
	coefficients	9
		1.
		5.
		73.60827636718749
		1987.156127929688
		4392.883892823638
		-34.19477462236884
		-1.079344670937485
		0.001174958532515504
		0.001958756315097862

# Mon 15:28:16 14-Aug-2023
begin	identify iazcomp.0009 - Ap 9
	id	iazcomp.0009
	task	identify
	image	iazcomp.0009 - Ap 9
	aperture	9
	aplow	1050.42
	aphigh	1058.43
	units	Angstroms
	features	36
	         77.36  4425.9999  4426.0011   4.0 1 1 
	        202.62 4422.04765  4422.0479   4.0 1 1 
	        218.37 4421.54576  4421.5439   4.0 1 1 
	        364.12 4416.84513  4416.8447   4.0 1 1 
	        436.10 4414.48726  4414.4863   4.0 1 1 
	        604.33 4408.88158  4408.8828   4.0 1 1 
	        778.83 4402.92566  4402.9271   4.0 1 1 
	        798.46 4402.24646  4402.2452   4.0 1 1 
	        817.64 4401.58128  4401.5812   4.0 1 1 
	        834.77 4400.98569  4400.9863   4.0 1 1 
	        860.33 4400.09438  4400.0968   4.0 1 1 
	        880.00 4399.40641   4399.406   4.0 1 1 
	        963.19 4396.47602  4396.4783   4.0 1 1 
	       1039.48 4393.75991   4393.759   4.0 1 1 
	       1061.33 4392.97686   4392.974   4.0 1 1 
	       1113.15 4391.11083  4391.1105   4.0 1 1 
	       1278.84 4385.05861  4385.0566   4.0 1 1 
	       1364.96 4381.86154  4381.8601   4.0 1 1 
	       1377.33 4381.39941  4381.4018   4.0 1 1 
	       1407.04 4380.28651  4380.2863   4.0 1 1 
	       1423.49 4379.66889  4379.6668   4.0 1 1 
	       1463.05 4378.17758  4378.1768   4.0 1 1 
	       1506.62 4376.52681  4376.5309   4.0 1 1 
	       1521.65 4375.95526  4375.9542   4.0 1 1 
	       1569.64 4374.12296  4374.1239   4.0 1 1 
	       1612.16 4372.49071    4372.49   4.0 1 1 
	       1642.30  4371.3287   4371.329   4.0 1 1 
	       1657.20 4370.75289  4370.7532   4.0 1 1 
	       1679.85 4369.87514  4369.8756   4.0 1 1 
	       1732.37 4367.83117  4367.8316   4.0 1 1 
	       1754.50  4366.9662  4366.9657   4.0 1 1 
	       1780.95 4365.92927  4365.9301   4.0 1 1 
	       1878.79 4362.06569  4362.0662   4.0 1 1 
	       1897.82 4361.30916  4361.3071   4.0 1 1 
	       1946.36 4359.37208  4359.3719   4.0 1 1 
	       1990.21 4357.61271  4357.6132   4.0 1 1 
	function chebyshev
	order 5
	sample *
	naverage 1
	niterate 2000
	low_reject 3.
	high_reject 3.
	grow 0.
	coefficients	9
		1.
		5.
		77.36334228515625
		1990.2138671875
		4392.88275666985
		-34.19497482686192
		-1.078624177307961
		0.001381800214103752
		0.00217140725663869

# Mon 16:08:31 14-Aug-2023
begin	identify iazcomp.0009 - Ap 9
	id	iazcomp.0009
	task	identify
	image	iazcomp.0009 - Ap 9
	aperture	9
	aplow	1050.42
	aphigh	1058.43
	units	Angstroms
	features	36
	         77.30 4426.00033  4426.0011   4.0 1 1 
	        202.61 4422.04714  4422.0479   4.0 1 1 
	        218.35 4421.54521  4421.5439   4.0 1 1 
	        364.09 4416.84601  4416.8447   4.0 1 1 
	        436.11 4414.48709  4414.4863   4.0 1 1 
	        604.37 4408.88164  4408.8828   4.0 1 1 
	        778.91 4402.92537  4402.9271   4.0 1 1 
	        798.57 4402.24545  4402.2452   4.0 1 1 
	        817.72 4401.58155  4401.5812   4.0 1 1 
	        834.85 4400.98595  4400.9863   4.0 1 1 
	        860.43 4400.09423  4400.0968   4.0 1 1 
	        880.08 4399.40711   4399.406   4.0 1 1 
	        963.30 4396.47632  4396.4783   4.0 1 1 
	       1039.62 4393.75993   4393.759   4.0 1 1 
	       1061.46 4392.97728   4392.974   4.0 1 1 
	       1113.31 4391.11073  4391.1105   4.0 1 1 
	       1279.04 4385.05841  4385.0566   4.0 1 1 
	       1365.18 4381.86122  4381.8601   4.0 1 1 
	       1377.54 4381.39937  4381.4018   4.0 1 1 
	       1407.28 4380.28594  4380.2863   4.0 1 1 
	       1423.71 4379.66886  4379.6668   4.0 1 1 
	       1463.28 4378.17756  4378.1768   4.0 1 1 
	       1506.86 4376.52648  4376.5309   4.0 1 1 
	       1521.89 4375.95512  4375.9542   4.0 1 1 
	       1569.90 4374.12264  4374.1239   4.0 1 1 
	       1612.40 4372.49177    4372.49   4.0 1 1 
	       1642.56 4371.32906   4371.329   4.0 1 1 
	       1657.45 4370.75336  4370.7532   4.0 1 1 
	       1680.13 4369.87492  4369.8756   4.0 1 1 
	       1732.64 4367.83144  4367.8316   4.0 1 1 
	       1754.77 4366.96639  4366.9657   4.0 1 1 
	       1781.24 4365.92907  4365.9301   4.0 1 1 
	       1879.09  4362.0655  4362.0662   4.0 1 1 
	       1898.13 4361.30887  4361.3071   4.0 1 1 
	       1946.67 4359.37164  4359.3719   4.0 1 1 
	       1990.51 4357.61313  4357.6132   4.0 1 1 
	function chebyshev
	order 5
	sample *
	naverage 1
	niterate 2000
	low_reject 3.
	high_reject 3.
	grow 0.
	coefficients	9
		1.
		5.
		77.29531860351561
		1990.511474609375
		4392.883383350089
		-34.19459118326563
		-1.078745774219799
		9.935977605520964E-4
		0.00209436043342901

