# Tue 22:47:49 07-Sep-2021
begin	identify iazcomp.0046 - Ap 46
	id	iazcomp.0046
	task	identify
	image	iazcomp.0046 - Ap 46
	aperture	46
	aplow	1572.05
	aphigh	1578.83
	units	Angstroms
	features	15
	        143.42 8143.13641   8143.138   4.0 1 1 
	        198.64 8139.90747  8139.9032   4.0 1 1 
	        223.06 8138.47137  8138.4753   4.0 1 1 
	        542.90 8119.18468  8119.1811   4.0 1 1 
	        939.32 8094.05303  8094.0559   4.0 1 1 
	        967.13 8092.23853  8092.2373   4.0 1 1 
	       1073.83 8085.21669   8085.219   4.0 1 1 
	       1407.35 8062.62963  8062.6304   4.0 1 1 
	       1540.96 8053.31041  8053.3085   4.0 1 1 
	       1578.72  8050.6481   8050.648   4.0 1 1 
	       1642.58 8046.11811  8046.1169   4.0 1 1 
	       1766.61 8037.21878  8037.2183   4.0 1 1 
	       1832.57 8032.43167  8032.4313   4.0 1 1 
	       1863.14 8030.19995  8030.2004   4.0 1 1 
	       1944.09 8024.25177   8024.253   4.0 1 1 
	function chebyshev
	order 4
	sample *
	naverage 1
	niterate 2000
	low_reject 3.
	high_reject 3.
	grow 0.
	coefficients	8
		1.
		4.
		143.4208221435547
		1944.086059570312
		8085.449982544516
		-59.44083816359444
		-1.755890950339726
		-0.0014788994452414

# Fri 11:14:38 11-Mar-2022
begin	identify iazcomp.0046 - Ap 46
	id	iazcomp.0046
	task	identify
	image	iazcomp.0046 - Ap 46
	aperture	46
	aplow	1572.05
	aphigh	1578.83
	units	Angstroms
	features	17
	        127.08 8143.14223   8143.138   4.0 1 1 
	        206.86 8138.47153  8138.4753   4.0 1 1 
	        469.26 8122.72033  8122.7234   4.0 1 1 
	        923.36 8094.05444  8094.0559   4.0 1 1 
	        929.92 8093.62707  8093.6238   4.0 1 1 
	        951.24 8092.23597  8092.2373   4.0 1 1 
	        993.16 8089.48971  8089.4852   4.0 1 1 
	       1057.89 8085.21924   8085.219   4.0 1 1 
	       1391.60 8062.62777  8062.6304   4.0 1 1 
	       1525.25 8053.30949  8053.3085   4.0 1 1 
	       1563.01 8050.64876   8050.648   4.0 1 1 
	       1626.94 8046.11611  8046.1169   4.0 1 1 
	       1751.04 8037.21653  8037.2183   4.0 1 1 
	       1817.04 8032.42975  8032.4313   4.0 1 1 
	       1847.65 8030.19658  8030.2004   4.0 1 1 
	       1908.46 8025.73662  8025.7271   4.0 1 1 
	       1928.63 8024.24967   8024.253   4.0 1 1 
	function chebyshev
	order 4
	sample *
	naverage 1
	niterate 2000
	low_reject 3.
	high_reject 3.
	grow 0.
	coefficients	8
		1.
		4.
		127.083480834961
		1928.632202148438
		8085.450481748921
		-59.44652335106374
		-1.754529482448964
		2.453219073318700E-4

# Tue 15:32:41 29-Mar-2022
begin	identify iazcomp.0046 - Ap 46
	id	iazcomp.0046
	task	identify
	image	iazcomp.0046 - Ap 46
	aperture	46
	aplow	1572.05
	aphigh	1578.83
	units	Angstroms
	features	16
	        127.78 8143.14056   8143.138   4.0 1 1 
	        207.51 8138.47214  8138.4753   4.0 1 1 
	        469.86 8122.72325  8122.7234   4.0 1 1 
	        923.97 8094.05412  8094.0559   4.0 1 1 
	        930.58 8093.62363  8093.6238   4.0 1 1 
	        951.74 8092.24277  8092.2373   4.0 1 1 
	        993.84 8089.48454  8089.4852   4.0 1 1 
	       1058.51 8085.21809   8085.219   4.0 1 1 
	       1392.20 8062.62658  8062.6304   4.0 1 1 
	       1525.82 8053.31041  8053.3085   4.0 1 1 
	       1563.58 8050.64961   8050.648   4.0 1 1 
	       1627.53 8046.11625  8046.1169   4.0 1 1 
	       1751.61 8037.21793  8037.2183   4.0 1 1 
	       1817.59 8032.43276  8032.4313   4.0 1 1 
	       1848.21 8030.19845  8030.2004   4.0 1 1 
	       1929.17 8024.25361   8024.253   4.0 1 1 
	function chebyshev
	order 4
	sample *
	naverage 1
	niterate 2000
	low_reject 3.
	high_reject 3.
	grow 0.
	coefficients	8
		1.
		4.
		127.7807998657227
		1929.17431640625
		8085.450440539009
		-59.44403763481527
		-1.753355734809299
		5.586856081628948E-4

# Mon 19:16:33 30-Jan-2023
begin	identify iazcomp.0046 - Ap 46
	id	iazcomp.0046
	task	identify
	image	iazcomp.0046 - Ap 46
	aperture	46
	aplow	1572.05
	aphigh	1578.83
	units	Angstroms
	features	20
	         26.70 8149.70632  8149.7021   4.0 1 1 
	        140.57 8143.13649   8143.138   4.0 1 1 
	        195.91 8139.90306  8139.9032   4.0 1 1 
	        220.30 8138.46932  8138.4753   4.0 1 1 
	        482.68 8122.72116  8122.7234   4.0 1 1 
	        540.22 8119.18728  8119.1811   4.0 1 1 
	        936.71 8094.05614  8094.0559   4.0 1 1 
	        943.36 8093.62306  8093.6238   4.0 1 1 
	        964.54 8092.24119  8092.2373   4.0 1 1 
	       1006.62 8089.48379  8089.4852   4.0 1 1 
	       1071.28  8085.2167   8085.219   4.0 1 1 
	       1404.83 8062.62911  8062.6304   4.0 1 1 
	       1520.97 8054.53874  8054.5355   4.0 1 1 
	       1538.47 8053.30943  8053.3085   4.0 1 1 
	       1576.25 8050.64623   8050.648   4.0 1 1 
	       1640.13 8046.11605  8046.1169   4.0 1 1 
	       1764.17 8037.21721  8037.2183   4.0 1 1 
	       1830.14 8032.43104  8032.4313   4.0 1 1 
	       1860.72 8030.19916  8030.2004   4.0 1 1 
	       1941.64 8024.25513   8024.253   4.0 1 1 
	function chebyshev
	order 4
	sample *
	naverage 1
	niterate 2000
	low_reject 3.
	high_reject 3.
	grow 0.
	coefficients	8
		1.
		4.
		26.69532585144043
		1941.636352539063
		8088.968783579664
		-62.72663426317719
		-1.98806234730258
		0.001039669730210596

# Fri 11:54:40 03-Feb-2023
begin	identify iazcomp.0046 - Ap 46
	id	iazcomp.0046
	task	identify
	image	iazcomp.0046 - Ap 46
	aperture	46
	aplow	1572.05
	aphigh	1578.83
	units	Angstroms
	features	20
	         25.55 8149.69956  8149.7021   4.0 1 1 
	        139.19 8143.14111   8143.138   4.0 1 1 
	        194.54 8139.90615  8139.9032   4.0 1 1 
	        218.95 8138.47142  8138.4753   4.0 1 1 
	        481.28 8122.72408  8122.7234   4.0 1 1 
	        538.94 8119.18305  8119.1811   4.0 1 1 
	        935.46 8094.05375  8094.0559   4.0 1 1 
	        942.09 8093.62198  8093.6238   4.0 1 1 
	        963.29 8092.23872  8092.2373   4.0 1 1 
	       1005.32 8089.48487  8089.4852   4.0 1 1 
	       1070.00 8085.21767   8085.219   4.0 1 1 
	       1403.63 8062.62995  8062.6304   4.0 1 1 
	       1519.83   8054.536  8054.5355   4.0 1 1 
	       1537.27 8053.31088  8053.3085   4.0 1 1 
	       1575.07 8050.64755   8050.648   4.0 1 1 
	       1638.94 8046.11804  8046.1169   4.0 1 1 
	       1763.01 8037.21855  8037.2183   4.0 1 1 
	       1828.98 8032.43199  8032.4313   4.0 1 1 
	       1859.57 8030.19916  8030.2004   4.0 1 1 
	       1940.53 8024.25212   8024.253   4.0 1 1 
	function chebyshev
	order 4
	sample *
	naverage 1
	niterate 2000
	low_reject 3.
	high_reject 3.
	grow 0.
	coefficients	8
		1.
		4.
		25.55414962768555
		1940.527221679687
		8088.961268982982
		-62.72255515788283
		-1.985428566379814
		-0.001161933938173232

# Mon 14:52:17 06-Feb-2023
begin	identify iazcomp.0046 - Ap 46
	id	iazcomp.0046
	task	identify
	image	iazcomp.0046 - Ap 46
	aperture	46
	aplow	1572.05
	aphigh	1578.83
	units	Angstroms
	features	19
	        136.68 8143.13867   8143.138   4.0 1 1 
	        192.00 8139.90719  8139.9032   4.0 1 1 
	        216.45 8138.47055  8138.4753   4.0 1 1 
	        478.99 8122.71782  8122.7234   4.0 1 1 
	        536.51 8119.18698  8119.1811   4.0 1 1 
	        933.18 8094.05415  8094.0559   4.0 1 1 
	        939.79 8093.62389  8093.6238   4.0 1 1 
	        961.01 8092.23988  8092.2373   4.0 1 1 
	       1003.04 8089.48684  8089.4852   4.0 1 1 
	       1067.78 8085.21654   8085.219   4.0 1 1 
	       1401.48 8062.62863  8062.6304   4.0 1 1 
	       1517.70 8054.53538  8054.5355   4.0 1 1 
	       1535.16 8053.30928  8053.3085   4.0 1 1 
	       1572.92 8050.64878   8050.648   4.0 1 1 
	       1636.84 8046.11706  8046.1169   4.0 1 1 
	       1760.93 8037.21905  8037.2183   4.0 1 1 
	       1826.93 8032.43173  8032.4313   4.0 1 1 
	       1857.54  8030.1985  8030.2004   4.0 1 1 
	       1938.50  8024.2536   8024.253   4.0 1 1 
	function chebyshev
	order 4
	sample *
	naverage 1
	niterate 2000
	low_reject 3.
	high_reject 3.
	grow 0.
	coefficients	8
		1.
		4.
		136.6786804199219
		1938.500366210938
		8085.454272146337
		-59.44293312115567
		-1.758137769379032
		3.999203434279533E-4

# Mon 15:31:54 27-Feb-2023
begin	identify iazcomp.0046 - Ap 46
	id	iazcomp.0046
	task	identify
	image	iazcomp.0046 - Ap 46
	aperture	46
	aplow	1572.05
	aphigh	1578.83
	units	Angstroms
	features	15
	        141.57  8143.1345   8143.138   4.0 1 1 
	        196.68 8139.91235  8139.9032   4.0 1 1 
	        221.18 8138.47171  8138.4753   4.0 1 1 
	        483.55 8122.71625  8122.7234   4.0 1 1 
	        541.03 8119.18465  8119.1811   4.0 1 1 
	        937.42 8094.05398  8094.0559   4.0 1 1 
	        965.17 8092.24356  8092.2373   4.0 1 1 
	       1071.93   8085.217   8085.219   4.0 1 1 
	       1539.10 8053.30887  8053.3085   4.0 1 1 
	       1576.88 8050.64631   8050.648   4.0 1 1 
	       1640.74 8046.11665  8046.1169   4.0 1 1 
	       1764.76 8037.21904  8037.2183   4.0 1 1 
	       1830.73 8032.43206  8032.4313   4.0 1 1 
	       1861.34 8030.19853  8030.2004   4.0 1 1 
	       1942.25 8024.25413   8024.253   4.0 1 1 
	function chebyshev
	order 4
	sample *
	naverage 1
	niterate 2000
	low_reject 3.
	high_reject 3.
	grow 0.
	coefficients	8
		1.
		4.
		141.5669555664063
		1942.251953125
		8085.448728453437
		-59.43999082080847
		-1.754412837472167
		-1.939279839243271E-4

# Tue 13:41:23 16-May-2023
begin	identify iazcomp.0046 - Ap 46
	id	iazcomp.0046
	task	identify
	image	iazcomp.0046 - Ap 46
	aperture	46
	aplow	1572.05
	aphigh	1578.83
	units	Angstroms
	features	15
	        140.69 8143.14153   8143.138   4.0 1 1 
	        196.14  8139.9003  8139.9032   4.0 1 1 
	        220.39 8138.47464  8138.4753   4.0 1 1 
	        482.86 8122.71652  8122.7234   4.0 1 1 
	        540.30  8119.1881  8119.1811   4.0 1 1 
	        936.76 8094.05577  8094.0559   4.0 1 1 
	        964.63 8092.23809  8092.2373   4.0 1 1 
	       1071.29 8085.21854   8085.219   4.0 1 1 
	       1538.51 8053.30919  8053.3085   4.0 1 1 
	       1576.27 8050.64802   8050.648   4.0 1 1 
	       1640.18 8046.11537  8046.1169   4.0 1 1 
	       1764.19  8037.2191  8037.2183   4.0 1 1 
	       1830.18 8032.43088  8032.4313   4.0 1 1 
	       1860.76 8030.19947  8030.2004   4.0 1 1 
	       1941.69 8024.25409   8024.253   4.0 1 1 
	function chebyshev
	order 4
	sample *
	naverage 1
	niterate 2000
	low_reject 3.
	high_reject 3.
	grow 0.
	coefficients	8
		1.
		4.
		140.6906433105469
		1941.691284179688
		8085.453675867716
		-59.4438615500121
		-1.755865442284449
		1.438581686466488E-4

# Mon 15:29:55 14-Aug-2023
begin	identify iazcomp.0046 - Ap 46
	id	iazcomp.0046
	task	identify
	image	iazcomp.0046 - Ap 46
	aperture	46
	aplow	1572.05
	aphigh	1578.83
	units	Angstroms
	features	15
	        144.43 8143.13666   8143.138   4.0 1 1 
	        199.68 8139.90584  8139.9032   4.0 1 1 
	        224.02   8138.474  8138.4753   4.0 1 1 
	        486.31 8122.71977  8122.7234   4.0 1 1 
	        543.81 8119.18611  8119.1811   4.0 1 1 
	        940.15 8094.05458  8094.0559   4.0 1 1 
	        968.01 8092.23658  8092.2373   4.0 1 1 
	       1074.62 8085.21863   8085.219   4.0 1 1 
	       1541.69 8053.31036  8053.3085   4.0 1 1 
	       1579.44 8050.64885   8050.648   4.0 1 1 
	       1643.33 8046.11617  8046.1169   4.0 1 1 
	       1767.32 8037.21848  8037.2183   4.0 1 1 
	       1833.28 8032.43038  8032.4313   4.0 1 1 
	       1863.84 8030.19912  8030.2004   4.0 1 1 
	       1944.73 8024.25407   8024.253   4.0 1 1 
	function chebyshev
	order 4
	sample *
	naverage 1
	niterate 2000
	low_reject 3.
	high_reject 3.
	grow 0.
	coefficients	8
		1.
		4.
		144.4302673339844
		1944.733764648438
		8085.450704811311
		-59.44031882381339
		-1.755340214465039
		-9.793253539906870E-4

# Mon 16:10:10 14-Aug-2023
begin	identify iazcomp.0046 - Ap 46
	id	iazcomp.0046
	task	identify
	image	iazcomp.0046 - Ap 46
	aperture	46
	aplow	1572.05
	aphigh	1578.83
	units	Angstroms
	features	15
	        144.42 8143.13746   8143.138   4.0 1 1 
	        199.67 8139.90686  8139.9032   4.0 1 1 
	        224.07 8138.47226  8138.4753   4.0 1 1 
	        486.41 8122.71776  8122.7234   4.0 1 1 
	        543.87 8119.18764  8119.1811   4.0 1 1 
	        940.29 8094.05441  8094.0559   4.0 1 1 
	        968.15 8092.23695  8092.2373   4.0 1 1 
	       1074.76 8085.21985   8085.219   4.0 1 1 
	       1541.92 8053.30974  8053.3085   4.0 1 1 
	       1579.73 8050.64486   8050.648   4.0 1 1 
	       1643.54 8046.11837  8046.1169   4.0 1 1 
	       1767.56 8037.21989  8037.2183   4.0 1 1 
	       1833.55 8032.43128  8032.4313   4.0 1 1 
	       1864.13 8030.19915  8030.2004   4.0 1 1 
	       1945.06 8024.25311   8024.253   4.0 1 1 
	function chebyshev
	order 4
	sample *
	naverage 1
	niterate 2000
	low_reject 3.
	high_reject 3.
	grow 0.
	coefficients	8
		1.
		4.
		144.4182586669922
		1945.057861328125
		8085.450504227562
		-59.44188579191428
		-1.755216840336119
		-2.908796986331634E-4

